# domain type
Polygonal
# nodal coordinates: number of nodes followed by the coordinates
322
1.0000000000000000 1.0000000000000000
1.0000000000000000 0.9420054566270287
0.9051520762288113 1.0000000000000000
0.9073641765725325 0.9419221306267959
0.9320996447023115 0.8691194208367488
0.9273757266761893 0.9258563946580513
1.0000000000000000 0.8567427035653613
1.0000000000000000 0.8008293453797153
0.8181496029136379 1.0000000000000000
0.8499899083727380 0.9161959259429430
0.8181410614170600 0.9361079221863320
0.9189709023662803 0.7878409275860061
0.8548804692132945 0.8614709491785553
0.9172618539309798 0.7889864835915573
0.9078367307342796 0.8457492869567900
0.9373170710203984 0.7244529443453575
1.0000000000000000 0.7190243477388774
1.0000000000000000 0.6491666023379498
0.7751312441930767 0.9157589753048414
0.7319738932784263 0.9426675440652273
0.7311291055358964 1.0000000000000000
1.0000000000000000 0.5697674912026759
0.9404770180271933 0.5696776446916247
0.6464853698821299 1.0000000000000000
0.8259417611455218 0.8382229689397915
0.7684646220483395 0.8553405470732884
0.8599407230457390 0.7044545265511625
0.9097770736000426 0.6923230991761675
0.8534202798103778 0.7674815637461921
0.8320887663985520 0.7804845030489389
0.9246272201092266 0.6463845952677494
0.9114830034391969 0.6217947044469851
0.6940883660856002 0.8651077973228174
0.6864253619110586 0.9127978384765897
0.7599062940492607 0.8499120861389231
0.6474945078553036 0.9316953212820750
1.0000000000000000 0.4887808143906702
0.9127459001076165 0.5281583787025164
0.9291936598696361 0.4892336952846266
0.8521340321712473 0.5402966574990181
0.8638949744432247 0.6105382808131482
0.5645974707100391 1.0000000000000000
0.6078293778485334 0.9106851805792165
0.5630350029080380 0.9397757351340721
0.7755849020685173 0.7574070227645466
0.7449931895521011 0.7816175038762699
0.7745362131698570 0.7096864854869069
0.8280473486409872 0.6362691925638897
0.8298904031880023 0.6819457921976161
0.6024951129544585 0.8672095621255550
0.6421891670800013 0.8308769742541084
0.7041124932645256 0.7743675196249182
0.6654391286922657 0.8325937282037492
0.4787364808784713 1.0000000000000000
0.3960408581378944 1.0000000000000000
0.3149603240198947 1.0000000000000000
0.2360584835983331 1.0000000000000000
0.9110695895808427 0.4550570072389986
0.9388743670262573 0.4074384097778255
1.0000000000000000 0.4063479304403871
1.0000000000000000 0.3231779949556874
1.0000000000000000 0.2467101358298387
0.8428431507110425 0.5347093287194888
0.8320417436649745 0.4729641160177669
0.8606433847642430 0.4473394026370817
0.7837195751087769 0.6130238209347910
0.7835014795990882 0.5558093284629236
0.5184205687713751 0.9147546521258353
0.4796146980021498 0.9374405496281332
0.5202780027925282 0.8642706698707620
0.5529861731181087 0.8453376621599347
0.7366298238302926 0.6825057834452751
0.6947736821585413 0.6998121056934011
0.6817685556639292 0.7396389034615395
0.7427028833419255 0.6343506957960854
0.6082495888217694 0.7744780263314646
0.5568231890336651 0.7870494119555885
0.6215216845098299 0.7478916237650853
0.7565403735067271 0.5380925258695667
0.4351907535920129 0.9132074303969110
0.3968140173914734 0.9346889684490667
0.3530523414855862 0.9119253203220979
0.3155827532578758 0.9321344049200035
0.2728633349235341 0.9110548997724843
0.2341648114238997 0.9322787135981370
0.1955287772503822 0.9140831914939639
0.1542834829036056 0.9394096160329742
0.1518198267998973 1.0000000000000000
0.0761939886346258 1.0000000000000000
0.0000000000000000 1.0000000000000000
0.8463113275423323 0.3805610010811895
0.9082149922957443 0.3599122400663909
0.9197673932554813 0.3275120770445971
0.9015016498932859 0.2907568153732269
0.9282534614347933 0.2431408806127607
0.9069443995589346 0.1987850372045427
0.9342248841459763 0.1601614920905909
1.0000000000000000 0.1592997134757030
1.0000000000000000 0.0775465816107272
1.0000000000000000 0.0000000000000000
0.7802994673035543 0.4596497042863296
0.7513677550705868 0.4871535494139910
0.8262732705730167 0.3701644434641616
0.7697410471507978 0.4088009023113606
0.6970977050731003 0.6006342373933172
0.7019714876801999 0.5631231649510068
0.4370264494491595 0.8611735083044091
0.4752337298088744 0.8401722189092943
0.5298708918119330 0.7664236126099883
0.4770389496127717 0.7886341013543436
0.5929281503449169 0.6899857426361401
0.6514531239093313 0.6255244377796542
0.6469934475783828 0.6556332309597190
0.5857765414909518 0.6881119365303295
0.5295845808489855 0.7226043318319444
0.6645604949786814 0.5262315606326768
0.6904779265851348 0.4703407872080913
0.3550255509959426 0.8566079600097612
0.3930653201840248 0.8367763379043455
0.3117122235027634 0.8333457630162374
0.2729801648231726 0.8539757246564821
0.1885450230987626 0.8581649312696340
0.2309521903257810 0.8330156216782661
0.1556914164747347 0.8441743395966539
0.0973828820821012 0.9051649657014317
0.0978987279745649 0.8924603902059320
0.0727235486883333 0.9288150302808050
0.0000000000000000 0.9216452316301326
0.8129972535728160 0.3260984932358243
0.8445679674546563 0.2831448981439352
0.8559579530892740 0.1942095249985211
0.8259271657325594 0.2382545674362191
0.8363078502647632 0.1552136548152342
0.9046086280904553 0.0962110631502069
0.8694237337801022 0.0993352598887332
0.9207127159583867 0.0774944757401685
0.9133374933262337 0.0000000000000000
0.6777015432630097 0.4419135786820919
0.7317952162725934 0.3908912502390605
0.7208716706580093 0.3548096973532000
0.7548817667566943 0.3114279778795814
0.6074316561925432 0.5867991029488129
0.6247491370037154 0.5324074321106789
0.3963183305899856 0.7827432317927048
0.4421729706691250 0.7637316668266946
0.4468276633000563 0.7125045738679234
0.4884221161767015 0.6935289819990089
0.5635632891520487 0.5995949393917228
0.5518128791497280 0.6291146330441356
0.4949654756164928 0.6454953522386747
0.6549574251446396 0.4326052531036439
0.5920350182482129 0.4996613342290609
0.5969193142193199 0.4625492746353946
0.3607950622754246 0.7588625302693933
0.3137539440497683 0.7772467645772406
0.2285109129882194 0.7742411402750711
0.2830517920502564 0.7566643284076272
0.2111308099018363 0.7621792059603023
0.1559601437480358 0.7712796906056532
0.1391413355364985 0.8014980686585587
0.0607930537040992 0.8446966822032179
0.0810551334466854 0.8009662358857281
0.0000000000000000 0.8513418812635893
0.7411684035489474 0.2691548290553385
0.7715696380760875 0.2314771512426300
0.7524271118991851 0.1771763989023525
0.7810039604157065 0.1461566299548410
0.7685999644384187 0.0882888416835576
0.8290860105523254 0.0617202934612410
0.8343964684042339 0.0000000000000000
0.6622193379338762 0.3375658829740373
0.6338827586561590 0.3752918418605496
0.6867770562201594 0.2579276608198332
0.6536465301137182 0.3079033111687751
0.5251081222516677 0.5515063324825650
0.5333446960954638 0.5199770871018790
0.4057097186984623 0.6848165315320499
0.3651381951796192 0.7030036212253142
0.4118067983648465 0.6335681738044137
0.4637249079316947 0.6155728240756921
0.4707722543946474 0.5723404448872951
0.5802871769299093 0.3725765088344969
0.5572722231167984 0.4227767174079931
0.5010721544850474 0.4797717102095496
0.5179548196384590 0.4300433197761711
0.3231619103038456 0.6778406975698346
0.2856209308791663 0.6958847632672114
0.2407446232928753 0.6739687934222928
0.2094920710349978 0.6927371629537971
0.1620049621698600 0.6787667475263375
0.1289016205402423 0.7223275479797902
0.0860102722472763 0.7198497190521126
0.0600174568936025 0.7648299991473756
0.0000000000000000 0.7630005168285985
0.7032876270545957 0.1711409483668025
0.6714392629545974 0.2245769616740478
0.6847686645599884 0.1408032299932024
0.7435385668882039 0.0737685195903742
0.6994814892712359 0.0900486782839769
0.7425850974236885 0.0000000000000000
0.6211211905913909 0.2151932246858181
0.5585371010013143 0.3366947010044801
0.5866275006650636 0.2843255927188925
0.5810894690598737 0.2664561067750433
0.4436691012063909 0.4896340710461969
0.4335963448774552 0.5366697340935057
0.3775429000361599 0.6052501793623494
0.3279073821971180 0.6221978268593543
0.3853199681862937 0.5542698229315187
0.5030678893712099 0.3361825662275817
0.4856588278306877 0.3976077034911475
0.4230409177195667 0.4647571157152988
0.4361455789939429 0.4054146349399745
0.2415529837686332 0.6162149159827079
0.2970088683802273 0.5988699998758893
0.2208054418830426 0.6002769299736856
0.1472943640280887 0.6413415878586053
0.1617404655858243 0.6125379600437517
0.0849372641698442 0.6409424462991139
0.0644203936359383 0.6822197223835959
0.0000000000000000 0.6821736661604633
0.5997617224416127 0.1668908061052058
0.6159032112136200 0.1409992347564754
0.6017807786466229 0.0882741291020341
0.6549596903799685 0.0552654669893299
0.6559580827220102 0.0000000000000000
0.5394630477036697 0.1714756005683032
0.5339015698818526 0.2423440651975795
0.4934379646470045 0.2581714014421239
0.4848480496825187 0.3149043366965791
0.3455275685601434 0.5220948582051503
0.3538298870525725 0.4678602083337195
0.3013842236944311 0.5413421723608475
0.4187756531573831 0.3226714099081752
0.3462955929289977 0.4578472742178917
0.4091275103629343 0.3797364878349699
0.3590252853002363 0.3907616102927872
0.2572718265741949 0.5147968672502676
0.2203058808329281 0.5392446664836639
0.1360390640414798 0.5624576951941168
0.1677112990794190 0.5197266754612949
0.0885830879156789 0.5599234013895036
0.0651601099427061 0.6024922188531512
0.0000000000000000 0.6012845930469155
0.5238095660546047 0.1582509861328325
0.5262569789568958 0.0943449851813443
0.5708802208899612 0.0734049011439622
0.5664260720501207 0.0000000000000000
0.4567259663769698 0.2311217770096129
0.4635540898547011 0.1699373750097337
0.3998912433989241 0.3016954968101725
0.4065399684366510 0.2465360565979876
0.2567342167454382 0.4701526726735950
0.2809285141268693 0.4476130537662013
0.3306077607428680 0.3124707608878413
0.2742141068983351 0.3877410497249870
0.3276394410719483 0.3647670026074905
0.1892198763166646 0.4431636709220282
0.1590659534914184 0.4900502853506476
0.0930980074424056 0.4744867797845281
0.0697348635273762 0.5248696610643582
0.0000000000000000 0.5216165554937777
0.4396575535940672 0.1500331953033678
0.4438949905549243 0.0908454134029461
0.4867181990779529 0.0721318069254960
0.4886907814891551 0.0000000000000000
0.3841630451562226 0.1638413274997852
0.3778532258593716 0.2223902799771198
0.3158495778052063 0.2967922313409644
0.3248050652892769 0.2353533984766204
0.2595776743272092 0.2998084529581597
0.2370505008457445 0.3664240905914033
0.1854094839304409 0.4265092773224605
0.2342269841078396 0.3577169977102812
0.1438074929625810 0.3991737940555115
0.0815549758101054 0.4477062943582162
0.0904810254341163 0.4207766337463429
0.0000000000000000 0.4506641063146258
0.3581294948347830 0.1424457354425573
0.3617304481444319 0.0872268545250152
0.4056332316639029 0.0675977640668367
0.4072422785458293 0.0000000000000000
0.2980318839182093 0.2115755946298757
0.3038768501450431 0.1578026358879250
0.2422864622825445 0.2261882402813821
0.2336345108110741 0.2651818361719120
0.1717255229756531 0.2814115192309716
0.1655823913986346 0.3258535501134672
0.1446253374551445 0.3414598218263603
0.0867267913085110 0.3268814780159018
0.0606039041726974 0.3730536626781790
0.0000000000000000 0.3745526206051285
0.2771497310046833 0.1349745727619499
0.2817816521481956 0.0832514456255038
0.3239120352265574 0.0633125253681854
0.3256428030331389 0.0000000000000000
0.2159171852531498 0.1958573611758214
0.2244684836775836 0.1494538182262713
0.1470125800127022 0.2519406169447634
0.1588726677837604 0.2073417904135574
0.0905476836326124 0.2605204948466183
0.0743288516013207 0.2983044833182228
0.0000000000000000 0.2953107770760113
0.1978463146573324 0.1231893377704258
0.2406991286203079 0.0568095910573002
0.2043565707787634 0.0768554565645676
0.2434714071678240 0.0000000000000000
0.1320829065038069 0.1722379449779528
0.1471259637448698 0.1351971911278942
0.0841531699291678 0.1781662579443418
0.0660009618806250 0.2201197305785639
0.0000000000000000 0.2238976392586612
0.1149190750435508 0.0875482772943652
0.1572901648215449 0.0483455664926888
0.1532557988055215 0.0000000000000000
0.0855689137646307 0.0845020591455959
0.0589309704573914 0.1442794109732019
0.0000000000000000 0.1438775142216451
0.0729207540675804 0.0699363707263723
0.0775571354996318 0.0000000000000000
0.0000000000000000 0.0694549167223831
0.0000000000000000 0.0000000000000000
# element connectivity: number of elements followed by the connectivity
160
6 239 238 233 215 214 216
5 111 113 73 74 78
5 244 243 219 220 221
6 233 231 209 207 208 215
5 303 302 290 291 292
6 243 242 240 218 217 219
5 315 307 305 306 314
6 135 134 97 96 131 133
7 153 151 138 117 116 143 152
6 121 120 118 82 83 84
5 134 136 99 98 97
7 277 275 273 258 259 260 276
6 250 245 227 228 229 249
6 75 66 48 49 47 72
6 166 167 133 131 132 165
5 224 225 199 197 223
5 321 319 316 317 318
5 69 68 44 42 54
5 11 10 4 3 9
6 122 123 121 84 85 86
6 179 180 150 147 146 177
6 284 279 267 268 270 283
6 107 108 70 68 69 80
5 182 172 151 153 183
6 30 29 14 15 13 25
6 309 304 298 297 300 308
5 96 97 98 62 95
6 173 164 141 140 171 174
6 164 165 132 130 129 141
6 178 177 146 145 144 154
6 104 103 91 65 64 101
6 203 174 171 172 182 202
7 129 130 94 93 92 91 103
6 192 191 159 160 162 193
5 290 289 275 277 291
5 221 220 192 193 194
6 140 141 129 103 104 139
6 320 315 314 313 316 319
5 85 84 83 56 57
6 144 145 110 108 107 119
4 5 7 2 6
6 14 12 8 7 5 15
6 259 258 253 238 239 241
6 208 207 179 177 178 186
6 300 297 285 286 287 299
5 191 190 189 158 159
7 115 114 111 78 76 77 109
5 92 93 61 60 59
6 163 161 126 125 127 128
5 168 169 135 133 167
5 52 46 35 33 53
6 252 249 229 230 234 251
6 189 188 187 157 156 158
5 20 19 11 9 21
5 282 266 265 264 281
5 83 82 81 55 56
4 137 100 99 136
6 213 211 185 184 205 212
6 210 202 182 183 185 211
7 301 299 287 288 289 290 302
6 187 186 178 154 155 157
5 240 241 239 216 218
5 312 311 301 302 303
6 316 313 309 308 310 317
7 253 254 235 232 231 233 238
5 256 257 237 235 254
6 76 78 74 52 53 51
5 266 248 247 246 265
6 138 139 104 101 102 117
7 217 218 216 214 188 189 190
6 46 45 30 25 26 35
5 278 276 260 261 262
6 201 196 173 174 203 204
6 270 268 252 251 255 269
6 289 288 274 272 273 275
5 292 291 277 276 278
6 132 131 96 95 94 130
6 195 166 165 164 173 196
6 106 79 67 66 75 105
5 23 22 18 31 32
6 237 236 213 212 232 235
6 255 251 234 236 237 257
5 40 38 23 32 41
6 118 119 107 80 81 82
6 110 109 77 71 70 108
6 26 25 13 10 11 19
5 162 160 124 126 161
6 209 206 181 180 179 207
5 307 296 295 294 305
6 272 256 254 253 258 273
6 13 15 5 6 4 10
5 248 226 225 224 247
6 280 281 264 263 267 279
6 310 308 300 299 301 311
6 112 105 75 72 73 113
5 95 62 61 93 94
5 318 317 310 311 312
5 117 102 79 106 116
7 48 41 32 31 28 27 49
7 73 72 47 45 46 52 74
4 16 17 8 12
5 4 6 2 1 3
6 124 122 86 87 125 126
6 172 171 140 139 138 151
6 222 223 197 195 196 201
6 232 212 205 206 209 231
6 70 71 50 43 44 68
6 102 101 64 63 67 79
7 271 269 255 257 256 272 274
5 59 60 37 39 58
6 185 183 153 152 176 184
5 227 222 201 204 228
5 81 80 69 54 55
5 36 34 20 21 24
6 156 157 155 120 121 123
6 47 49 27 29 30 45
6 155 154 144 119 118 120
6 214 215 208 186 187 188
6 170 137 136 134 135 169
5 87 86 85 57 88
5 287 286 271 274 288
5 44 43 36 24 42
6 260 259 241 240 242 261
6 205 184 176 175 181 206
5 150 149 114 115 147
5 296 282 281 280 295
5 226 200 198 199 225
6 285 283 270 269 271 286
6 294 295 280 279 284 293
6 176 152 143 142 148 175
6 234 230 210 211 213 236
7 64 65 58 39 38 40 63
4 322 320 319 321
5 313 314 306 304 309
5 194 193 162 161 163
7 246 247 224 223 222 227 245
5 262 261 242 243 244
6 267 263 250 249 252 268
6 146 147 115 109 110 145
6 67 63 40 41 48 66
6 33 35 26 19 20 34
7 160 159 158 156 123 122 124
6 181 175 148 149 150 180
6 143 116 106 105 112 142
5 127 125 87 88 89
5 38 39 37 22 23
5 91 92 59 58 65
6 219 217 190 191 192 220
6 27 28 16 12 14 29
6 264 265 246 245 250 263
6 298 293 284 283 285 297
4 128 127 89 90
7 50 51 53 33 34 36 43
5 31 18 17 16 28
7 199 198 168 167 166 195 197
5 200 170 169 168 198
6 306 305 294 293 298 304
5 77 76 51 50 71
7 229 228 204 203 202 210 230
7 149 148 142 112 113 111 114
# indices of nodes located on the boundary
1 2 3 7 8 9 17 18 21 22 24 37 42 54 55 56 57 60 61 62 88 89 90 98 99 100 128 137 163 170 194 200 221 226 244 248 262 266 278 282 292 296 303 307 312 315 318 320 321 322 