# domain type
Polygonal
# nodal coordinates: number of nodes followed by the coordinates
642
1.0000000000000000 1.0000000000000000
0.9457926180771467 1.0000000000000000
1.0000000000000000 0.9377960801720929
1.0000000000000000 0.8810003510498119
0.9440009313281823 0.9399190757657300
0.9405825775869552 0.9443110362994314
0.8879086482672668 0.9497359086140855
0.8821717876888082 1.0000000000000000
0.8277269070965203 1.0000000000000000
0.7628955935047185 1.0000000000000000
0.8237104674827064 0.9550459407919689
1.0000000000000000 0.8207266853778581
0.9348734656700390 0.8914943620274527
0.9405582893264711 0.8239257214822392
0.9476834046525588 0.8782968935643326
0.8962979832805670 0.8868862110650647
0.8689258221311169 0.9286812494631260
0.8570156100974071 0.9280349701804548
1.0000000000000000 0.7685400792501557
0.7038750689868639 1.0000000000000000
0.6437446016153932 1.0000000000000000
0.7642328725250043 0.9514635399197224
0.7876151687276549 0.9384519243003705
0.7323831016261062 0.9358765931284465
0.7032378567404785 0.9527224448894053
0.7919044098780239 0.8953656304747135
0.8246731108609782 0.8849177130401767
0.9394279022749532 0.8229771672012476
0.9409259785763808 0.7649748695498870
0.8968183189202540 0.8266608417108153
0.8803465163272330 0.8581962256698537
0.8369689020660774 0.8584824855027372
0.9403767793232780 0.7643427734822460
0.9493211244525176 0.7110874744690617
1.0000000000000000 0.7097879148995826
0.5838681344041187 1.0000000000000000
0.5245082910742856 1.0000000000000000
0.4666390648036199 1.0000000000000000
0.6726316378486998 0.9369786303319175
0.6433641530125744 0.9543031999732665
0.6120127634260367 0.9377169986182852
0.5835507080278827 0.9555793253877475
0.7659459516339441 0.8777334869385430
0.7308867622391395 0.8963056991965788
0.6713238547044016 0.8995368814850121
0.7031166012874956 0.8811846832931044
0.8240294778427657 0.8332957325984496
0.7654082553527810 0.8428559818918335
0.7872983446376997 0.8251604015096705
0.8939218889192692 0.7591394659911117
0.8728414878598223 0.7921508426370728
0.8483951042645123 0.7935893237028580
0.8814278161287307 0.7314868705548664
0.9346620061765040 0.6948479078380193
0.9084199344355852 0.6945755262235441
0.9532665787728967 0.6512639328967169
1.0000000000000000 0.6516499418020190
0.5507274718889267 0.9385412098478542
0.5242629754072692 0.9560604657301135
0.4073538298360567 1.0000000000000000
0.4904739605090718 0.9396912641719507
0.4654705072331858 0.9563337570420656
0.4354386638460401 0.9427683709757274
0.4071636297166294 0.9612177557249183
0.6109675295871896 0.9035910481685487
0.6416042294087344 0.8835826597576224
0.5501636707209452 0.9062111737240649
0.5779868755944553 0.8857401962346464
0.7251227954529127 0.8255104683648383
0.7008934246419123 0.8420869264784705
0.6390867890552028 0.8502892200694321
0.6692784899291712 0.8293662698342626
0.8184573789359029 0.7613279153460512
0.7811110695201451 0.7821735497314268
0.7257481096207166 0.7881316889133211
0.7559747189236414 0.7705799847071095
0.8213707271306305 0.7418693678305784
0.8480318651142212 0.7230133339172760
0.8839198073259964 0.6633461768149146
0.8407915936619111 0.6712740849505584
0.8974157346663429 0.6285616495470133
0.9352699233464846 0.6263753620570486
0.9508737823535758 0.5916328279578531
1.0000000000000000 0.5893597111411477
1.0000000000000000 0.5329508061501305
0.3477681643515025 1.0000000000000000
0.4902512928653177 0.9055526998301068
0.5129865717588848 0.8873007751727040
0.3493697046278851 0.9566411244504933
0.3782202765317426 0.9435184397380991
0.4470530278218448 0.8883681543798623
0.3825503549980579 0.8995611276365010
0.4314390431760749 0.9050301940403321
0.2903982343056225 1.0000000000000000
0.2378068631200956 1.0000000000000000
0.0000000000000000 1.0000000000000000
0.6075753611164316 0.8337705871043181
0.5764498030462903 0.8572188047438232
0.5127060321928638 0.8593741000317296
0.5436558310784249 0.8381191982809388
0.6042959208314984 0.8059866321370753
0.6626049662460463 0.7882138257094925
0.6905833785118333 0.7685553715603007
0.6369616148874345 0.7802321844270586
0.6909616073521437 0.7411138210447447
0.7516762145634732 0.7260978589047341
0.7812616575523319 0.7100019736163352
0.7294270869784603 0.7168628463820109
0.8350777350761484 0.6675886757261629
0.7867870786742703 0.6865863327657628
0.8784870777549552 0.6038575108461816
0.8479948248500406 0.6037834870735141
0.8264942448555213 0.6335746245711400
1.0000000000000000 0.4703400388108894
1.0000000000000000 0.4091735413256038
0.8970404720882703 0.5635185831197529
0.9304275251057736 0.5601201595643228
0.9462636782142483 0.5299250601257990
0.9358930858274254 0.5047981872457851
0.9593918079117507 0.4702476313239815
0.3237722705345251 0.9395360971619131
0.2925588814188166 0.9531032982424361
0.4456906804961447 0.8638300767719539
0.4801928458243439 0.8381730578913232
0.3771713219959552 0.8927525983947064
0.3263093925196934 0.9017583754236717
0.3791246976928224 0.8631529868316052
0.4157081160922254 0.8425441967838226
0.2645202435842908 0.9351540103483696
0.2342630344985090 0.9488691673105004
0.2166774751550515 0.9407811358749081
0.1774244556520273 0.9623327925703457
0.1778223191194232 1.0000000000000000
0.1149456065035655 1.0000000000000000
0.0612990995989990 1.0000000000000000
0.0561338627089916 0.9516496255439526
0.0000000000000000 0.9545580900854731
1.0000000000000000 0.1709671582030109
0.5427230433920253 0.8070263850613020
0.5744069837935175 0.7889632176512156
0.5151783482964413 0.7895636859069022
0.4788858589228748 0.8134076927837114
0.8717485568428337 0.5351902182350345
0.6218135151705835 0.7391374247817475
0.5741779372750683 0.7520282260833687
0.6281778617553966 0.7253793332349184
0.6616152769936026 0.7169463486646702
0.7173171594948913 0.6784287639649388
0.6747610660484893 0.6763380584431401
0.7368022198988220 0.6517142256609512
0.7597387083270529 0.6508721006483169
0.7830551060202529 0.6210847453771243
0.7771077990174134 0.5905173423820248
0.8283333455501414 0.5513704633744128
0.8248732246381385 0.5678800270334826
1.0000000000000000 0.2309516529396754
1.0000000000000000 0.2874533550557687
1.0000000000000000 0.3481719099472068
0.9362599529536026 0.4354628962441677
0.9491181222841824 0.4090464380308837
0.9370533284384550 0.3837083788398832
0.9580207645877007 0.3486857539666454
0.8779655084320770 0.5033341641369351
0.8958883750239228 0.4933400939798553
0.9012653825318754 0.4431224666713899
0.8405180149387073 0.4798917177101724
0.2686361970508871 0.8987333186408022
0.3109077776685011 0.8859074775976966
0.4157041848840858 0.8117670129559211
0.4511457261576722 0.7936707615586132
0.3137487773288476 0.8560555571517254
0.3516949360274208 0.8385785975617346
0.3542585225134278 0.8110154488898998
0.3915735415574501 0.7944420465641243
0.2463512141630392 0.8778358511340234
0.2099881882536950 0.8877597691479879
0.2034790315294488 0.8996310807348292
0.1588969401755190 0.9075447977322496
0.1183970797498503 0.9547756318607183
0.1536194688402984 0.9430316692427326
0.0983139490787268 0.9379064864891248
0.0611166233564294 0.9444205766735443
0.0453265365169642 0.9020947855443194
0.0000000000000000 0.9044339333772978
0.9583483285945512 0.1108011523435272
1.0000000000000000 0.1096451353533633
1.0000000000000000 0.0536038964788972
1.0000000000000000 0.0000000000000000
0.9375143168795538 0.1403291498429219
0.9520945002646555 0.1701824503924048
0.9367364314371049 0.1975873137590746
0.9518077576778449 0.2291528902030848
0.5538893652665334 0.7347632911591135
0.5124375127223216 0.7625158697960465
0.4518594917155719 0.7619739897264393
0.4867201976115474 0.7449582414689625
0.5524266640657323 0.7213256620467658
0.8054575388995087 0.5232545681178747
0.8125309913080466 0.4910222070527327
0.6053935316012184 0.6885387007329509
0.5794602709861696 0.6878746528743231
0.6607555787078598 0.6562295858086057
0.6257522411898592 0.6571760237541056
0.7120842522743045 0.6153149488801931
0.6744970451042641 0.6225475091260381
0.7229362540021879 0.5882492170922301
0.7599480364227102 0.5782075247187222
0.7623673685538324 0.5340244714621392
0.9323718765433202 0.2606469318853952
0.9352319603059482 0.3157813325223174
0.9467182803664717 0.2892472354784092
0.8848359916072054 0.3789528353024840
0.8788568383192471 0.4272890110227054
0.8924578737697407 0.3744372172161303
0.9015719598259719 0.3239100361933702
0.8481941185105951 0.4374212414317171
0.8986728271672396 0.2567540558079218
0.8185600308841214 0.4174987998155210
0.7895737066830782 0.4318625805655739
0.7838431195897378 0.4672783180101733
0.2882099681870348 0.8323719338249389
0.2538153749903137 0.8449167740123815
0.3914511023721690 0.7584788657580031
0.4263797454583234 0.7430262783164058
0.2932392254111225 0.8030790303951671
0.3297345813536761 0.7887187076262430
0.3707140003166707 0.7446328004575733
0.3331257441913288 0.7600714304467432
0.2263342948230607 0.8184530496584372
0.1895656624605488 0.8325879758999148
0.1851407345692085 0.8430038662387023
0.1506176828614499 0.8564861325294612
0.1420393972219212 0.8896092546793037
0.1070013435694343 0.8955124396136643
0.0900600729261009 0.8802473804162108
0.0570551678887934 0.8839760439368568
0.0394407527686424 0.8495755026389261
0.0000000000000000 0.8479357417406235
0.9044881659677169 0.1355674539924957
0.8914336786914275 0.1060425811358613
0.9327216419637029 0.0670297831720657
0.9244712757320660 0.0678912355919154
0.9460413661068272 0.0526478837895948
0.9430312822489015 0.0000000000000000
0.8801746232394290 0.1660206951035973
0.8911180567862670 0.1978481537356136
0.8810984632446508 0.2151844193438362
0.4869339533805169 0.7091048952693737
0.5139902444924660 0.6952951702123561
0.4284663331429814 0.7111757786432737
0.4622815523478524 0.6949210082458123
0.5568209402834804 0.6526723631613103
0.5201621586389187 0.6632417807833837
0.7449554795089678 0.5187115631533332
0.7488326982614816 0.4793856553117337
0.7294240604472848 0.4639481109788920
0.6040784423057783 0.6229787609691712
0.5654216123068340 0.6313742535251183
0.6144344614281858 0.5993291077834553
0.6501312703556774 0.5906159855815325
0.6604532715962348 0.5646617510483154
0.6960580194933444 0.5548332138893204
0.7054117782741145 0.5290808819743195
0.8701996668506365 0.3007720097336155
0.8699021481937965 0.2875236379275097
0.8420551969430327 0.3240150332477881
0.8208528596709730 0.3823395826615101
0.8461331322378679 0.3661624504465052
0.8399040668234845 0.2231044802746196
0.8304164661501602 0.2566409127224771
0.7877143599379854 0.3637273793656161
0.7525661719329622 0.4080223649881264
0.7580327339186416 0.3766467526940715
0.7322167531999131 0.4199410811502672
0.2328038034157552 0.7915266944929389
0.2674230607609952 0.7777936254557405
0.4001608327694142 0.6891756089369319
0.3683007711538592 0.7046223793813946
0.4035853027660588 0.6638882997144455
0.3492560818682588 0.6949243056882617
0.3086870670244769 0.7367325713379889
0.2722678246757922 0.7527683394573641
0.3113154593707088 0.7149693426755116
0.2056431377674741 0.7634505074423192
0.1722048858286003 0.7733819357240047
0.1648501771758207 0.7913526807730440
0.1241613314217206 0.8043321206740733
0.1166477567848379 0.8270570436370411
0.0996974353232841 0.8354491133307393
0.0605388343545278 0.8211866411645395
0.0534179659832131 0.7970700050892612
0.0000000000000000 0.7944628191055556
0.8444891182191796 0.1562551031496684
0.8373217104375148 0.1169405165905253
0.8623695326269437 0.0980665789976605
0.8840366438831853 0.0387892810684681
0.8556987156986638 0.0583449728678577
0.8866394861367347 0.0000000000000000
0.8151878887195412 0.1812465564132071
0.8138961533607819 0.1930093737597866
0.4592313383042040 0.6522308710313376
0.4961901635826613 0.6399862507855600
0.4470706214297855 0.6449742122965361
0.5035204617536709 0.6083928427027161
0.5439452187293092 0.5995816821171412
0.6809549950019047 0.4959533673004451
0.6891947799686937 0.4734134000511175
0.6940231286071376 0.4069667158566852
0.6719229211233069 0.4454662721352208
0.5532538060290980 0.5739352860361110
0.5893704886228252 0.5648826305019959
0.5996506640737652 0.5394292214202779
0.6339051867446540 0.5300599520583794
0.6436566599297049 0.5063978947273108
0.7950971637916906 0.3116311708378450
0.8018258059354610 0.2687175578932978
0.7931422026923903 0.3131235529638230
0.7710696805639328 0.2451854945741221
0.7739123851627000 0.2166725899497113
0.7459022433955238 0.3100606975830013
0.7295487077973689 0.3511973037058817
0.7032144288335886 0.3555347901736963
0.6862027597595264 0.3901436375772836
0.4369164403816410 0.6075548849248744
0.3795339321606840 0.6363781171582061
0.3958491901019817 0.6061472560342678
0.2155537921866283 0.7336894323083637
0.2461903609031539 0.7256211544246929
0.3526647213195390 0.6393139952171675
0.3398071573930229 0.6572246758022442
0.2569334141516809 0.6948037680595452
0.2988501692643438 0.6571853071819356
0.2865191866291936 0.6887752084849308
0.1906707972987061 0.7062925667797721
0.1630571687511894 0.7103212969431961
0.1482709332451376 0.7395215712682940
0.1023079373098059 0.7713216026550044
0.1155711643503073 0.7438793350693544
0.0646962339641106 0.7762486132777424
0.0480903128576446 0.7433648138962249
0.0000000000000000 0.7450331723535276
0.7773090589214253 0.1464865155215522
0.8090448165622128 0.1076009203533972
0.7824371248489145 0.1225413399446057
0.8231222149941617 0.0465629768248197
0.8044637010326625 0.0609293504181762
0.8203749894447945 0.0000000000000000
0.7402581532248018 0.1889662682751481
0.7463807886600922 0.1629735541480286
0.6473456122038934 0.3848253362130860
0.4497464004455646 0.5882622252324869
0.4839278765760235 0.5850398184861341
0.5292010735000603 0.5434998371454421
0.4971825919487702 0.5499744712323217
0.6179522728798709 0.4702179584696627
0.6324536221094655 0.4416371434518626
0.6250046184269680 0.4239715228354191
0.5855346035588046 0.4771149953420568
0.5409741679287718 0.5139515955621616
0.5731444763144061 0.5064441123464644
0.7364027316640630 0.2617982634860664
0.7299409521248119 0.2872993876539540
0.7049088409373009 0.2297957549221657
0.7122131423369019 0.2025318363726720
0.6776777665513501 0.3252797090814239
0.6866057124874181 0.2969244470862914
0.6408641190315170 0.3349149137014005
0.6322478219794339 0.3599367723360003
0.4309453056573403 0.5517956243501652
0.3808614861344587 0.5750394440371793
0.3914119378569188 0.5573917973899069
0.3313270338356051 0.6011570471040789
0.3454005248822380 0.5780448044939190
0.2346031137591909 0.6692248447895878
0.2063377368935791 0.6721525082101033
0.2845077859056684 0.6341177266870895
0.2990394143399927 0.6044902356140056
0.2503010110129014 0.6349118732761970
0.1846154252977917 0.6457782685714258
0.1391697189821522 0.6797678371049777
0.1575558997987010 0.6471332926166455
0.1124702853760318 0.6819076888290825
0.0947674014587333 0.7133043111686979
0.0623709683572972 0.7148210183925915
0.0464977117704139 0.6910128922847925
0.0000000000000000 0.6911531729924567
0.7106703073974062 0.1300439526299162
0.7224777009602485 0.1039142057267189
0.7630128769007335 0.0538894854026224
0.7496436497142170 0.0953126604135641
0.7587084404465738 0.0473577262526316
0.7637823215839610 0.0000000000000000
0.6898607203464888 0.1375710887192992
0.6770928799105453 0.1731652743097741
0.5846495023757045 0.4087265956422532
0.5912500655770505 0.3670336329160486
0.4719018253972005 0.5224079438886520
0.4412401330896155 0.5312570183597677
0.5147100614500730 0.4830875279078958
0.4809202270425388 0.4946283397152637
0.5662680955969412 0.4187989589246333
0.5589554873756664 0.4451047278924068
0.5220174071841487 0.4587145035769388
0.6642223817634513 0.2678917429338138
0.6709688306265549 0.2436408856691092
0.6425996034233227 0.2131386687098268
0.6524698692129425 0.1819574336191359
0.6244167850277105 0.2801746471482075
0.6175694290259418 0.3046486417982053
0.5787111536380082 0.3163918721763253
0.5720875998685064 0.3480397276696487
0.4091635220863775 0.4888428631707514
0.3760466397968754 0.5192653249156340
0.3481082784947827 0.5142602932105308
0.3258590380758609 0.5434647406231715
0.2986920090874948 0.5430684685358219
0.2785130405881854 0.5747331554885768
0.2032566414757639 0.6099754702842178
0.2325501196298989 0.6101199821447125
0.2517494597862177 0.5752327139163250
0.1851329492051744 0.5855938275938581
0.1361295625694469 0.6180616020298405
0.1550323676580938 0.5856685802378304
0.1092386230495645 0.6188989601013695
0.0893784854121654 0.6511339252234221
0.0608749491801498 0.6524525881272453
0.0479191658060484 0.6385612890656229
0.0000000000000000 0.6408114177808338
0.6541717825301405 0.1109649937607567
0.6690858452727773 0.0688583761480541
0.6913249288522885 0.0633950947154994
0.7035646843406815 0.0450092063131713
0.6968014960485183 0.0000000000000000
0.6312224524555475 0.1183590722503340
0.6211660148634746 0.1551439711490079
0.5367654414698444 0.3579984887875428
0.5279300655914914 0.3897208110686794
0.4093931332422672 0.4872763273723450
0.4524466811541448 0.4639501770905654
0.4562127104604377 0.4424570882764921
0.4947048370457289 0.4273471664200131
0.5014876268876503 0.4014667829815843
0.6010265812867058 0.2513711874850988
0.6087506743216632 0.2237111491460826
0.5842017805012889 0.1972191526550553
0.5920914181331139 0.1651964148970126
0.5626907994165199 0.2623713685341830
0.5553969484369801 0.2912079475420523
0.5202278474844984 0.3017754780428883
0.5110708781303447 0.3312207156363208
0.3871276938845545 0.4568743164616823
0.3458311492654789 0.4617665154129949
0.3345662569586872 0.4840173762094261
0.2777752968263996 0.5111182771086715
0.2918776567047011 0.4854254091583620
0.2495079638077325 0.5143613942193898
0.2311223045089041 0.5482287809016971
0.2031658191043010 0.5490553296839483
0.1847840037662741 0.5266179487343036
0.1359644136758912 0.5566980057525410
0.1548797394607289 0.5268138506775397
0.0874678202901061 0.5877418665918288
0.1089407855592278 0.5564355762166263
0.0562985092755819 0.5876843007802504
0.0528850484676085 0.5908304261056270
0.0000000000000000 0.5898534466262805
0.6018100402080854 0.0958181524208396
0.6382056988188414 0.0464546454495128
0.6054228773622221 0.0614289595817409
0.6419614559503363 0.0000000000000000
0.5638961976648977 0.1407691586783986
0.5679507237276261 0.1105483854783505
0.4783179732597925 0.3405618846327663
0.4686277565658614 0.3725790824780300
0.3975260092072272 0.4237071814127462
0.4324721140750745 0.4169116357134516
0.4428770647039461 0.3820447721009068
0.5468732244887874 0.2078935842127849
0.5400426367066269 0.2359888243621154
0.5259198462874967 0.1839092809297482
0.5306930162683368 0.1555975138250192
0.5014338142757246 0.2474861669162650
0.4927466253964234 0.2708292111646076
0.4629491071150763 0.2803344276890535
0.4532260296186001 0.3146834280503358
0.3785008906083496 0.4022852814742610
0.3291394088692087 0.4274388190715163
0.3399212000720542 0.4072834256569775
0.2763930540846750 0.4522032804298116
0.2880870786373925 0.4309000204698653
0.2209617489610392 0.4811421338224989
0.2344182691720165 0.4553089664371128
0.2020428721562528 0.4860556621426374
0.1662268405568692 0.4629605519523431
0.1363653579794102 0.4957867983022033
0.0887860574670122 0.5248321012559678
0.1132155621314175 0.4924477718911087
0.0612829102649046 0.5234174108087054
0.0464383109529929 0.5408594278897051
0.0000000000000000 0.5396249309268898
0.5413480020288696 0.0884263106721116
0.5421636210111982 0.0600643329496798
0.5758933548865384 0.0404034364155161
0.5765059983915846 0.0000000000000000
0.5000166247096193 0.1094368624436562
0.5000673086355785 0.1294612519310700
0.4082750920643679 0.3546379310258391
0.4169922031106351 0.3237843223580985
0.3881003926182117 0.3638214855445852
0.3975320980120964 0.3004067248819741
0.4643460083341811 0.1569763498350022
0.4752300779702749 0.2085244725153645
0.4800793431799100 0.1972187105025858
0.4420151567322317 0.2208034817405519
0.4329831887483392 0.2551188518291728
0.4076300618566114 0.2641343746968984
0.3505669650044758 0.3440181671041921
0.3238747705763779 0.3731578568723996
0.2947596606365758 0.3683235788476206
0.2727679708492681 0.3974290087538773
0.2188326258196509 0.4228048944668842
0.2376753420280300 0.3936628499225323
0.1630530672117849 0.4443617775452040
0.1806475033389622 0.4208473303259612
0.0978336707080801 0.4651944986894708
0.1170256387260496 0.4312491241382018
0.0617384334389316 0.4628990604321584
0.0463052909888111 0.4879649847320600
0.0000000000000000 0.4878098060650063
0.4795214760424638 0.0903762886285458
0.4447247405139893 0.0966694519751132
0.5104798405613755 0.0382341994608623
0.4851575796710692 0.0536905163276742
0.5123705281583961 0.0000000000000000
0.4402483606039235 0.1491667626355279
0.4310006180063371 0.1187828524188694
0.3459645614903126 0.3169443391421617
0.3544519966787249 0.3053135235320045
0.3451286566351757 0.2631502007777074
0.3744698274847975 0.2401330185417902
0.4086467955471448 0.1932182794649911
0.4089394963375252 0.1773464604979331
0.3742683801595094 0.2197412120743321
0.3009224119160194 0.3118161851481858
0.2816140457951300 0.3385192333794949
0.2459398301139054 0.3335280773398995
0.2256043928407875 0.3671037188128114
0.1845075208234810 0.3608649336762343
0.1681172651620567 0.3847963488812819
0.1256926374890146 0.3826181982460538
0.1100355952541577 0.4124054276195487
0.0636587629940303 0.4055470828432363
0.0486691899716304 0.4351282755221076
0.0000000000000000 0.4340534651699345
0.3822899602339549 0.1109231699846709
0.3943041789428215 0.0592360027696359
0.4439788387955221 0.0314061862839372
0.4224813391180594 0.0573363519775054
0.4418809455026216 0.0000000000000000
0.3710001398437134 0.1498595833290292
0.3758083364123488 0.1150602161260616
0.2884526707841580 0.2766771468665919
0.3136360610826407 0.2530472540855225
0.3073346480217307 0.2187578000778453
0.3404486050420022 0.1963321549746451
0.3409154357090596 0.1679534541277597
0.2576843086681410 0.2708546009780708
0.2342866340775663 0.3111560069733936
0.1763242544645479 0.3349892215647723
0.1981451851528377 0.3041437825804951
0.1320486009350309 0.3224856036345400
0.1140510008503133 0.3570231721718100
0.0687915573385132 0.3528899498915149
0.0549137171720576 0.3845786246019632
0.0000000000000000 0.3802321220211983
0.3361003879086135 0.0979638326742853
0.3757730739602675 0.0434391834755068
0.3361578031289826 0.0590835329148294
0.3765050383772078 0.0000000000000000
0.3090347783243607 0.1475375017929403
0.3106353470798494 0.1138319559794129
0.2778363476494929 0.2046210663473571
0.2473582704595107 0.2545907080351642
0.2600634761255962 0.2129261486352448
0.2811804615147760 0.1630330939036663
0.1867912172183805 0.2765112254807927
0.2058412271888785 0.2505447696957755
0.1262051496593187 0.3062961910340311
0.1551843893703858 0.2711500163988772
0.1011575534629322 0.2947635154547291
0.0611186519234424 0.3159644955542901
0.0573993315241053 0.3286931324503249
0.0000000000000000 0.3362102894638744
0.2776078188029164 0.0947274860177324
0.2772444556829979 0.0611643368607202
0.3122023016964552 0.0426999007299129
0.3117672357942265 0.0000000000000000
0.2182763654659765 0.1658184193015321
0.2460191166666627 0.1436167100388334
0.2451371997223713 0.1149349445751348
0.1941149484539855 0.2166118563870684
0.2201527621823213 0.1925091093453984
0.1668309626228864 0.2103545887500695
0.1392353970754741 0.2381000707218059
0.1146829315793065 0.2339985261238332
0.0920559704592684 0.2567642592847812
0.0578380906202554 0.2509205974104688
0.0388253989702206 0.2783761081802559
0.0000000000000000 0.2790777098603145
0.2176977337271822 0.0969499151935743
0.2162134413170375 0.0619946409198856
0.2494718551511867 0.0435859204921189
0.2491024453311342 0.0000000000000000
0.1534049065109600 0.1745254693063866
0.1774565991087264 0.1180041484954772
0.1813867313819024 0.1479997670609592
0.1228998278097797 0.1681087561136099
0.1003541666838377 0.2007587504642079
0.0627322210708711 0.1965436012303150
0.0461269886136863 0.2231422866088933
0.0000000000000000 0.2204878840231099
0.1589920737124917 0.1052664695710401
0.1592036609363058 0.0613576241871320
0.1882073955609548 0.0458730689794731
0.1879548484428101 0.0000000000000000
0.1210597056775292 0.1151563174054520
0.1110625844096332 0.1451717894705991
0.0629847013702064 0.1454013877607946
0.0510427345045920 0.1675377885147082
0.0000000000000000 0.1669245954550660
0.0995834642898672 0.0896828653282775
0.1074188470647667 0.0566336796761435
0.1266560514488608 0.0453385004189389
0.1292165641233624 0.0000000000000000
0.0578570000122777 0.0983988742523040
0.0505752496875871 0.1111579626422873
0.0000000000000000 0.1143280855572600
0.0645841731398622 0.0346340069111522
0.0435428212277041 0.0572274990499310
0.0631397601197537 0.0000000000000000
0.0000000000000000 0.0532728774090202
0.0000000000000000 0.0000000000000000
# element connectivity: number of elements followed by the connectivity
320
6 219 218 216 166 199 220
6 358 355 314 313 312 360
6 436 411 396 395 401 437
4 7 6 2 8
6 279 303 301 251 250 277
5 178 177 131 132 180
4 466 465 427 428
6 245 239 189 190 191 246
6 430 431 388 387 393 429
7 537 538 510 508 507 509 517
6 410 409 367 368 396 411
6 375 374 331 328 327 334
6 338 336 285 286 287 337
6 525 526 523 494 495 497
6 55 54 34 33 50 53
6 98 97 71 66 65 68
6 167 168 126 121 122 129
6 420 417 377 376 378 419
5 639 638 632 631 635
6 431 432 391 389 390 388
7 77 78 53 50 51 52 73
5 609 608 591 592 593
6 44 43 26 23 22 24
6 231 230 229 222 175 176
6 481 471 446 445 478 480
6 27 32 31 16 17 18
6 604 603 601 587 586 589
6 142 141 139 100 99 124
5 184 183 182 136 137
7 626 622 615 616 614 617 627
6 367 365 322 323 350 368
6 304 305 258 252 253 302
6 440 441 403 399 400 439
6 581 576 561 560 566 580
6 381 379 375 334 335 380
6 405 363 361 362 366 404
5 428 427 426 385 386
6 232 231 176 177 178 233
6 423 421 418 379 381 422
6 242 241 185 189 239 240
6 263 254 208 207 206 262
5 132 131 130 95 133
6 562 563 539 538 537 544
6 105 108 106 76 75 103
5 556 558 531 536 555
6 499 498 496 463 462 464
6 126 125 92 90 89 121
6 199 166 163 143 154 198
6 508 485 473 474 477 507
6 255 220 199 198 208 254
6 412 438 439 400 397 398
5 25 24 22 10 20
7 265 217 209 211 210 215 264
5 151 152 113 109 110
6 354 353 310 305 304 352
6 543 541 514 515 516 540
5 630 629 619 620 621
5 347 298 296 297 345
6 369 398 397 354 352 351
7 148 150 151 110 107 106 108
5 518 517 509 486 488
6 344 343 294 293 299 342
6 446 435 407 406 444 445
6 533 532 502 501 505 530
6 444 406 405 404 408 443
6 496 497 495 461 460 463
6 350 323 308 309 356 357
7 542 535 511 513 512 514 541
7 322 321 273 272 274 308 323
5 326 324 303 279 325
5 62 61 59 37 38
5 22 23 11 9 10
5 241 243 187 186 185
5 269 247 217 265 270
5 162 158 115 160 161
4 14 12 4 15
5 42 41 40 21 36
5 613 597 596 595 612
5 120 114 85 118 119
5 165 159 120 119 164
6 393 387 349 348 364 394
6 509 507 477 476 475 486
6 528 527 525 497 496 498
6 289 288 232 233 234 235
5 83 84 57 56 82
6 298 244 243 241 242 296
7 299 293 245 246 247 269 300
7 465 464 462 424 425 426 427
6 477 474 442 441 440 476
6 502 503 469 467 472 501
7 48 49 47 32 27 26 43
6 545 544 537 517 518 519
6 67 68 65 41 42 58
6 516 515 484 485 508 510
5 149 148 108 105 147
6 378 376 332 333 331 374
5 153 155 112 113 152
5 92 93 63 64 90
6 415 414 413 371 370 373
6 551 550 549 524 523 526
6 313 314 306 263 262 261
6 123 124 99 88 87 91
5 554 553 527 528 529
6 442 437 401 402 403 441
5 500 499 464 465 466
5 642 640 638 639 641
5 504 470 468 469 503
5 320 317 271 273 321
6 327 328 282 276 275 284
6 106 107 77 73 74 76
6 600 594 581 580 585 599
6 366 362 320 321 322 365
6 618 617 614 603 604 605
5 559 534 532 533 557
6 331 333 283 281 282 328
6 248 249 197 193 194 196
6 194 193 145 140 139 141
6 99 100 98 68 67 88
7 113 112 111 81 79 80 109
6 110 109 80 78 77 107
6 139 140 101 97 98 100
4 244 188 187 243
6 65 66 45 39 40 41
6 553 552 551 526 525 527
6 183 236 235 234 181 182
6 52 51 30 31 32 47
7 127 128 123 91 93 92 125
6 586 587 583 567 568 570
6 392 347 345 346 389 391
5 534 504 503 502 532
5 40 39 25 20 21
6 335 334 327 284 285 336
6 101 104 102 72 71 97
5 511 506 481 480 513
5 80 79 55 53 78
5 386 385 384 340 341
5 593 592 573 574 575
6 261 262 206 204 205 260
6 473 450 436 437 442 474
6 377 372 329 330 332 376
6 250 251 248 196 195 224
6 546 545 519 520 522 547
6 520 519 518 488 487 490
7 591 590 588 571 572 573 592
6 50 33 29 28 30 51
6 505 501 472 471 481 506
6 424 422 381 380 382 425
6 87 88 67 58 59 61
6 169 170 142 124 123 128
6 566 560 542 541 543 565
5 413 412 398 369 371
6 370 371 369 351 324 326
6 208 198 154 155 153 207
6 484 483 449 450 473 485
5 637 636 628 629 630
7 584 582 564 563 562 567 583
6 301 302 253 249 248 251
6 312 313 261 260 259 311
6 567 562 544 545 546 568
6 225 226 173 172 171 221
6 572 571 569 548 549 550
6 319 300 269 270 316 318
7 536 531 530 505 506 511 535
6 472 467 434 435 446 471
6 482 479 447 448 449 483
6 75 76 74 49 48 69
6 252 258 257 203 200 201
6 234 233 178 180 179 181
5 89 90 64 60 86
6 521 522 520 490 489 492
5 529 528 498 499 500
6 611 612 595 594 600 610
6 222 221 171 168 167 175
6 589 586 570 569 571 588
6 216 213 165 164 163 166
6 257 259 260 205 202 203
7 206 207 153 152 151 150 204
6 449 448 410 411 436 450
6 228 227 223 174 173 226
6 195 196 194 141 142 170
5 122 121 89 86 94
6 355 356 309 307 306 314
5 117 118 85 84 83
6 205 204 150 148 149 202
6 469 468 430 429 434 467
5 389 346 343 344 390
7 401 395 357 356 355 358 402
5 215 210 162 161 214
6 71 72 70 46 45 66
6 491 492 489 455 454 456
6 463 460 423 422 424 462
6 247 246 191 192 209 217
5 341 340 339 291 292
6 564 565 543 540 539 563
5 253 252 201 197 249
7 324 351 352 304 302 301 303
6 359 360 312 311 310 353
6 223 224 195 170 169 174
5 26 27 18 11 23
6 45 46 44 24 25 39
5 56 57 35 34 54
5 34 35 19 29 33
6 278 277 250 224 223 227
6 426 425 382 383 384 385
6 266 264 215 214 212 268
6 493 491 456 457 458 459
5 159 160 115 114 120
5 297 296 242 240 295
6 173 174 169 128 127 172
5 641 639 635 636 637
6 407 394 364 363 405 406
5 74 73 52 47 49
5 13 15 4 3 5
6 478 445 444 443 447 479
6 434 429 393 394 407 435
6 623 624 611 610 615 622
6 512 513 480 478 479 482
6 408 404 366 365 367 409
5 597 579 577 578 596
5 145 144 104 101 140
6 606 605 604 589 588 590
5 608 607 606 590 591
6 447 443 408 409 410 448
6 454 455 453 414 415 416
7 523 524 521 492 491 493 494
6 340 384 383 338 337 339
5 64 63 62 38 60
6 349 342 299 300 319 348
6 275 276 225 221 222 229
5 634 625 624 623 633
4 137 136 135 96
6 475 476 440 439 438 451
6 598 599 585 582 584 602
6 579 559 557 558 556 577
7 361 318 316 315 317 320 362
5 625 613 612 611 624
7 144 146 147 105 103 102 104
6 585 580 566 565 564 582
6 573 572 550 551 552 574
6 346 345 297 295 294 343
5 237 290 289 235 236
5 396 368 350 357 395
6 11 18 17 7 8 9
6 629 628 627 617 618 619
6 456 454 416 417 420 457
5 189 185 186 138 190
6 364 348 319 318 361 363
5 332 330 280 283 333
5 59 58 42 36 37
6 282 281 228 226 225 276
6 136 182 181 179 134 135
6 458 457 420 419 418 421
6 372 373 370 326 325 329
7 30 28 14 15 13 16 31
6 549 548 547 522 521 524
5 292 291 290 237 238
5 539 540 516 510 538
6 155 154 143 116 111 112
5 6 5 3 1 2
6 418 419 378 374 375 379
6 388 390 344 342 349 387
5 192 156 157 211 209
5 191 190 138 156 192
7 291 339 337 287 288 289 290
6 620 619 618 605 606 607
5 558 557 533 530 531
6 102 103 75 69 70 72
6 636 635 631 626 627 628
5 238 237 236 183 184
6 461 459 458 421 423 460
7 163 164 119 118 117 116 143
6 632 633 623 622 626 631
6 595 596 578 576 581 594
7 453 452 451 438 412 413 414
6 70 69 48 43 44 46
6 578 577 556 555 561 576
6 203 202 149 147 146 200
6 615 610 600 599 598 616
6 283 280 278 227 228 281
6 487 488 486 475 451 452
6 403 402 358 360 359 399
6 16 13 5 6 7 17
5 640 634 633 632 638
7 177 176 175 167 129 130 131
6 273 271 267 218 219 272
6 294 295 240 239 245 293
6 116 117 83 82 81 111
5 210 211 157 158 162
6 267 268 212 213 216 218
7 212 214 161 160 159 165 213
6 287 286 230 231 232 288
6 81 82 56 54 55 79
6 561 555 536 535 542 560
6 286 285 284 275 229 230
5 495 494 493 459 461
7 201 200 146 144 145 193 197
6 569 570 568 546 547 548
5 130 129 122 94 95
6 307 256 255 254 263 306
5 29 19 12 14 28
6 470 433 432 431 430 468
5 601 602 584 583 587
6 382 380 335 336 338 383
5 575 574 552 553 554
6 489 490 487 452 453 455
6 614 616 598 602 601 603
5 621 620 607 608 609
4 433 392 391 432
6 93 91 87 61 62 63
6 316 270 265 264 266 315
5 179 180 132 133 134
6 171 172 127 125 126 168
7 330 329 325 279 277 278 280
6 416 415 373 372 377 417
6 310 311 259 257 258 305
6 514 512 482 483 484 515
6 317 315 266 268 267 271
5 308 274 256 307 309
6 274 272 219 220 255 256
6 400 399 359 353 354 397
# indices of nodes located on the boundary
1 2 3 4 8 9 10 12 19 20 21 35 36 37 38 57 60 84 85 86 94 95 96 114 115 133 134 135 137 138 156 157 158 184 186 187 188 238 244 292 298 341 347 386 392 428 433 466 470 500 504 529 534 554 559 575 579 593 597 609 613 621 625 630 634 637 640 641 642 