# domain type
Polygonal
# nodal coordinates: number of nodes followed by the coordinates
42
0.0000000000000000 0.0000000000000000
0.0000000000000000 0.2388655976653536
0.0000000000000000 1.0000000000000000
0.1739517219019472 0.2359011904651785
0.2270972466939584 0.0000000000000000
0.3516617133849250 0.0000000000000000
0.1709514104911398 0.4882367208428399
0.2439037279270116 0.3002869091025984
0.0000000000000000 0.4973413118381357
0.0000000000000000 0.7361380034521023
0.6035932208243691 0.0000000000000000
0.7650076012523067 0.0000000000000000
1.0000000000000000 0.0000000000000000
0.1957254902205142 0.7555529605985412
0.1848385958635270 1.0000000000000000
0.3505558102518574 0.2953751879757034
0.4155711111160134 0.2286711100719975
0.5664349513201060 0.2241480325687610
0.4546593767412107 0.5113464077420290
0.2332382578831024 0.7311303227133277
0.2538023592233037 0.5728086127641734
0.6154234513797107 0.2686454293947904
0.7490327397089793 0.2654408020901202
0.8039385074700005 0.1951209815388806
1.0000000000000000 0.1975797343159297
0.3882998812773141 0.7897134845872119
0.3925751416498219 1.0000000000000000
0.4715385645384161 0.5179198771183627
0.5657768756967837 0.4773019482416885
0.5028395264522120 0.7266772543139197
0.7374766684190512 0.5416075005524295
0.8175310311914145 0.4021275116389366
1.0000000000000000 0.4052784452713475
0.5912015477761374 0.7658455539142484
0.5939752865672659 1.0000000000000000
0.7567259498740657 0.5903762586611746
0.7152483879155217 0.7245507510836281
1.0000000000000000 0.6188273938151136
0.8047510395060405 0.8129220161789662
0.7813325618021476 1.0000000000000000
1.0000000000000000 0.7781640603458019
1.0000000000000000 1.0000000000000000
# element connectivity: number of elements followed by the connectivity
20
5 32 33 38 36 31
5 8 16 19 21 7
7 28 29 31 36 37 34 30
5 22 23 32 31 29
7 16 17 18 22 29 28 19
6 9 7 21 20 14 10
5 36 38 41 39 37
4 1 5 4 2
5 2 4 8 7 9
4 39 41 42 40
5 26 30 34 35 27
5 34 37 39 40 35
5 14 20 26 27 15
5 23 24 25 33 32
6 11 12 24 23 22 18
6 5 6 17 16 8 4
4 12 13 25 24
6 21 19 28 30 26 20
4 6 11 18 17
4 10 14 15 3
# indices of nodes located on the boundary
1 2 3 5 6 9 10 11 12 13 15 25 27 33 35 38 40 41 42 