# domain type
Polygonal
# nodal coordinates: number of nodes followed by the coordinates
82
1.0000000000000000 1.0000000000000000
0.8420349401061598 1.0000000000000000
0.6758510709700867 1.0000000000000000
0.8435776269339984 0.8670389494440768
1.0000000000000000 0.8365940777966957
1.0000000000000000 0.7257359447672044
1.0000000000000000 0.5702125651396586
0.7957520753255862 0.8215992537797625
0.6705764169141104 0.8858183642530273
0.6059921635740653 0.8362249845457270
0.4935893297462123 0.8951292975936218
0.4825574439676950 1.0000000000000000
0.3223547445954443 1.0000000000000000
0.1638487534396195 1.0000000000000000
0.0000000000000000 1.0000000000000000
0.7932299617307547 0.7502031606015476
0.8406093139153106 0.6989044657480751
0.8325307210316166 0.5853270201067777
0.8620869398448165 0.5577229518773400
0.8579508105604409 0.4347345688086001
1.0000000000000000 0.3965217891701388
1.0000000000000000 0.2965175466366262
1.0000000000000000 0.1425246233953293
1.0000000000000000 0.0000000000000000
0.6646588995308647 0.6947166418668660
0.6009999211721777 0.7529565313972280
0.4896170744760300 0.7071104644645529
0.4095937735708747 0.8083465458108366
0.3509554092718366 0.8097071392304931
0.3146876949458567 0.8449757037865403
0.1779476413704953 0.8356136106217789
0.1543931351562204 0.8641671784110428
0.0000000000000000 0.8597232247162606
0.6606795760205701 0.6064873729075055
0.7095039882168979 0.5594992011343775
0.7985480160638122 0.3891827708748649
0.6979772668785406 0.4569987696743866
0.7943737365013758 0.3202501604341587
0.8389846101043910 0.2686929815107477
0.8313285379342157 0.1577749617151461
0.8478103482990671 0.1394680439175805
0.8435148422294314 0.0000000000000000
0.4720098896350705 0.6390637711615428
0.5371873176413110 0.5658606375336067
0.2989900489243314 0.6737540708213291
0.3623670019646619 0.6068433274111434
0.1982334366065822 0.6660533736278943
0.1564069324370180 0.7263126389805096
0.0000000000000000 0.7157515288758989
0.5235683779916214 0.4808107582083172
0.6121720149445673 0.4137818832320201
0.6622150532118999 0.2686080109604528
0.6033755533174027 0.3223554032482984
0.6607816790861651 0.1680495321954362
0.6890039205894457 0.1407708172920015
0.6877349727398305 0.0000000000000000
0.3396199594929623 0.5054003259325122
0.4456769979979633 0.4433779159643847
0.2990753467107205 0.4842029032970475
0.1598828445323616 0.5722158512919436
0.1797943757034378 0.5219165775193215
0.0000000000000000 0.5880382613924716
0.4312561145207404 0.3293777251461681
0.4886618154027623 0.2824444802083717
0.4840148958407083 0.1712266582786317
0.5242353000176011 0.1352695373668575
0.5236418277514843 0.0000000000000000
0.3269348159941963 0.3028916443658939
0.2741145243983507 0.3472959714468073
0.1746186732857634 0.3334251642984249
0.1226781878740244 0.4285355656465352
0.0000000000000000 0.4304942684855798
0.3100241182362011 0.1797568542102765
0.3549101951573785 0.1388471077094495
0.3487297982140607 0.0000000000000000
0.1842241247120054 0.1593095706965150
0.1429430096647192 0.2794385911229311
0.0000000000000000 0.2725714664863674
0.1710412583155254 0.1388995783126475
0.1857971465067762 0.0000000000000000
0.0000000000000000 0.1297834602877882
0.0000000000000000 0.0000000000000000
# element connectivity: number of elements followed by the connectivity
40
7 60 61 59 57 46 45 47
6 16 17 6 5 4 8
5 32 31 30 13 14
4 4 5 1 2
6 30 29 28 11 12 13
6 34 35 18 17 16 25
5 72 71 61 60 62
6 43 44 34 25 26 27
6 48 47 45 29 30 31
6 54 55 40 39 38 52
6 38 39 22 21 20 36
5 62 60 47 48 49
6 63 64 53 51 50 58
5 56 42 41 40 55
5 27 26 10 11 28
5 70 69 59 61 71
6 37 36 20 19 18 35
5 81 79 76 77 78
6 45 46 43 27 28 29
4 20 21 7 19
5 18 19 7 6 17
6 57 58 50 44 43 46
6 69 68 63 58 57 59
6 80 75 74 73 76 79
6 53 52 38 36 37 51
4 42 24 23 41
5 40 41 23 22 39
6 73 74 65 64 63 68
5 67 56 55 54 66
5 11 10 9 3 12
5 75 67 66 65 74
5 9 8 4 2 3
5 49 48 31 32 33
6 50 51 37 35 34 44
4 82 80 79 81
6 65 66 54 52 53 64
6 26 25 16 8 9 10
5 78 77 70 71 72
6 76 73 68 69 70 77
4 33 32 14 15
# indices of nodes located on the boundary
1 2 3 5 6 7 12 13 14 15 21 22 23 24 33 42 49 56 62 67 72 75 78 80 81 82 