# domain type
Polygonal
# nodal coordinates: number of nodes followed by the coordinates
162
1.0000000000000000 0.0000000000000000
1.0000000000000000 0.0854127410589742
0.8709167119199679 0.0000000000000000
0.8798232389204972 0.1004275528830923
0.8828848468508306 0.1025825223790208
0.9085772475760141 0.1886637843528626
1.0000000000000000 0.1968940031127028
1.0000000000000000 0.2913396729510301
1.0000000000000000 0.3846588504012733
0.7562637372596260 0.0000000000000000
0.7952678320889512 0.1248054690519834
0.7558337607778735 0.1002334825457282
0.7963917231372142 0.2208194489937284
0.8686654804793980 0.2400736575361709
0.8877001250713523 0.2906521425930162
0.8676226118438333 0.3406775435102866
0.9084601801642442 0.3941311800010957
0.8831684830236604 0.4765753595602846
1.0000000000000000 0.5015296503960142
1.0000000000000000 0.5737315295324168
0.6377050052998121 0.0000000000000000
0.5184687591262925 0.0000000000000000
0.3979801775907918 0.0000000000000000
0.2768547355622283 0.0000000000000000
0.1376488651234014 0.0000000000000000
0.0000000000000000 0.0000000000000000
0.6888953901936735 0.1273057125825416
0.6370496387019033 0.0969789558495611
0.7572504783220191 0.2452457419454536
0.6860073700044900 0.2131555965512500
0.7531001187302528 0.3256151716077982
0.7978900554523339 0.3583094083969194
0.7875078356406616 0.4463571239483857
0.8733458007883359 0.4830683730788086
0.8610679632630061 0.5566053534730959
0.9034131392464058 0.5954995532640898
0.8954251007353252 0.6777563524609344
1.0000000000000000 0.7010795572387909
1.0000000000000000 0.7782538537967053
0.5742564870677894 0.1267815340454316
0.5177457988184235 0.0948263961467754
0.4578400306774341 0.1256899773000918
0.3970044468068091 0.0914741868478032
0.3389615722879398 0.1240959353887510
0.2714245198134455 0.0848061006870199
0.2254128467947862 0.1121553320438351
0.1390606964528145 0.0590560293813275
0.0955500359311709 0.1096231833136645
0.0000000000000000 0.0950773172432964
0.5725915870696137 0.2084471299056582
0.6353994707459741 0.2407024262434044
0.6822539623286388 0.3532550992075623
0.6328165642789566 0.3208190917163958
0.6783898628765684 0.4350015219048821
0.7435112884497241 0.4703923489393508
0.7920728863854127 0.5835639822339759
0.7380260618606104 0.5469120253158748
0.8672343572786108 0.6991670126838319
0.7860155565911313 0.6624683394207834
0.8632845977445178 0.7673453924348289
0.9032016781723452 0.7995255712064565
0.8999157446241626 0.8877324125129924
1.0000000000000000 0.9066446745938519
1.0000000000000000 1.0000000000000000
0.4553466435098942 0.2053196796169068
0.5174614404474442 0.2372343528910723
0.3352650892241945 0.1999549126908746
0.4055136939778773 0.2318982780300562
0.2984483859628296 0.2228886590754320
0.2150361912053728 0.1978703582796224
0.2080095785314763 0.1856583977887284
0.1134033082487848 0.1753458160329254
0.0841501662894652 0.2154212107370862
0.0000000000000000 0.2164313327743151
0.5157463499265835 0.3190722177690250
0.5641798316368456 0.3501720230946318
0.5624860701291852 0.4281357672575727
0.6211179126765918 0.4633675137579594
0.6742107270128375 0.5767123625630232
0.6162564157977782 0.5422500929616340
0.6717230638271997 0.6555142279539150
0.7389519546903613 0.6908674661916243
0.7359386199741802 0.7650640867107078
0.7932631363418232 0.7995657650792986
0.7917550520504606 0.8783708642410620
0.8700828747064504 0.9107692088518021
0.8686619801984307 1.0000000000000000
0.4453033194715756 0.3475951843684271
0.4012876505441099 0.3188448530720318
0.3331059530641192 0.3409008896532492
0.2937346607147688 0.3136799625108494
0.2245927299339749 0.3317691564881692
0.1816342982549949 0.2873567599720531
0.1179014173735799 0.2926670103942812
0.0948173393993066 0.3251250822096310
0.0000000000000000 0.3271256136016733
0.4447763044135309 0.4264956848216427
0.4963439509735457 0.4610328635554800
0.4948594348707731 0.5302128739082256
0.5615884139064952 0.5683864982501479
0.5515318198667494 0.6526681715166557
0.6133569077852595 0.6876549467243663
0.6133067320361607 0.7633052635585104
0.6786299898540104 0.7960849899477633
0.6773277089078612 0.8757375035346227
0.7429525257392448 0.9093687444451445
0.7420763920551483 1.0000000000000000
0.3675005030694788 0.4601500515569877
0.3262899137828152 0.4287501322097696
0.2532999969488136 0.4470837760098800
0.2070228312356924 0.3978174984937056
0.1215196809701606 0.4174745221697922
0.1197641429413761 0.4202104862552096
0.0000000000000000 0.4345262088431548
0.3682569723858486 0.5281757247750732
0.4376470605447944 0.5664312278954149
0.5045787414167779 0.6721819342836587
0.4371151950860028 0.6261380527800092
0.4825362838634319 0.7501521336657186
0.4948245708065024 0.7732415916081441
0.5607825375313792 0.7963936614052194
0.5685198292243661 0.8803644639217807
0.6176079129079229 0.9081245635085944
0.6194654012348588 1.0000000000000000
0.3154640808557350 0.5650844488114251
0.2297025108266370 0.5294303754909117
0.2349409278198492 0.5387725780638247
0.1293302641301275 0.5107788434039926
0.1086397683631561 0.5312686738640362
0.0000000000000000 0.5136216651483213
0.3255036934501006 0.6525046439305056
0.3669925925909016 0.6723694988596737
0.3835261930416698 0.7375828213240239
0.3531247030966649 0.7848037345397201
0.4369086129853298 0.8684616325333534
0.4231793761587217 0.8689351878507301
0.4938620722616143 0.9148964993436577
0.4911942594288189 1.0000000000000000
0.2556741183205620 0.6841642492243981
0.1990413508758842 0.6358231831044051
0.1407915938089393 0.6460621227931559
0.1053689732215538 0.6076845630019426
0.0000000000000000 0.6284319446348725
0.2457859338212026 0.7508880632974133
0.3122908571027813 0.7950849461012196
0.3621292748099484 0.9245152508870416
0.2861227556436919 0.8824792873258097
0.3654557094554468 1.0000000000000000
0.2021689236821804 0.7730815502358729
0.1276214041595347 0.7479026761888603
0.1156609077118192 0.7176050019355997
0.0000000000000000 0.7013955755342213
0.1943811558609660 0.8707914329983261
0.2418232774653419 0.8999883357186053
0.2327501983455240 1.0000000000000000
0.1231046553023480 0.8884455647736841
0.0872157013806037 0.8095845155234703
0.0000000000000000 0.8079849253681076
0.1140166124246937 0.9030605457878926
0.1270545124600203 1.0000000000000000
0.0000000000000000 0.9129653358373682
0.0000000000000000 1.0000000000000000
# element connectivity: number of elements followed by the connectivity
80
4 61 39 63 62
6 84 60 61 62 86 85
6 95 94 93 92 111 112
6 40 28 27 30 51 50
6 27 12 11 13 29 30
5 127 125 131 139 140
6 159 156 153 154 155 160
6 76 53 52 54 78 77
5 49 48 72 73 74
6 66 50 51 53 76 75
5 145 134 136 146 147
6 100 80 79 81 102 101
5 96 95 112 113 114
6 32 16 17 18 34 33
7 141 140 139 144 149 150 151
6 52 31 32 33 55 54
5 70 69 91 92 93
7 129 128 126 127 140 141 142
5 24 23 43 44 45
6 121 103 104 105 123 122
6 58 37 38 39 61 60
6 102 81 82 83 104 103
6 68 65 66 75 88 89
5 74 73 94 95 96
5 123 105 106 107 124
5 48 47 46 71 72
7 139 131 132 133 134 145 144
5 137 122 123 124 138
6 88 75 76 77 98 97
4 17 9 19 18
5 3 1 2 5 4
6 44 43 42 65 68 67
5 14 6 7 8 15
5 157 150 149 153 156
6 149 144 145 147 154 153
4 161 159 160 162
5 10 3 4 11 12
6 11 4 5 6 14 13
5 114 113 128 129 130
5 158 157 156 159 161
6 108 97 98 99 116 115
6 51 30 29 31 52 53
5 22 21 28 40 41
4 36 20 38 37
6 113 112 111 110 126 128
7 29 13 14 15 16 32 31
5 21 10 12 27 28
6 55 33 34 35 56 57
6 79 57 56 59 82 81
5 120 121 122 137 135
5 106 85 86 87 107
6 34 18 19 20 36 35
6 92 91 90 109 110 111
6 82 59 58 60 84 83
6 90 89 88 97 108 109
6 125 115 116 118 132 131
5 86 62 63 64 87
5 25 24 45 46 47
7 110 109 108 115 125 127 126
6 104 83 84 85 106 105
6 69 67 68 89 90 91
7 46 45 44 67 69 70 71
5 152 151 150 157 158
6 42 41 40 50 66 65
7 117 101 102 103 121 120 119
5 143 142 141 151 152
6 146 136 135 137 138 148
6 134 133 119 120 135 136
6 73 72 71 70 93 94
5 23 22 41 42 43
6 56 35 36 37 58 59
4 5 2 7 6
6 78 54 55 57 79 80
6 98 77 78 80 100 99
5 15 8 9 17 16
5 132 118 117 119 133
6 116 99 100 101 117 118
4 130 129 142 143
5 26 25 47 48 49
5 154 147 146 148 155
# indices of nodes located on the boundary
1 2 3 7 8 9 10 19 20 21 22 23 24 25 26 38 39 49 63 64 74 87 96 107 114 124 130 138 143 148 152 155 158 160 161 162 