# domain type
Polygonal
# nodal coordinates: number of nodes followed by the coordinates
1281
1.0000000000000000 1.0000000000000000
1.0000000000000000 0.9600380020598995
0.9616652050419462 0.9644349962594622
0.9591525632562623 1.0000000000000000
1.0000000000000000 0.9266405193910674
1.0000000000000000 0.8867783328744814
1.0000000000000000 0.8452158517533467
0.9559208024857668 0.9236967813750522
0.9512025522557803 0.9536812836938094
0.9194646646511082 0.9613674845713183
0.9211311183866779 1.0000000000000000
1.0000000000000000 0.8024295690367695
0.9521739396034931 0.9176475001689435
0.9640436044338079 0.8858972459176386
0.9227026013949888 0.9117174087597660
0.9538069118111683 0.8699115132370610
0.9668273416058784 0.8445933223427817
0.9551992636095611 0.8249092981354624
0.9682302577902198 0.8020499361465603
0.9044071692894126 0.9316241577661472
0.9087199219423860 0.9538762660078421
0.8763578749759786 0.9706377780803416
0.8781815092877527 1.0000000000000000
0.8776382661543676 0.9213600148436016
1.0000000000000000 0.7592190002866572
0.9561458961367821 0.7811168888417838
0.9694077781073733 0.7588084179152959
0.9142412134806164 0.8868475144311996
0.9283442584151167 0.8684954262860072
0.8864963495574317 0.8831781663387291
0.8726856123234574 0.8997152912465718
0.9170511444935482 0.8430754154572220
0.9300971293506853 0.8241004351218070
0.9316011480426694 0.7803924592230058
0.9186043602032730 0.8003999922783103
0.8564296933819032 0.9420093845694022
0.8589895934762660 0.9575864659556402
0.8280542341238126 0.9796791021273287
0.8279960956911024 1.0000000000000000
0.8337888790887519 0.9300203761745933
0.8436263104473454 0.8933317646736777
0.8294396438629381 0.9103007370030555
1.0000000000000000 0.7153696707233931
0.9570824318180953 0.7378654710701662
0.9712254136042469 0.7148629966950919
0.9334952794720519 0.7368052373913814
0.9200641511056381 0.7580810365051367
0.8785189266848097 0.8575470999293044
0.8901424420888110 0.8418271202017866
0.8376449690112916 0.8708251901588553
0.8489557933131192 0.8550838316868885
0.8923212257020642 0.7993344676806278
0.8805131468659835 0.8162990124194502
0.8822668605722499 0.7753638831856812
0.8948440819970359 0.7568906206286996
0.8059342758592876 0.9557587104739624
0.8061114814230277 0.9526104851686189
0.7760232988965484 0.9771884351499773
0.7751194818653283 1.0000000000000000
0.8007947104861839 0.9034254169803544
0.7862697648500422 0.9278222545972720
0.8063922397456333 0.8667150258351829
0.7944597947518016 0.8881950923782180
0.7259467056108668 1.0000000000000000
0.9580486338102240 0.6941313552340574
0.9731341397981464 0.6703934688613097
1.0000000000000000 0.6696183289351038
1.0000000000000000 0.6259578087357708
0.9364922477335343 0.6930169815825300
0.9223694094389586 0.7163959658907152
0.8842628273301953 0.7337507426118336
0.8973048260941316 0.7145250585363411
0.8409251920036155 0.8308748481349477
0.8519932315518616 0.8147817808952112
0.7993512927323100 0.8492277231391632
0.8114508812677222 0.8286873443161962
0.8550509099395558 0.7735577859270789
0.8431760315174639 0.7909258184282477
0.8591817948482170 0.7321998419283489
0.8459948852079177 0.7508287204371482
0.7682935583864688 0.9287187697401281
0.7525877388739339 0.9544158066629724
0.7417934064694742 0.9556680434863293
0.7244333087639162 0.9751389960871317
0.7631724643465276 0.8842762225203946
0.7527175198606102 0.9070619334298732
0.7692811094260196 0.8451613356147526
0.7562848986885509 0.8701223413048303
0.6947946154334483 0.9609864611260474
0.6766777187312047 0.9742085472666028
0.6752532390429559 1.0000000000000000
0.6313682412959420 1.0000000000000000
0.9253556227369325 0.6751547210629645
0.9552224167957430 0.6464161424808920
0.9402085771120052 0.6483767638801444
0.9676615180612897 0.6261482126978216
1.0000000000000000 0.5832504789695195
0.9557419698586497 0.6022313631688913
0.9695136460538726 0.5832828502895375
0.8877267554317907 0.6931065878538512
0.9015811721684572 0.6727171131047854
0.8617801051254174 0.6901780288106095
0.8484083313807491 0.7081164200427552
0.8024890014766384 0.8080263082964576
0.8145256521715595 0.7887101530214922
0.7617548117441064 0.8292785807725925
0.7751933895655744 0.8060473236857358
0.8191634389076767 0.7478223186599978
0.8059201511645148 0.7678715950840799
0.8259802468745995 0.7067571957206142
0.8107677662132547 0.7279006624772024
0.7253464963023812 0.9107860839703054
0.7188488499367727 0.9256176820314451
0.6957940587177878 0.9350189925170109
0.7131101417148608 0.8889607244332146
0.7266239532316683 0.8654872268980688
0.7192633787696214 0.8490097729841759
0.7340369970640024 0.8249943187178077
0.6796115707494941 0.9248565711693055
0.6491418363157625 0.9552726304771711
0.6507393305541397 0.9411752363242830
0.6301307102289946 0.9687216874903033
0.6081356737322104 0.9593253445389036
0.5848010263200205 0.9787085434145055
0.5850647193161885 1.0000000000000000
1.0000000000000000 0.5418804435038367
1.0000000000000000 0.5031591889734214
0.9149981429055839 0.6256583553491943
0.8927173536046417 0.6537494991290372
0.9147713627735147 0.6239319004116782
0.9326912436571329 0.6006762471417251
0.9553526582150229 0.5544508523728620
0.9673558985603922 0.5414503771105693
0.9211873459240140 0.5763437772127542
0.9398486322005157 0.5543386103653130
1.0000000000000000 0.4639179876126782
1.0000000000000000 0.4251524602157918
0.8537146340508860 0.6680298952892904
0.8702429046701573 0.6479576613024968
0.8125425622239624 0.6820906447816341
0.8278471972765428 0.6627446476666127
0.7779694751133507 0.7646048125702084
0.7647394220282389 0.7857395448074345
0.7414826110520223 0.7845104054212004
0.7259104765493902 0.8074293823254838
0.7955705148353373 0.6816959439663801
0.7701563663834478 0.7460714131560491
0.7845380203810020 0.7230899717558926
0.7780523173459060 0.7084821787158511
0.6849716005664286 0.8875483544809453
0.6756102015229406 0.8998651870066287
0.6772671389891481 0.8627747701425014
0.6906631272706255 0.8435593016993774
0.7004316770015299 0.8023676769611605
0.6844915915257291 0.8262245446677408
0.6936628740319221 0.7875786758820994
0.6320038095129282 0.9198438681573011
0.6425703037148323 0.8968069495146367
0.5376562488504074 1.0000000000000000
0.6074472485300386 0.9238432351259144
0.6016785963852864 0.9348298915618830
0.5657305851534413 0.9391906470267307
0.5622471160340214 0.9600964578623692
0.5391439175493534 0.9716732859812827
1.0000000000000000 0.3837516045176773
1.0000000000000000 0.3406925916547889
0.9588594135527607 0.5048666622706551
0.9618516830637498 0.5023271784626695
0.9660496303548745 0.4654542989379606
0.8852782567546692 0.6066053436235792
0.8637522221872838 0.6290543752747050
0.8828099789402410 0.5922573216689310
0.9006226887194799 0.5732550522491603
0.9394748601239362 0.5047947563562154
0.9202871523433537 0.5275814481440532
0.8909006338738770 0.5484957349841881
0.9098860020288909 0.5277060877792098
0.9564778489791342 0.4559608100887983
0.9661590441097401 0.4251880094898993
0.9551421367379433 0.4108130230618768
0.9675103202890080 0.3836302302139085
0.8213356769664434 0.6415253871775182
0.8427208303194698 0.6212836016453819
0.8005136014772877 0.6336900806785709
0.7778386848057128 0.6511512608917474
0.7773187425691153 0.6600054062654942
0.7273981223763319 0.7600549033692219
0.7412688328903768 0.7413357564230423
0.7105735514555043 0.7603668053960889
0.7350245372069489 0.7197345355676644
0.7484231899092636 0.6790499892245763
0.7538605339081577 0.7010881326483847
0.6337726473232987 0.8783360518256877
0.6459813052500644 0.8583326778115835
0.6396949636465820 0.8388825716007858
0.6562386538075352 0.8186663553992837
0.6509547511651286 0.7982243731511740
0.6692809221478588 0.7806728957702176
0.6922190829106042 0.7405903433653143
0.6637423260028098 0.7564353267387783
0.4942598610382846 1.0000000000000000
0.6053052891637509 0.8769739043901996
0.5949981639389325 0.9010379267232380
0.5199672322749079 0.9568824920312982
0.4955010153586812 0.9664557336685482
0.5237119437822402 0.9294749072988840
0.5633246978373000 0.9018224208185197
0.5566502794264772 0.9264272658113433
0.4526450944543123 1.0000000000000000
0.4074653375519268 1.0000000000000000
1.0000000000000000 0.2968362348179215
1.0000000000000000 0.1207893756278027
1.0000000000000000 0.2527737025790403
1.0000000000000000 0.1643566600458242
1.0000000000000000 0.2085065571390468
0.9550173630737672 0.3652181932461828
0.9680420774709559 0.3406812706360773
0.9549461271976902 0.3198760116186663
0.9678927331425290 0.2969355728925656
0.9655426898164020 0.0782209517985987
1.0000000000000000 0.0780605268496147
1.0000000000000000 0.0367729792225127
1.0000000000000000 0.0000000000000000
0.9218347493661766 0.4796294221928532
0.9335776386088895 0.4575866649139362
0.8367437752321963 0.5998351655602707
0.8574939898451339 0.5816702250270134
0.8532820336981769 0.5587614785233193
0.8706606188042653 0.5446082794754967
0.8969059316768466 0.4830510488922699
0.8621724833177172 0.5107667201803033
0.8895196505714684 0.5015331185929582
0.9324041921204949 0.4107359537153264
0.9175844625245294 0.4361169618224656
0.9320924437599718 0.3652284122994549
0.9176167836222316 0.3895871978961049
0.7957569295024304 0.6090870355269755
0.8174552194829301 0.5924415125103253
0.7754314425435556 0.6003856380235931
0.7533906999415961 0.6169469998548810
0.7532426824309995 0.6308339828489209
0.7291166779790653 0.6481854184068080
0.7319122107900481 0.6703395050014926
0.6933586769490508 0.7252565730958388
0.7122388011719107 0.7118508373605463
0.7093011222870172 0.6848596812606509
0.5965904140510530 0.8637974441398039
0.6103308977343879 0.8307981894616372
0.6042511866124982 0.8348524485176861
0.6278701945365217 0.7897994018962252
0.6125029671037295 0.7995830519627608
0.6264664868855505 0.7613875668663260
0.6492186380446829 0.7486762208430731
0.6464771008660249 0.7236626819020631
0.6683156449318786 0.7089425361112116
0.4764798414544353 0.9529395912343915
0.4513024901710950 0.9680653599074778
0.5543328398129915 0.8875394600679719
0.5666020709357031 0.8640828110056257
0.4760048006308631 0.9367061093804954
0.5117748190324368 0.9155782188543473
0.5050306146584830 0.9145965572790045
0.5326329953685145 0.8853324061927437
0.4293371667363667 0.9558026328060342
0.4066560334778686 0.9745209892637343
0.3612267461634208 1.0000000000000000
0.3816353410775036 0.9588576841629048
0.3616620721223743 0.9726979422144395
0.3178114967037776 1.0000000000000000
0.9547208583234112 0.2748465628744801
0.9674260277406581 0.2528257680708786
0.9535222596782347 0.0941779516602146
0.9659767222516907 0.1209208370688481
0.9537129619837461 0.1401418712445134
0.9666875334542716 0.1645767733021672
0.9546481009948068 0.2303548799017525
0.9542001899767043 0.1854777531640963
0.9672863022131896 0.2086594805060102
0.9312355684837168 0.3201216710916320
0.9175165040548314 0.3432582385051323
0.9299974608616300 0.2752357575624970
0.9168962526206197 0.2973742187666296
0.9288052116408436 0.0937064498705822
0.9168495012724459 0.0744637349935078
0.9282744129669418 0.0476390940957487
0.9533263632941817 0.0434246573209289
0.9566055762966803 0.0391319358706595
0.9539621762430052 0.0000000000000000
0.8822136932272783 0.4621528192276289
0.8981436480722280 0.4363892924289144
0.8115852720735082 0.5675170911534024
0.8326981925564090 0.5514507115041369
0.8556266394154520 0.5078358181138296
0.8267154163446309 0.5251358288260409
0.8461770996808471 0.4821653562293499
0.8626787129295921 0.4614021532931085
0.8973109497730919 0.3897483228279151
0.8818397832690543 0.4140802399688743
0.8816695203398575 0.3670863361635349
0.8958665204917416 0.3437435436342089
0.7714900218937912 0.5771255651743357
0.7932300149980780 0.5604913403562046
0.7510836196279560 0.5678753469193033
0.7291501953384459 0.5844527344783358
0.7292505691874822 0.5997912883610467
0.7068227647712317 0.6161952776570607
0.7080988703186161 0.6364048704130173
0.6868875113804837 0.6511322935713119
0.6885974581486140 0.6749608527692850
0.6683145376972330 0.6885780695512693
0.5545604023574886 0.8409626907587581
0.5691832642822167 0.8227948142306901
0.5667896132813642 0.8037480866078972
0.5852039576231104 0.7646592657680181
0.6063483860088337 0.7510654615501805
0.5866938495238001 0.7879912497055752
0.6049032134752341 0.7267637615534219
0.6258838991151652 0.7131217405648258
0.6452647764515010 0.6754656324133601
0.6243004911660515 0.6891510078425932
0.4268820423515933 0.9400062919829085
0.4442030700335076 0.9180234722493441
0.4522651735605135 0.9166819399390818
0.5339487955950952 0.8402445111172613
0.5195629274616480 0.8661298104147844
0.4973701671739499 0.8660106238206000
0.4665222750971519 0.8911280113215483
0.4850441871334880 0.8890370027228897
0.3825008909818735 0.9383332859771546
0.3975381054719426 0.9277318584746702
0.3375692515288374 0.9580411856354928
0.3175336805311758 0.9713389412405494
0.3567903598924329 0.9243784962177393
0.3381637425959002 0.9375443861359876
0.2958815524775568 0.9592468700492870
0.2744740739593092 0.9726333045235821
0.2741418299624885 1.0000000000000000
0.2314257375576872 1.0000000000000000
0.1899805985268252 1.0000000000000000
0.1509602639780573 1.0000000000000000
0.1124417535267391 1.0000000000000000
0.9285395779883510 0.2304627174500742
0.9160748523943213 0.2519275652479280
0.9283854533613369 0.1404091261630947
0.9145966771807694 0.1176213817167457
0.9150921321938109 0.1631626816215415
0.9288166834909504 0.1858221817660888
0.9160840451837158 0.2081162707111628
0.8939953142222992 0.2980973104386934
0.8804161192543687 0.3208198365927839
0.8914186319908080 0.2528993456042881
0.8786864503167762 0.2745023467378179
0.8916178256406625 0.1176495198496457
0.8757429905880694 0.0880670173897091
0.8855237195650121 0.0741812047716286
0.8776436294459374 0.0448555362156293
0.9084407562780527 0.0287819342732921
0.9100242755876304 0.0000000000000000
0.8635144661261932 0.4144013908985174
0.8480594842783429 0.4361097286099127
0.7872602809314264 0.5363644048366643
0.8106420721164522 0.5178670511518602
0.8051866887492513 0.4972837998318547
0.8216489258211552 0.4775882023618785
0.8129575403929221 0.4552130226901557
0.8274804057679415 0.4357112891915229
0.8608572172269713 0.3677757096072259
0.8471503242155607 0.3899006438001754
0.8455589885345915 0.3448773796417807
0.8589922313909152 0.3217580435343486
0.5210680576809577 0.8229768084176701
0.7683718618706834 0.5289688919718156
0.7473908538019685 0.5456216261131989
0.7274857314154574 0.5367903051800254
0.7055092890153064 0.5679995612554323
0.7064808163859133 0.5506335723530905
0.6844433162848047 0.5815016882179029
0.6841559883302986 0.6028616727537980
0.6640005078996377 0.6157931101945245
0.6447682356956942 0.6525843527470909
0.6645860870800446 0.6396819920312270
0.5429663324200801 0.7918679258831883
0.5275994874741480 0.7992023987037689
0.5829958587017504 0.7154145087947004
0.5642259816434227 0.7265593451555544
0.5460307072191526 0.7626526255445160
0.5632152195422659 0.7533101910329072
0.5830117842899245 0.6901026979456467
0.6028978645844244 0.6779571457924389
0.6023133565617292 0.6530038040392407
0.6225811583836542 0.6407571679238011
0.4192689412405760 0.8928637118134105
0.3994212360526370 0.9014850967547084
0.4256602199940273 0.8747414546353302
0.4484560648867115 0.8679832730817912
0.4850535428499270 0.8477952499386400
0.4915078249652695 0.8273054381291941
0.4550717333949517 0.8523990864030301
0.3797830920308420 0.8893287011962919
0.3569493055446045 0.9038710823471162
0.3786175178888521 0.8705713558306518
0.3126444583922277 0.9229172489365680
0.2948241546960120 0.9341401407355548
0.3147874220648612 0.8998357241859231
0.3357928210212771 0.8900280253842213
0.2747855747013859 0.9253078196323524
0.2519434064550971 0.9575792116070097
0.2523372927267511 0.9426307638451878
0.2316178127818865 0.9712383202727884
0.2082683670309924 0.9582447692148344
0.1909209351667039 0.9673097098984581
0.1700297501741012 0.9564991804027348
0.1510030057565645 0.9668719385144829
0.1299644748071118 0.9564952015441405
0.1116760738558831 0.9668572472230383
0.0915896242916437 0.9578650775205246
0.0731357633888375 0.9700442879946495
0.0725260201091637 1.0000000000000000
0.0356508495176544 1.0000000000000000
0.0000000000000000 1.0000000000000000
0.8766924008975114 0.2284830226146040
0.8884197586718164 0.2079097282694750
0.8911507145621475 0.1634958550948115
0.8755256014598741 0.1392893990907229
0.8776391037834308 0.1866464226021278
0.8601626249657741 0.1389840804666243
0.8563630006472501 0.2758408549523564
0.8430626081264508 0.2991521083284405
0.8521054433766670 0.2304314655921922
0.8398077081768869 0.2522995601145455
0.8526650636879398 0.0909575283605737
0.8423266503385454 0.1181523854582263
0.8357002074214099 0.0740347817396176
0.8396084318283549 0.0482420755255980
0.8633081167763423 0.0373958142791339
0.8614522065930607 0.0000000000000000
0.8137681624267864 0.4110756253519465
0.8258741487000958 0.3911403406066744
0.7630328329756073 0.5059666192747881
0.7778271908132730 0.4891709256719587
0.7736639695969976 0.4708233119568984
0.7882158424579301 0.4519700948235117
0.7890032078879728 0.4122914088993839
0.7792838531724048 0.4304262655361343
0.8224849849816349 0.3458423561333394
0.8106524552839325 0.3676941402380263
0.8215493034662255 0.3004300859403030
0.8088637358030742 0.3251244622709606
0.4804449077201213 0.8118787900910149
0.5011670704254806 0.7814406890141691
0.4869011413307259 0.7887538380415529
0.7355506728821488 0.4998135567481663
0.7241729772878043 0.5110198115354819
0.6841956647052084 0.5340623194122790
0.6928679927371115 0.5049785583519049
0.6654005961580376 0.5404695971962465
0.6619900399387033 0.5676562454713392
0.6426390735681170 0.5771458374577014
0.6418852788344940 0.6039757146010549
0.6222420122587486 0.6151027861942252
0.5207078139664388 0.7494711457905221
0.5059024117416560 0.7580948650793008
0.5601786801399972 0.6778468388026710
0.5415197380323310 0.6894143495264862
0.5401934828690274 0.7139157479805558
0.5234163386004617 0.7241136219667212
0.5605187464547307 0.6539913858879181
0.5808575916905255 0.6414511028265615
0.5802226840041776 0.6173258318262322
0.6018716099949089 0.6043540963040431
0.4030921961841412 0.8496275641218533
0.4018873493849973 0.8496924621179333
0.4206888205099599 0.8294093651865966
0.4425268639129992 0.8284808695998632
0.4512779500304687 0.8145279838393168
0.3388555974443371 0.8637734731891643
0.3522966794517987 0.8566315582120980
0.3751002163693861 0.8242174759174934
0.3576851525199964 0.8299333227173057
0.2958789306462210 0.8858805376281638
0.2751201962379027 0.8917175835110757
0.2690997006173070 0.9017728255480000
0.3134596560611259 0.8509153493506305
0.3020458964197862 0.8567667368263328
0.2115504183061095 0.9305211018906667
0.2354289969472109 0.9024691715333794
0.2283213489949102 0.9235477362897531
0.2274841982161633 0.8873881864438788
0.1912511472549318 0.9185699378051378
0.1700844656013071 0.9295601990838117
0.1503664945177500 0.9186928688436113
0.1299850290222943 0.9293662888789793
0.1101938816108428 0.9187003471487157
0.0883712898471740 0.9307272726484884
0.0745240311247894 0.9242654838515427
0.0451520434686376 0.9556617865718510
0.0459053312994990 0.9431078626768069
0.0349149907879731 0.9647206906173765
0.0000000000000000 0.9610354952405844
0.8355794894833625 0.2049093302821690
0.8471661993286922 0.1842270253927402
0.8398968546588624 0.1667045952572497
0.8140660144501646 0.1578052110108850
0.8168862551494944 0.1225719125459485
0.8181044087374395 0.2543649600091770
0.8056814165811846 0.2800787877410167
0.8118498598065964 0.2081504348432101
0.8011056722463966 0.2340474936395236
0.8068221116298946 0.0828625520218297
0.8047704325564968 0.1132649885562419
0.7912603884476676 0.0705066371028332
0.7927064102801135 0.0448185093300195
0.8168382138180530 0.0323882457346216
0.8183487855751673 0.0000000000000000
0.7763262722446068 0.3911616184228684
0.7864143658726194 0.3697368020438538
0.7315544507679994 0.4718924814176253
0.7439452568559682 0.4617812552456472
0.7447545446013532 0.4306481775164934
0.7410109396892844 0.4264117628962026
0.7485551022419279 0.3931165146029309
0.7825574628623599 0.3255494178998211
0.7719095783420614 0.3490886251123952
0.7719648141236235 0.3089922987243005
0.7837757886353232 0.2818279528530528
0.4585745628159487 0.7710177338842714
0.4423091896327426 0.7891302905347005
0.4783137579881881 0.7417747376286041
0.4579711343026511 0.7593729701013049
0.7065399260014705 0.4656635587205493
0.6878618396197635 0.4964900999904578
0.6685521620271465 0.4912038294559310
0.6461131431901987 0.5267702367778866
0.6452756397761475 0.5121273700027410
0.6215199393259214 0.5425945942393080
0.6002775746701915 0.5788153213606880
0.6225212302868819 0.5657011002637495
0.4974574158500549 0.7099537159842185
0.4782465807172447 0.7242343585658868
0.5375757025939573 0.6408424963204560
0.4977498509200016 0.6889230103182924
0.5173265185264373 0.6540623896596433
0.5169201580212619 0.6757314402086572
0.5376374637758135 0.6188322903075221
0.5594627803212638 0.6054856636498285
0.5586774158800943 0.5818996998786042
0.5814603721548525 0.5690166862041075
0.3852444720525062 0.8009300651947424
0.4053818740743567 0.7979133753048286
0.4154488633149486 0.7855712114839898
0.3380444114378500 0.8151955166791226
0.3176717141131482 0.8237946989753751
0.3665895759740851 0.7814198146391986
0.3414195882515549 0.7916324061454444
0.2560595579748327 0.8598982668485413
0.2747219077526522 0.8444587221400922
0.2496188293096950 0.8596800430320616
0.2741493199265181 0.8219149591049898
0.2965488725240213 0.8092741299661859
0.1914381163203101 0.8920505065530553
0.2082186809259542 0.8816947260725487
0.2299984472509479 0.8404281633376131
0.2048720439152101 0.8506817653670891
0.1693505676530261 0.8816861479792021
0.1505263979551091 0.8910582202063360
0.1096636788261936 0.8909902174306132
0.1332067267489622 0.8817415141994163
0.0978521131506748 0.8833718976705323
0.0663053607197690 0.9001163345832603
0.0731027926169037 0.8886873060434136
0.0288663384534379 0.9230561694343862
0.0383410901676918 0.9011840980304489
0.0000000000000000 0.9264645027839020
0.7989992374077809 0.1657024876952145
0.7941461888551100 0.1881666829643130
0.7781441742895433 0.1207330437817738
0.7735477993992042 0.1480211289488760
0.7783136659175915 0.2373753039787368
0.7676512952856943 0.2634701639800632
0.7486230071565660 0.2659051600277584
0.7610298876345686 0.2179093047465401
0.7655894061221136 0.1977030163965041
0.7644767631421697 0.0806567426454463
0.7613179454979132 0.1065981303121869
0.7457475408520301 0.0655115666811189
0.7476566619667939 0.0432366111339664
0.7708399032747167 0.0298914752051457
0.7715074567677027 0.0000000000000000
0.7474195548418946 0.3516102729356750
0.7366498603762044 0.3798762768731095
0.6989950548385053 0.4516802052046765
0.7124626446308731 0.4251008770512250
0.7146459370409696 0.3811619862821191
0.7016767689981027 0.4086351065431365
0.7415684401693058 0.3072995675662088
0.7312418020558825 0.3326850864463305
0.7348797942446496 0.2953031292328315
0.4104958439516702 0.7609970164328941
0.4331139191099982 0.7438235794537474
0.4534282981498322 0.7098634282702939
0.4322328100032874 0.7247099836002837
0.6705240274212703 0.4479440035485084
0.6585460738658361 0.4692102856829045
0.6213477622605021 0.4946564851648557
0.6285317858812374 0.4682975737449671
0.6023663338437432 0.5021684328918132
0.6000804150098764 0.5299331746052488
0.5791452395963408 0.5405451883118081
0.5639717690930598 0.5332495977215620
0.4729211237835141 0.6749591848013692
0.4532997135407261 0.6884240649972201
0.5156957127673827 0.6051199449793785
0.4936508591097130 0.6192192809871614
0.4932993631250291 0.6398094837456536
0.4732586090578199 0.6533683165104130
0.5155835525290733 0.5845912777573158
0.5379220341333116 0.5485526957411180
0.5392700759595959 0.5700763451814949
0.3891772825835377 0.7511520855459791
0.3703665013146107 0.7616870046744697
0.2978694179103879 0.7871368717737062
0.3217371258481186 0.7754169354068180
0.3241653130657272 0.7543970968462506
0.3450313380224483 0.7432327646852421
0.2332999524089018 0.8193928666401576
0.2537868501413459 0.8095838015629020
0.2779877653857528 0.7728123835454651
0.2556102039714213 0.7831028284953292
0.1897653829950127 0.8425459560941242
0.1702674467934343 0.8518746588060939
0.1896238177345092 0.8148013095202813
0.2112523332588274 0.8034100677433414
0.1489227076933837 0.8416781933012173
0.1330196757431776 0.8502694469725399
0.1107843873144775 0.8422875327319439
0.0982786785973468 0.8498650646945645
0.0750577667283222 0.8437797815853946
0.0589489504637356 0.8617148915405388
0.0408282828618365 0.8607742622972120
0.0267719610157446 0.8830356376223992
0.0000000000000000 0.8824455745858758
0.7475303965421768 0.1783089157795110
0.7515937161112383 0.1573853997033506
0.7354473939342615 0.1153223485441739
0.7311764144803079 0.1393944746749845
0.7328961405906963 0.2272596782883827
0.7288424153919102 0.2468813824353803
0.7056637633423440 0.2883069169213389
0.7074620069433689 0.2562946113283164
0.7157885584740280 0.2087801725154247
0.7193932915220554 0.1884992637134929
0.7206389347802317 0.0765809466702114
0.7175393690696373 0.0993046338811484
0.7007003868362266 0.0601696732093206
0.7232225037482803 0.0261011690766914
0.7026080339805411 0.0403962788907423
0.7242137024349924 0.0000000000000000
0.7091362633431799 0.3365449340452926
0.6994341996257402 0.3636504903410835
0.6756711991713231 0.4070130204795147
0.6623690851242966 0.4315174941489819
0.6660593515901403 0.3904246117552889
0.6762899020554204 0.3664531004865210
0.6913468223684872 0.3192832592821243
0.6944116414674993 0.2955641455312694
0.4096089665617340 0.7116007044179249
0.3894148281015311 0.7232221697293698
0.4101272669099499 0.6868914877970538
0.4290000183758923 0.6750761830131891
0.6186810666756258 0.4537234148397521
0.6370479312315547 0.4281020311743979
0.6060228594479450 0.4515600662884678
0.5819862644491248 0.4890515595899138
0.5809938132608764 0.4724195263495064
0.5573142908663490 0.5052604197365596
0.5441804132272495 0.5003944421022893
0.5190524089569131 0.5358316732807710
0.5181012153603958 0.5186118593940987
0.4482649063795466 0.6389213760832743
0.4297988764547155 0.6512486612982116
0.4706477164964045 0.6041900169753076
0.4713426700618861 0.5843427801722660
0.4943437636755457 0.5701521144239053
0.4492192244056971 0.6177341270948528
0.4945093831185300 0.5511926782806538
0.3665363541130267 0.7109265406683211
0.3484076842899707 0.7206945141284380
0.2802913584999502 0.7482611806299292
0.3015683564436172 0.7380299391943884
0.3236787080564434 0.7045595266783646
0.3049006794750059 0.7137589737136379
0.2131957409857596 0.7807221358854870
0.2356283549584993 0.7698367251969029
0.2372813634700317 0.7445746030683293
0.2592053521375046 0.7339433429317864
0.1500774830784096 0.8135113141401391
0.1684236345273955 0.8028610454532120
0.1691813280234962 0.7780529692322463
0.1928999896009333 0.7663308777789470
0.1099896223095368 0.8110323684890167
0.1242407927791361 0.8011003123434481
0.0840397394102115 0.8037437865870800
0.0679956959715062 0.8224565018826615
0.0428874088747119 0.8177469845084249
0.0289910909168519 0.8416696804986545
0.0000000000000000 0.8406510791310415
0.6691534048033765 0.2828933246461663
0.7062811411330658 0.1484659049498513
0.7015185456373996 0.1702261616125392
0.6871975509930895 0.1296687441752379
0.6918224130512758 0.1088906928512291
0.6839623199713415 0.2435330463468800
0.6864775554285836 0.2191001384969361
0.6698122208792119 0.2522948018534587
0.6706104737928719 0.2037878635935211
0.6764581281503963 0.1782656248037809
0.6723668369550280 0.0892914997031103
0.6766798626659707 0.0716317101388028
0.6524863230935699 0.0469549955756181
0.6744000637422387 0.0223530185753370
0.6726025229188096 0.0000000000000000
0.6641228066922124 0.3301128985548510
0.6606845795681393 0.3475637419537254
0.6256629463936658 0.4046380962379953
0.6366937965229496 0.3893081910846997
0.6275793579068012 0.3590865115770452
0.6445425175476699 0.3096842290198618
0.6478039249828585 0.2938158864745042
0.3859884042354114 0.6741244138520623
0.3686894601303618 0.6839365971386859
0.4034649423388409 0.6374418656133433
0.3879153652910711 0.6473345796009859
0.6026213032286671 0.4048603818253909
0.5902490627511398 0.4262433712903728
0.5574556297455994 0.4553311021598223
0.5677283628047426 0.4279561148839297
0.5411618681724707 0.4598493876055070
0.5337304008498636 0.4748821345005537
0.4990062260551992 0.5041515652002544
0.5030230647787880 0.4791220345687905
0.4739018078221225 0.5360629405356762
0.4767045660294267 0.5126081644400501
0.4254340560552384 0.6021105960501804
0.4056233301648560 0.6133761899805268
0.4277066232665358 0.5800042138439079
0.4515907247006027 0.5464219741924177
0.4492543591822595 0.5687536397942583
0.3279655308368684 0.6784852132756940
0.3436604674551458 0.6705838476152983
0.2613723231833161 0.7085637717550120
0.2820342787740638 0.6986404662249720
0.3028207124712314 0.6636778215108583
0.2852640960864819 0.6720784877382128
0.1942511394921745 0.7426101564256136
0.2165005565736360 0.7309405891531934
0.2401456300986720 0.6947999523642485
0.2175792705753168 0.7067363479349313
0.1253667378861393 0.7766115304939585
0.1502303248384632 0.7650410485584782
0.1512872391148629 0.7403866472434444
0.1724899288866415 0.7283862145158312
0.1085781278578947 0.7638885605542788
0.0767437470306978 0.7793350101481674
0.0804905808592409 0.7726198681345374
0.0435977207479610 0.7822102934993262
0.0348095292123596 0.8016802421331333
0.0000000000000000 0.8010729461237999
0.6436223762411216 0.2447002684236164
0.6264020506771931 0.2721069404111360
0.6481792007386264 0.0983414956072289
0.6623591567511139 0.1383551587803182
0.6568532912861930 0.1600693190705942
0.6438182266776670 0.1194268211217677
0.6364270813852718 0.2294096795950699
0.6449438194949683 0.2095801482203036
0.6287003821730166 0.1872985756476640
0.6360239869248896 0.1674664013349980
0.6438270855155399 0.0475689434852535
0.6283043983411197 0.0802209771553140
0.6260172063880883 0.0327354166385706
0.6270339302572707 0.0000000000000000
0.6176869310526173 0.3216817109048749
0.6239132937494584 0.3570324142240078
0.5944930439551658 0.3656945398505991
0.5883679579182538 0.3838354367165849
0.6077938817190578 0.3169970401095434
0.6096354629781706 0.2734688183144321
0.6003454099539189 0.2852141519723937
0.3596620030161349 0.6343380013935912
0.3480536836067641 0.6411124293647779
0.3812703657352693 0.5978870827830803
0.3640073979689488 0.6064520404969604
0.5602228203124762 0.3897364801053811
0.5534987346766064 0.4111916753180819
0.5283882403969745 0.4163952296561968
0.5213069646938830 0.4361962360553263
0.4975144846481303 0.4428554028806834
0.4921291497856324 0.4668220137233489
0.4645294482426038 0.4718481063361260
0.4598825422957654 0.4988608096828271
0.4361659600836815 0.5058241735616091
0.4320174775625619 0.5313485964116982
0.3854714077633950 0.5728888505364910
0.4056072526308149 0.5639112680191027
0.4097582061505718 0.5398161130559415
0.3177418473602011 0.6282704549929897
0.3077015641434793 0.6337052210009017
0.2410729136523486 0.6700929567290822
0.2624465727465453 0.6583434361642119
0.2634615452585178 0.6322309067339114
0.2803795726121743 0.6220198145383171
0.1962018020017315 0.6927693110940338
0.1734605740740434 0.7055567494097814
0.1968325344585303 0.6696190673903808
0.2190947778344042 0.6566953585169389
0.1272222099468382 0.7261091281425609
0.1111632127177508 0.7359065390527034
0.1515320742380317 0.6909705716961894
0.1289773956634062 0.7041703321304337
0.0672702070780811 0.7400731863633957
0.0833431894784212 0.7238535534448699
0.0454131760437239 0.7386990232464598
0.0324572091992512 0.7619760345956400
0.0000000000000000 0.7614710307999051
0.6120334467880810 0.0823495192270397
0.6039517342216791 0.2289839580547287
0.5945894568450075 0.2434174507189096
0.6145859820268742 0.1299237925849747
0.6007346442413846 0.1133223726740853
0.6121974515426234 0.1443681749602236
0.5945288686096991 0.2019969189746594
0.5882851160257812 0.1602651556978135
0.6003171676492820 0.1927881731406912
0.5962521186955512 0.0687255986610699
0.5970880746108891 0.0431859521727851
0.5826015548013207 0.0319470785316144
0.5824225846736253 0.0000000000000000
0.5764106927088657 0.3434649928251304
0.5802115101846219 0.3291497998835517
0.5495882154484065 0.3532067769856074
0.5446875142787551 0.3699394125237199
0.5614910937555732 0.3063851538958949
0.5712353962919408 0.2859318412392183
0.5702167239291560 0.2459668603157555
0.5596327874697780 0.2656982534505234
0.3385374153165669 0.5910624542401809
0.3241579632910517 0.5975626803828780
0.3628267595377035 0.5563726553961698
0.3446498854441671 0.5636002027127188
0.5179151052419494 0.3776745069236669
0.5121306926230189 0.3965945323411799
0.4810558411681751 0.4265311836914472
0.4866597838740518 0.4034317919766788
0.4518421803025531 0.4593966417021763
0.4571969792600129 0.4331112144127711
0.4260523649514699 0.4645037004958189
0.4205170347901246 0.4921474988291761
0.3963488965192067 0.4979293760223409
0.3904835905810478 0.5238099008407451
0.3687499502542904 0.5307827971510376
0.2813552029319732 0.5913816180029634
0.2979378424312339 0.5828391724465269
0.2392091064376466 0.6199043037763826
0.2193031804881541 0.6321083130553907
0.2392605493724438 0.5937840291533252
0.2603650323110132 0.5819233582864015
0.1521022370001896 0.6688463691629657
0.1744355844900751 0.6554113198803106
0.1965042131869304 0.6196081533613940
0.1748212596222183 0.6327103081029807
0.0812003896306999 0.7035102081062270
0.1054927454102523 0.6872291426669340
0.1298126556057637 0.6546233436232181
0.1061739156975445 0.6699885279561693
0.0627991715218953 0.6927697893287367
0.0413107785839801 0.7007060131779409
0.0337676493287814 0.7199615188757281
0.0000000000000000 0.7225258451335658
0.5752298057962669 0.1134080932525681
0.5631532698497423 0.0805614602317892
0.5543343185569676 0.2211964468182034
0.5640893091575316 0.2042337203191848
0.5616573480763907 0.1303863734220336
0.5751344055315311 0.1571326209805580
0.5524074667397023 0.1790826669399948
0.5589435804869270 0.0785201440878139
0.5533679590351961 0.0433611936741912
0.5419503885235132 0.0368161841396625
0.5403883971222571 0.0000000000000000
0.5400679914414014 0.3105681348689150
0.5315837838566847 0.3311624302335167
0.5086083002343167 0.3364132125370329
0.5009448644963972 0.3571847115014741
0.5335394921752760 0.2667768006976431
0.5231926258809592 0.2897793722484034
0.5214549511708638 0.2487501442797195
0.5333953636189543 0.2240549647545939
0.3263800665491495 0.5214137610439249
0.3497936733664410 0.5142825482423341
0.3023033563983883 0.5556840208522721
0.3215175880235157 0.5472072625233465
0.4769687126695886 0.3627085143609029
0.4702645687653818 0.3865424473920752
0.4403643891086090 0.4179512010265634
0.4466800644574879 0.3923661209191973
0.4184812213047900 0.4237408238802980
0.4119895150301335 0.4512042261077611
0.3878564044350729 0.4557861856387096
0.3809467698315319 0.4831141748335040
0.3559502624028751 0.4880391442699885
0.2578086735185954 0.5495072299860696
0.2783950532219612 0.5396675126907108
0.2427537214033871 0.5431349911781992
0.2167234616665273 0.5811020315560290
0.1960792644477116 0.5941470701255720
0.2165802067160580 0.5600420980895631
0.1292080176429556 0.6318274471361766
0.1526847159675116 0.6189219639615599
0.1733376887824428 0.5826993837624654
0.1534563806842854 0.5945413432346112
0.1123336865006895 0.6212189482653551
0.0811482534844888 0.6510666178067905
0.0636543791911371 0.6608823808206388
0.0843009764991204 0.6337368653507176
0.0412216788226075 0.6525244863145735
0.0191862005918373 0.6758600650550497
0.0000000000000000 0.6758247973952717
0.5444811866801665 0.1296906662223426
0.5331425049819718 0.0874943074566806
0.5278521464140271 0.1106217424291984
0.5130195536521408 0.2013284471829050
0.5325101904648011 0.1748052377910226
0.5243322277249634 0.1580862703684677
0.5141311295689229 0.0719273596108837
0.5166131851419823 0.0459488330540513
0.5016643676371590 0.0349782441404904
0.5028544600275867 0.0000000000000000
0.5012365188756419 0.2931294862521048
0.4912977735529928 0.3159131164529658
0.4690507912074982 0.3197279856061364
0.4610340975942445 0.3460847502184632
0.4954200832593967 0.2487432219631550
0.4840563368224308 0.2720195979157763
0.4851006018055146 0.2316582864106642
0.5022162995580798 0.2019466517242138
0.3421140664300902 0.4740435726217015
0.2829329598286917 0.5139526813717664
0.3145444130153102 0.4782460009483957
0.3095939557313228 0.5066393675473836
0.4300388083019329 0.3764069999462755
0.4373078315390034 0.3506522200954307
0.4004397437919626 0.4083272559405564
0.4077931409508207 0.3815422731853632
0.3805147320195816 0.4134895651364148
0.3729121123060727 0.4413399549451648
0.3489814745565700 0.4454898067706859
0.2668493931580828 0.4980464894018789
0.2432625860758434 0.5011217055974108
0.2341912089806319 0.5163998464603765
0.1729023026445389 0.5527233320762366
0.2003618465942709 0.5173487236657459
0.1942066588937073 0.5439762804295379
0.1582499832034544 0.5445524612332615
0.1275678131948459 0.5797309719804652
0.1100645658519784 0.5933243323412589
0.1276367779513728 0.5619694088060825
0.0831306214333926 0.5852772765985688
0.0664727150951855 0.6125706974680394
0.0466549532236297 0.6130174053936190
0.0337889654000956 0.6313058622321202
0.0000000000000000 0.6284952924573420
0.5027049654465614 0.1512897516961430
0.4988407624182403 0.1187345213544289
0.4900872927118727 0.1131637520748724
0.4878858891277023 0.0822645115728744
0.4837889561501093 0.1631791230687515
0.4828086714064173 0.1846926522254459
0.4747150094059154 0.0740452592216417
0.4734010170326656 0.0432618231105928
0.4650779332701114 0.0372992377321826
0.4642572745377337 0.0000000000000000
0.4616753067059686 0.2752657752562305
0.4544788545580402 0.3051617308590345
0.4221834779331119 0.3349992029375094
0.4289878927245707 0.3093846266650135
0.4498816864229702 0.2648465320719523
0.4518122188455110 0.2311164151557796
0.4560127651759405 0.2273563313896463
0.4548789029849591 0.1974755345556041
0.3033405481992196 0.4669636560358504
0.3348873093861787 0.4320908524437060
0.3098813757852431 0.4362999786235182
0.2766655105792963 0.4695364135309883
0.3906827276876907 0.3655753578029781
0.3972721150496041 0.3400285563265382
0.3614206119017704 0.3977050376732961
0.3680316915079104 0.3713825059037510
0.3415583517384262 0.4035992207055030
0.2628195552033001 0.4531030437980368
0.2389948997768013 0.4549349228331104
0.2278091193218504 0.4756316068881875
0.1909198841625798 0.5038648416253091
0.2031886312461133 0.4774670309288545
0.1659569435333941 0.5026398555782685
0.1522751686009453 0.5205154309834850
0.1107408577672771 0.5461149202271368
0.1191888918159645 0.5145694979708212
0.0761679554653229 0.5694408867796090
0.0855515639216276 0.5504766541589305
0.0446956133737755 0.5680721448041863
0.0332236178398749 0.5876842523062876
0.0000000000000000 0.5883636142543995
0.4628460560787716 0.1223879643441500
0.4617176696158268 0.1498070149288147
0.4495024004888171 0.0837960771955956
0.4484154331426433 0.1121344385582723
0.4386586586867272 0.1859039187235554
0.4395916831814325 0.1604811576107100
0.4332426156500265 0.0728472218764655
0.4346686866768347 0.0430367012983733
0.4287779918760050 0.0379052931091206
0.4298613639904940 0.0000000000000000
0.4154164545864727 0.2945621472135800
0.4210515389520806 0.2705421937828801
0.3825347509086188 0.3247518168581913
0.3885771349899603 0.2997598965745108
0.4167772888424318 0.2283875009875546
0.4083336679676610 0.2558176669093749
0.4086983013754386 0.2160714798188313
0.4128337911233588 0.1968176366015361
0.3214187828711711 0.3881495553519009
0.3038525970110699 0.3938529511547860
0.2733303640090929 0.4267382601268416
0.2962337894046050 0.4235695683765615
0.3566633068392384 0.3302334279990461
0.3505906478407637 0.3553648194121570
0.3279871860225401 0.3616637071297463
0.2575576696131095 0.4088688253245122
0.2248559823064838 0.4334862693557734
0.2361334774607933 0.4103823944979844
0.1994075095433714 0.4349896690679182
0.1881203263303283 0.4563847670655564
0.1661089226513421 0.4583468813293121
0.1541784614008699 0.4782183490766209
0.1155353377616340 0.5087257222142199
0.1247711537031459 0.4778971188310964
0.0707043601499007 0.5257496609427804
0.0836266955314124 0.5049930724887854
0.0460412694641603 0.5263049032856296
0.0344822965354440 0.5460464394539277
0.0000000000000000 0.5456088576031345
0.4236631914536700 0.1205739023827290
0.4212516763985942 0.1480330616451417
0.4106938075362084 0.0815980985957031
0.4079745144837907 0.1089414035793406
0.3985628063757665 0.1567772504255393
0.3943928865495311 0.1774058107803419
0.3925443611033880 0.0691572634069975
0.3948358454858160 0.0394783728128490
0.3958076413980057 0.0000000000000000
0.3819591643505748 0.2588090321167005
0.3749647635113481 0.2849593303809776
0.3492736429773186 0.2891843911611988
0.3420766936974961 0.3148631202149210
0.3701861974154471 0.2450600618335206
0.3752042336786655 0.2212345414161367
0.3636310391907675 0.2063954635982758
0.3677474914564816 0.1866833810544428
0.2925341464544733 0.3482773497448082
0.3087515645955346 0.3443089688363937
0.2796172822918810 0.3771464784569027
0.2710378778371662 0.3793188056444441
0.3175903126908567 0.3191412063820782
0.2226069557780724 0.3921621774671125
0.2467528369893529 0.3632881283633082
0.2301578003891930 0.3694594066263653
0.1861225023069976 0.4122727108161491
0.1946186046127882 0.3954063273419220
0.1176490178197952 0.4679650777200500
0.1489946684513474 0.4330829517791608
0.1582740157233921 0.4150920994222648
0.1257119325572960 0.4372883683443609
0.0745376955525225 0.4831633601998976
0.0858300182724585 0.4661017294160132
0.0461384389207890 0.4815546607063517
0.0338366218532781 0.5039403895908751
0.0000000000000000 0.5037275136056765
0.3847285566553389 0.1165357211675923
0.3803525172529174 0.1403753717037368
0.3718521737448468 0.0780708008765504
0.3683702869208635 0.1025510200654599
0.3516735021886467 0.1688599251877325
0.3563429925215709 0.1482568231213373
0.3517642907066340 0.0641063574805560
0.3534578124490144 0.0404422831942158
0.3609625758718768 0.0344412845070039
0.3613558170078894 0.0000000000000000
0.3353629627162140 0.2736965853281982
0.3412576103247943 0.2501193103178823
0.3023575936216244 0.3012839177163479
0.3087933292571676 0.2791451685128474
0.3335760721043282 0.2131043921776784
0.3282268821358340 0.2343291497585095
0.3199516505506144 0.1957231579565729
0.3252829802157711 0.1763749701867842
0.2526500765131503 0.3340909752882860
0.2746582831435843 0.3073101770971063
0.2680633954157334 0.3273795798290793
0.2047387075147386 0.3483898733112008
0.1826388143388028 0.3718253752798037
0.2285103219675269 0.3213877905199022
0.2044818103732634 0.3429480040429915
0.1448678573492921 0.3903853431179827
0.1644976771036708 0.3684230652599060
0.0769218506653512 0.4387228017713616
0.1100580277861538 0.4234765149693375
0.1276749767986619 0.3879193609158717
0.1098222300142598 0.4035783672282749
0.0724163338867887 0.4362710181025616
0.0352840971168028 0.4613578282419948
0.0433452485117166 0.4436352399235108
0.0000000000000000 0.4629848431202562
0.3396915412869166 0.1313499789599389
0.3442025736792507 0.1101404233431016
0.3322007055435758 0.0743421475413825
0.3297008497435728 0.0956501873633682
0.3091981631220038 0.1568465755905179
0.3159887420016163 0.1386794347536528
0.3110837920861996 0.0604253233873822
0.3103921494888957 0.0416863750698659
0.3254514684205723 0.0305158070722543
0.3252595499057212 0.0000000000000000
0.3006468261939386 0.2399430605864392
0.2609908684097688 0.2879171200474511
0.2938220999875547 0.2613973251074191
0.2701929811276467 0.2661186411772998
0.2861975416960466 0.2213606449318033
0.2915151794120959 0.2019341670956602
0.2865326208856814 0.1616316154944690
0.2785095500088307 0.1850993062394623
0.2249264475410458 0.2997194284139158
0.2333045758048879 0.2897753779979852
0.1542986496229795 0.3453866768203228
0.1783077470900559 0.3211641245414931
0.1963071692743454 0.2950398684432600
0.1780111077771981 0.3173285448887959
0.1377996297005925 0.3410014464480767
0.1152340976355865 0.3561989814667435
0.1074607266566891 0.3542128849264463
0.0794129709388940 0.3889361554602780
0.0660139342830697 0.3999857037442208
0.0804435804845951 0.3711161678705905
0.0425914372738862 0.3968956579454334
0.0267054402036535 0.4185122890467758
0.0000000000000000 0.4188054326697307
0.2958089122188944 0.1130965475315031
0.2997042055561516 0.1047634888967266
0.2893531320758314 0.0763256978534124
0.2798825563743668 0.1190983677793339
0.2708425742832563 0.1448789069249708
0.2743020125123534 0.0716703616937409
0.2688059798897002 0.0424977090597414
0.2885994426312326 0.0310387878806316
0.2880176791098895 0.0000000000000000
0.2567354035265907 0.2287872404172547
0.2245462833242981 0.2549355994422234
0.2521799246126612 0.2440398414755900
0.2430484627598491 0.2083168002455612
0.2527503353533754 0.1877416132774005
0.2398951850879980 0.1671669004833831
0.2506379292360615 0.1480024138004115
0.2172982183370349 0.2517726000706504
0.1863541918886937 0.2678895451640997
0.1820401931054067 0.2661451781884786
0.1485877500330201 0.2958592190974255
0.1295710288071729 0.3092593016954307
0.1505407450500859 0.2812443570491875
0.1117439931699896 0.3053589421423741
0.0928889577411359 0.3253174207757609
0.0581751094794424 0.3515819728521960
0.0751596487704434 0.3237832354612082
0.0453209710188569 0.3530149764622690
0.0314076252342746 0.3742217196310321
0.0000000000000000 0.3735568422440090
0.2537720606536450 0.0853367525054608
0.2543241804042866 0.1029161406931651
0.2324082654364300 0.1220594886182619
0.2347794084234367 0.0740762037631467
0.2345305907064709 0.0451145851139950
0.2533898371573531 0.0363204827828152
0.2511712849778820 0.0000000000000000
0.2168816649783419 0.2099456495547674
0.2079991972140167 0.2221055566040340
0.2060292020270530 0.1816587320711652
0.2161917963511768 0.1678034652535109
0.2258170889996921 0.1215999525707493
0.2057739409823600 0.1429784350505081
0.1799016747263478 0.2220289931767720
0.1695350448981376 0.2365419057134653
0.1325631447622735 0.2606949262048073
0.1455586183208044 0.2369323885041597
0.1141413046548724 0.2622452140051140
0.1011647630364795 0.2820545262014119
0.0761194109101170 0.2808383721304329
0.0620531409659490 0.3049847628131098
0.0419350986465024 0.3045814491115043
0.0266393971809058 0.3287730602667557
0.0000000000000000 0.3296810358488884
0.2086755751028171 0.0851580704684743
0.2067041914580058 0.0970064228598897
0.1951340055493830 0.0694764909421883
0.2033540911199294 0.0411623256995713
0.2162975468657121 0.0363929069809986
0.2193551940056256 0.0000000000000000
0.1694256737684570 0.1950454658472206
0.1794073198116698 0.1818126299830369
0.1771856310668704 0.1128379960526097
0.1700737627920813 0.1545590434885438
0.1847122147638700 0.1390496271446211
0.1452320890029203 0.1951791269620644
0.1317655123143719 0.2153414148383020
0.1122530670476323 0.2155663816230252
0.0977509680542554 0.2377118763879213
0.0640534296702080 0.2605303239729646
0.0778499397665568 0.2382527909451652
0.0421035759881324 0.2599641441240774
0.0273768666176173 0.2834277881725933
0.0000000000000000 0.2832409595051594
0.1672678850051384 0.1079077691957448
0.1606713348839263 0.0794850970094090
0.1687281030186762 0.0701978524501354
0.1620027312991998 0.0404848983192461
0.1814182887983966 0.0288989496189298
0.1816671954874029 0.0000000000000000
0.1316988486845225 0.1699736208673994
0.1468526977777895 0.1515353660278616
0.1363829580991895 0.1234477661932386
0.1124914741948727 0.1694179578357519
0.0972591585295974 0.1932902166951533
0.0631956817950039 0.2159690961637404
0.0772910936658655 0.1933462291611813
0.0425416028649030 0.2161584408118462
0.0285698417845375 0.2385982556783394
0.0000000000000000 0.2384197014269263
0.1327922489119309 0.1218533281457336
0.1325490712276635 0.0768914503969582
0.1233984402648949 0.0854118344747836
0.1281285385628864 0.0453268854771542
0.1463395528535050 0.0349272984500344
0.1428233353017342 0.0000000000000000
0.0981158116067893 0.1485788053090847
0.1056991737140014 0.1299312827386100
0.0733917914310633 0.1520455830943717
0.0628522209330508 0.1713763597937783
0.0412240644410214 0.1728633400361838
0.0282541797333991 0.1940956980995363
0.0000000000000000 0.1945808983865656
0.1012120434945322 0.0846216624271326
0.0876752747231805 0.1074031310059973
0.0903281172953703 0.0680757642355262
0.1074962462562428 0.0381868697036347
0.1017015082566158 0.0407249813708973
0.1118890845263991 0.0000000000000000
0.0697131815754831 0.1092369933012184
0.0572867462706834 0.1270289359004974
0.0402415140406500 0.1283832383323606
0.0254008290185281 0.1491671191907018
0.0000000000000000 0.1497307888580603
0.0529682334176607 0.0810451158648347
0.0639207825477161 0.0675884166487722
0.0567997901556556 0.0402473193109949
0.0725258219512896 0.0275684257879749
0.0723605327068759 0.0000000000000000
0.0386371938325986 0.0821355944732384
0.0213719852922831 0.1020827957526320
0.0000000000000000 0.1026927224345920
0.0371540447568631 0.0354114976090698
0.0168167618353943 0.0512949466756079
0.0304274896462835 0.0000000000000000
0.0000000000000000 0.0508617953490135
0.0000000000000000 0.0000000000000000
# element connectivity: number of elements followed by the connectivity
640
6 48 49 32 29 28 30
6 856 854 799 800 801 857
6 460 459 379 381 380 391
5 98 99 97 68 96
7 1008 1009 1006 966 964 965 967
6 803 804 745 743 744 791
6 885 884 832 833 831 882
6 107 104 76 75 87 106
6 1159 1156 1128 1127 1139 1160
6 861 862 847 806 807 811
6 1145 1141 1111 1112 1144 1146
6 867 868 814 812 813 818
6 920 919 915 869 870 918
6 1112 1111 1106 1075 1076 1109
6 1171 1160 1139 1140 1169 1170
5 649 647 580 597 648
7 738 737 735 674 673 675 676
6 578 508 505 506 525 579
6 1015 978 975 974 1013 1016
6 898 899 860 848 849 901
7 560 561 488 486 487 485 489
6 368 367 299 297 298 359
5 1122 1120 1085 1086 1087
6 1032 1031 998 991 992 1034
5 415 414 413 340 341
5 880 834 825 829 879
6 35 34 26 19 18 33
6 997 994 953 952 954 996
7 130 131 98 96 94 95 128
6 860 859 805 804 803 848
6 232 230 224 174 175 177
6 982 943 938 939 940 983
5 638 637 636 568 570
6 708 645 643 642 651 709
6 1215 1216 1194 1192 1193 1198
6 190 192 149 148 147 188
5 832 830 777 776 833
6 817 816 760 759 758 762
5 1271 1272 1262 1260 1270
6 660 594 592 591 602 661
6 1018 1014 976 977 989 1017
7 959 958 957 947 912 911 913
6 1056 1053 1018 1017 1030 1057
6 1072 1071 1032 1034 1033 1038
6 334 333 329 267 268 331
6 894 845 843 842 890 895
6 1197 1196 1187 1171 1170 1195
5 14 6 5 8 13
5 572 569 495 497 571
6 1093 1089 1056 1057 1068 1092
6 1162 1163 1130 1129 1158 1161
6 905 903 853 852 855 904
6 623 624 620 553 554 622
6 363 364 295 293 294 362
5 740 738 676 678 739
6 807 806 790 749 748 752
6 424 353 345 344 346 423
6 611 610 541 538 539 600
6 175 174 167 133 132 135
6 152 153 117 116 115 150
6 53 52 35 33 32 49
5 837 781 780 835 836
6 954 952 906 907 908 955
7 788 787 769 728 727 782 786
6 1020 980 979 978 1015 1019
6 688 689 623 622 621 627
7 185 184 182 141 140 146 186
6 437 438 368 359 360 366
7 574 503 502 501 500 507 575
6 1136 1135 1101 1100 1107 1134
6 361 362 294 292 291 302
6 1024 986 982 983 985 1023
6 1061 1028 1024 1023 1026 1062
6 187 188 147 142 143 144
5 271 213 211 219 270
5 657 588 587 586 655
6 855 852 797 798 799 854
6 500 501 425 422 421 429
6 631 632 625 562 563 629
6 308 307 242 243 246 309
6 1128 1123 1093 1092 1105 1127
6 760 761 754 699 698 759
6 456 454 376 375 377 457
6 354 355 284 283 345 353
6 301 302 291 238 237 239
6 349 282 279 280 300 350
6 400 399 393 330 329 333
5 1184 1183 1153 1154 1155
5 514 436 435 434 513
6 476 477 401 399 400 405
6 644 584 576 577 643 645
6 906 904 855 854 856 907
6 1148 1147 1143 1114 1113 1117
6 439 440 363 362 361 372
6 1130 1131 1095 1094 1125 1129
6 1225 1223 1202 1203 1204 1224
6 69 65 45 44 46 70
6 691 690 687 624 623 689
4 169 136 127 168
5 1232 1233 1212 1211 1231
6 808 809 753 751 750 756
6 285 286 220 272 283 284
6 423 346 347 348 422 425
5 605 603 532 534 604
6 536 537 458 459 460 470
6 992 991 956 946 948 990
5 455 453 374 376 454
6 263 258 207 208 206 261
6 1212 1213 1189 1188 1209 1211
6 1068 1057 1030 1029 1066 1067
6 813 812 757 755 754 761
6 379 378 306 307 308 381
6 1218 1219 1197 1195 1194 1216
6 182 183 171 139 138 141
6 1124 1091 1088 1089 1093 1123
6 154 145 118 117 153 155
6 104 105 78 74 73 76
6 447 428 370 369 445 448
6 176 177 175 135 134 173
5 22 21 10 11 23
6 1035 1025 995 994 997 1036
6 865 866 861 811 810 863
6 529 528 462 450 451 526
5 527 526 451 449 475
5 327 328 262 260 323
6 696 697 631 629 630 633
6 554 553 548 478 479 551
6 329 330 321 264 265 267
5 265 264 257 209 210
5 1166 1167 1136 1134 1142
6 193 194 152 150 151 158
6 1265 1264 1259 1252 1251 1253
6 54 55 47 34 35 52
5 1158 1129 1125 1126 1157
5 937 889 888 935 936
6 1179 1178 1176 1147 1148 1149
7 775 715 713 712 714 768 774
7 674 672 670 605 604 606 673
7 1203 1202 1200 1177 1175 1176 1178
6 1278 1277 1271 1270 1269 1274
6 397 371 324 325 326 396
6 259 247 202 203 207 258
6 583 511 509 510 576 584
6 144 143 107 106 118 145
6 698 699 692 632 631 697
6 403 402 334 331 332 335
6 1139 1127 1105 1104 1138 1140
6 85 63 60 61 81 86
6 557 555 481 482 486 488
6 464 463 388 384 385 465
6 1000 999 993 957 958 1001
5 721 657 655 656 720
6 586 587 512 511 583 585
6 343 342 276 271 270 281
6 444 443 437 366 365 442
6 1125 1094 1090 1091 1124 1126
6 320 319 310 255 254 318
6 765 763 702 703 704 766
6 1083 1084 1079 1046 1045 1048
6 593 590 521 520 592 594
6 171 170 130 128 129 139
6 849 848 803 791 792 846
6 1237 1229 1217 1219 1218 1236
7 876 875 871 821 820 822 877
6 823 822 820 764 763 765
5 436 358 357 356 435
6 598 599 529 526 527 550
6 953 950 905 904 906 952
6 795 794 736 735 737 796
6 446 445 369 367 368 438
6 938 895 890 891 892 939
6 910 909 858 859 860 899
5 1132 1097 1096 1095 1131
6 300 280 235 236 297 299
6 911 912 900 862 861 866
6 195 196 155 153 152 194
5 989 977 945 944 988
6 781 721 720 719 778 780
6 352 351 343 281 282 349
5 719 720 656 654 718
6 770 717 711 710 771 773
6 358 288 287 286 285 357
5 94 96 68 67 66
6 390 391 380 319 320 389
7 665 648 597 595 596 658 664
5 486 482 406 408 487
5 1250 1234 1233 1232 1249
6 1138 1104 1102 1103 1133 1137
6 251 250 197 196 195 248
7 249 248 195 194 193 202 247
6 73 74 53 49 48 51
6 628 627 621 559 558 626
6 408 406 403 335 336 407
7 1141 1142 1134 1107 1108 1106 1111
6 881 882 831 826 827 844
6 290 234 225 224 230 289
6 100 101 93 69 70 72
6 1082 1080 1043 1044 1046 1079
7 1252 1245 1237 1236 1235 1238 1251
5 961 959 913 916 962
5 60 42 40 57 61
5 973 930 928 933 972
5 276 278 215 213 271
7 569 570 568 566 493 494 495
6 1095 1096 1059 1058 1090 1094
5 45 43 25 27 44
7 976 972 933 932 931 945 977
6 746 741 685 683 682 747
6 395 398 396 326 328 327
5 17 7 6 14 16
6 1073 1064 1035 1036 1037 1070
6 458 457 377 378 379 459
6 1099 1065 1061 1062 1063 1098
6 441 442 365 364 363 440
6 1086 1085 1083 1048 1047 1049
6 1253 1251 1238 1239 1241 1254
6 517 518 441 440 439 452
6 558 559 552 483 484 556
6 615 614 542 543 541 610
7 1183 1182 1180 1152 1150 1151 1153
6 1052 1016 1013 1014 1018 1053
6 1080 1081 1077 1041 1042 1043
6 1102 1067 1066 1065 1099 1103
6 1063 1062 1026 1025 1035 1064
6 87 75 62 63 85 88
6 858 857 801 802 805 859
6 771 710 708 709 716 772
5 274 273 212 214 275
5 820 821 817 762 764
6 684 681 613 614 615 679
6 111 110 103 79 80 108
5 498 496 417 418 419
6 724 725 662 660 661 671
6 421 422 348 342 343 351
5 504 432 426 502 503
6 1088 1055 1052 1053 1056 1089
6 1247 1246 1230 1229 1237 1245
6 616 618 546 545 544 612
6 84 83 82 58 59 64
6 1169 1140 1138 1137 1165 1168
6 512 513 434 433 509 511
6 246 243 191 192 190 245
6 975 934 929 930 973 974
6 945 931 897 896 942 944
5 1263 1250 1249 1248 1261
5 286 287 222 221 220
5 1181 1179 1149 1152 1180
6 28 29 16 14 13 15
6 494 493 492 414 415 416
6 643 577 574 575 582 642
6 742 739 678 677 685 741
6 345 283 272 273 274 344
6 985 983 940 941 951 984
6 915 914 865 863 864 869
6 831 833 776 775 774 826
6 370 350 300 299 367 369
6 75 76 73 51 50 62
5 1214 1191 1190 1189 1213
4 499 498 419 420
6 549 550 527 475 474 473
5 219 211 166 217 218
6 376 374 373 303 304 375
6 799 798 740 739 742 800
6 850 841 793 794 795 851
5 1191 1164 1163 1162 1190
6 1143 1144 1112 1109 1110 1114
6 722 664 658 659 663 723
6 541 543 464 465 466 538
5 8 5 2 3 9
6 827 826 774 768 769 787
6 228 229 176 173 172 227
6 80 79 71 55 54 77
5 332 331 268 266 269
6 143 142 109 105 104 107
5 1022 981 980 1020 1021
6 427 352 349 350 370 428
5 1217 1210 1196 1197 1219
6 825 779 770 773 828 829
6 1152 1149 1148 1117 1118 1150
6 923 922 874 872 871 875
6 805 802 746 747 745 804
7 151 150 115 112 113 114 119
6 732 731 680 669 668 729
6 1033 1034 992 990 993 999
4 3 2 1 4
6 713 650 646 647 649 712
6 1165 1137 1133 1135 1136 1167
5 726 723 663 662 725
6 1194 1195 1170 1169 1168 1192
6 1013 974 973 972 976 1014
6 505 430 427 428 447 506
5 1244 1243 1226 1227 1228
6 734 733 724 671 670 672
6 348 347 277 278 276 342
6 1069 1070 1037 1031 1032 1071
6 365 366 360 296 295 364
6 634 633 630 564 565 567
6 57 40 36 37 38 56
6 1044 1043 1042 1003 1002 1004
5 1154 1153 1151 1119 1121
5 336 335 332 269 337
6 113 112 86 81 82 83
6 32 33 18 17 16 29
6 864 863 810 809 808 815
5 1281 1279 1277 1278 1280
6 663 659 593 594 660 662
5 217 166 165 181 216
7 1210 1209 1188 1185 1186 1187 1196
5 268 267 265 210 266
6 589 523 516 515 521 590
6 956 955 908 909 910 946
7 401 472 471 394 392 393 399
5 38 37 22 23 39
6 147 148 111 108 109 142
6 1048 1045 1007 1006 1009 1047
6 947 949 898 901 900 912
6 50 51 48 30 31 41
5 1155 1154 1121 1120 1122
6 304 303 301 239 240 305
5 768 714 707 728 769
6 778 719 718 717 770 779
6 1077 1078 1074 1040 1039 1041
6 240 239 237 184 185 241
6 552 551 479 477 476 483
5 167 168 127 126 133
5 1201 1199 1174 1177 1200
6 544 545 469 468 467 540
5 1007 1005 963 966 1006
7 883 879 829 828 830 832 884
6 716 709 651 650 713 715
6 1238 1235 1220 1221 1222 1239
6 685 677 617 618 616 683
6 314 315 252 250 251 316
6 917 918 870 868 867 873
6 71 72 70 46 47 55
6 608 607 535 537 536 547
6 453 452 439 372 373 374
6 522 448 445 446 516 523
5 257 256 205 201 209
6 1275 1274 1269 1264 1265 1266
6 753 752 748 690 691 751
6 704 703 637 638 639 705
6 466 465 385 387 386 461
7 482 481 480 404 402 403 406
6 908 907 856 857 858 909
6 942 896 894 895 938 943
6 360 359 298 290 289 296
6 700 701 696 633 634 635
5 200 199 189 156 198
6 1113 1114 1110 1078 1077 1081
7 1185 1161 1158 1157 1156 1159 1186
6 306 305 240 241 242 307
6 490 489 485 410 411 412
6 197 198 156 154 155 196
5 563 562 557 488 561
6 542 540 467 463 464 543
5 272 220 221 212 273
6 1106 1108 1069 1071 1072 1075
5 132 133 126 97 99
6 651 642 582 581 646 650
6 373 372 361 302 301 303
6 1105 1092 1068 1067 1102 1104
6 748 749 730 686 687 690
6 78 77 54 52 53 74
5 1258 1247 1245 1252 1259
6 668 669 611 600 601 666
6 146 140 110 111 148 149
6 853 851 795 796 797 852
6 1176 1175 1146 1144 1143 1147
6 1235 1236 1218 1216 1215 1220
6 993 990 948 949 947 957
6 1101 1098 1063 1064 1073 1100
6 792 791 744 731 732 789
6 1059 1021 1020 1019 1054 1058
5 889 837 836 887 888
7 20 15 13 8 9 10 21
5 1228 1227 1206 1207 1208
6 797 796 737 738 740 798
6 902 893 850 851 853 903
6 1066 1029 1027 1028 1061 1065
6 573 571 497 496 498 499
5 27 25 12 19 26
6 431 354 353 424 426 432
7 244 245 190 188 187 189 199
6 478 548 549 473 471 472
5 1279 1273 1272 1271 1277
6 42 41 31 24 36 40
6 140 141 138 102 103 110
6 324 311 259 258 263 325
6 960 962 916 914 915 919
6 47 46 44 27 26 34
6 1221 1220 1215 1198 1199 1201
6 121 119 114 89 90 120
4 1060 1022 1021 1059
5 1280 1278 1274 1275 1276
6 546 547 536 470 469 545
5 1164 1132 1131 1130 1163
6 172 173 134 131 130 170
6 116 88 85 86 112 115
5 641 640 572 571 573
6 966 963 960 919 920 964
6 207 203 160 161 162 208
6 385 384 317 315 314 387
5 191 186 146 149 192
6 757 756 750 695 694 755
6 462 461 386 382 383 450
7 383 382 313 312 311 324 371
6 847 846 792 789 790 806
5 231 232 177 176 229
7 1005 1004 1002 961 962 960 963
6 606 604 534 533 535 607
5 1273 1263 1261 1262 1272
6 595 524 522 523 589 596
6 1076 1075 1072 1038 1040 1074
6 202 193 158 157 160 203
6 497 495 494 416 417 496
6 1226 1224 1204 1205 1206 1227
6 630 629 563 561 560 564
6 890 842 839 838 840 891
6 892 891 840 841 850 893
6 328 326 325 263 261 262
6 492 491 490 412 413 414
6 484 483 476 405 404 480
5 1257 1256 1242 1243 1244
6 1267 1266 1265 1253 1254 1255
5 767 766 704 705 706
5 736 734 672 674 735
5 205 204 164 159 201
5 311 312 249 247 259
6 1040 1038 1033 999 1000 1039
6 646 581 578 579 580 647
6 521 515 443 444 519 520
6 793 785 733 734 736 794
6 36 24 20 21 22 37
6 1173 1172 1166 1142 1141 1145
5 1027 987 986 1024 1028
6 874 873 867 818 819 872
7 592 520 519 518 517 530 591
5 356 357 285 284 355
6 1046 1044 1004 1005 1007 1045
6 471 473 474 398 395 394
5 179 137 136 169 178
5 162 161 123 124 163
6 897 881 844 845 894 896
6 81 61 57 56 58 82
7 295 296 289 230 232 231 293
6 636 635 634 567 566 568
6 252 253 200 198 197 250
6 621 622 554 551 552 559
6 1041 1039 1000 1001 1003 1042
5 971 970 925 926 927
5 824 823 765 766 767
6 451 450 383 371 397 449
4 1097 1060 1059 1096
5 1187 1186 1159 1160 1171
6 63 62 50 41 42 60
6 1189 1190 1162 1161 1185 1188
5 588 514 513 512 587
6 1255 1254 1241 1240 1242 1256
6 718 654 652 653 711 717
6 103 102 100 72 71 79
7 1030 1017 989 988 987 1027 1029
5 19 12 7 17 18
6 675 673 606 607 608 609
6 667 666 601 599 598 619
7 534 532 531 455 454 456 533
5 1234 1214 1213 1212 1233
6 1177 1174 1173 1145 1146 1175
6 509 433 431 432 504 510
6 377 375 304 305 306 378
5 967 965 921 924 968
6 310 309 246 245 244 255
6 935 888 887 886 929 934
6 565 564 560 489 490 491
7 970 969 968 924 922 923 925
7 620 619 598 550 549 548 553
6 1050 1049 1047 1009 1008 1010
7 784 783 726 725 724 733 785
6 703 702 700 635 636 637
5 114 113 83 84 89
7 1262 1261 1248 1246 1247 1258 1260
6 924 921 917 873 874 922
6 233 180 179 178 225 234
6 682 683 616 612 613 681
5 1012 1011 969 970 971
6 828 773 771 772 777 830
6 814 815 808 756 757 812
6 998 996 954 955 956 991
6 1107 1100 1073 1070 1069 1108
6 1248 1249 1232 1231 1230 1246
6 965 964 920 918 917 921
6 1206 1205 1181 1180 1182 1207
6 525 506 447 448 522 524
6 474 475 449 397 396 398
6 388 389 320 318 317 384
6 1037 1036 997 996 998 1031
6 1003 1001 958 959 961 1002
7 929 886 880 879 883 928 930
6 226 227 172 170 171 183
6 745 747 682 681 684 743
6 294 293 231 229 228 292
7 161 160 157 121 120 122 123
6 530 517 452 453 455 531
6 871 872 819 816 817 821
6 750 751 691 689 688 695
5 90 89 84 64 91
5 519 444 442 441 518
6 840 838 784 785 793 841
6 711 653 644 645 708 710
6 979 936 935 934 975 978
5 1208 1207 1182 1183 1184
6 1011 1010 1008 967 968 969
6 535 533 456 457 458 537
7 434 435 356 355 354 431 433
7 260 262 261 206 204 205 256
5 981 937 936 979 980
6 237 238 226 183 182 184
5 393 392 322 321 330
6 801 800 742 741 746 802
6 819 818 813 761 760 816
6 617 609 608 547 546 618
6 1242 1240 1225 1224 1226 1243
6 658 596 589 590 593 659
6 235 216 181 180 233 236
6 317 318 254 253 252 315
6 1241 1239 1222 1223 1225 1240
6 1223 1222 1221 1201 1200 1202
5 555 556 484 480 481
5 129 128 95 93 101
6 109 108 80 77 78 105
6 928 883 884 885 932 933
6 678 676 675 609 617 677
6 932 885 882 881 897 931
6 279 218 217 216 235 280
5 158 151 119 121 157
6 900 901 849 846 847 862
5 1268 1267 1255 1256 1257
5 181 165 137 179 180
6 940 939 892 893 902 941
6 839 786 782 783 784 838
6 189 187 144 145 154 156
5 926 925 923 875 876
6 507 500 429 430 505 508
5 124 123 122 92 125
5 277 275 214 215 278
7 1121 1119 1115 1084 1083 1085 1120
6 948 946 910 899 898 949
4 288 223 222 287
5 58 56 38 39 59
6 118 106 87 88 116 117
6 580 579 525 524 595 597
6 566 567 565 491 492 493
6 138 139 129 101 100 102
6 426 424 423 425 501 502
5 878 877 822 823 824
6 576 510 504 503 574 577
6 1151 1150 1118 1116 1115 1119
6 516 446 438 437 443 515
6 582 575 507 508 578 581
5 1087 1086 1049 1050 1051
6 995 984 951 950 953 994
7 1230 1231 1211 1209 1210 1217 1229
6 835 780 778 779 825 834
6 714 712 649 648 665 707
6 539 538 466 461 462 528
7 625 626 558 556 555 557 562
6 754 755 694 693 692 699
6 692 693 628 626 625 632
7 321 322 323 260 256 257 264
6 1133 1103 1099 1098 1101 1135
6 1269 1270 1260 1258 1259 1264
6 1199 1198 1193 1172 1173 1174
5 413 412 411 339 340
6 639 638 570 569 572 640
6 469 470 460 391 390 468
5 409 407 336 337 338
6 134 135 132 99 98 131
7 1118 1117 1113 1081 1080 1082 1116
6 1026 1023 985 984 995 1025
6 790 789 732 729 730 749
6 467 468 390 389 388 463
6 951 941 902 903 905 950
6 297 236 233 234 290 298
5 927 926 876 877 878
6 728 707 665 664 722 727
6 346 344 274 275 277 347
6 782 727 722 723 726 783
6 386 387 314 316 313 382
6 206 208 162 163 164 204
6 1054 1019 1015 1016 1052 1055
6 31 30 28 15 20 24
6 313 316 251 248 249 312
6 254 255 244 199 200 253
6 282 281 270 219 218 279
6 870 869 864 815 814 868
6 652 585 583 584 644 653
5 411 410 409 338 339
6 392 394 395 327 323 322
5 479 478 472 401 477
6 380 381 308 309 310 319
6 95 94 66 65 69 93
6 671 661 602 603 605 670
6 758 759 698 697 696 701
6 744 743 684 679 680 731
5 706 705 639 640 641
6 1090 1058 1054 1055 1088 1091
6 810 811 807 752 753 809
5 10 9 3 4 11
6 1156 1157 1126 1124 1123 1128
6 777 772 716 715 775 776
6 242 241 185 186 191 243
7 1193 1192 1168 1165 1167 1166 1172
6 687 686 667 619 620 624
6 1204 1203 1178 1179 1181 1205
5 1115 1116 1082 1079 1084
6 603 602 591 530 531 532
6 656 655 586 585 652 654
6 730 729 668 666 667 686
5 1051 1050 1010 1011 1012
6 404 405 400 333 334 402
6 845 844 827 787 788 843
6 887 836 835 834 880 886
6 916 913 911 866 865 914
7 224 225 178 169 168 167 174
6 694 695 688 627 628 693
6 680 679 615 610 611 669
5 122 120 90 91 92
5 66 67 43 45 65
6 291 292 228 227 226 238
6 613 612 544 540 542 614
6 485 487 408 407 409 410
5 1276 1275 1266 1267 1268
5 843 788 786 839 842
5 1110 1109 1076 1074 1078
6 601 600 539 528 529 599
7 763 764 762 758 701 700 702
6 430 429 421 351 352 427
7 987 988 944 942 943 982 986
5 164 163 124 125 159
5 417 416 415 341 418
# indices of nodes located on the boundary
1 2 4 5 6 7 11 12 23 25 39 43 59 64 67 68 91 92 97 125 126 127 136 137 159 165 166 201 209 210 211 212 213 214 215 221 222 223 266 269 288 337 338 339 340 341 358 418 419 420 436 499 514 573 588 641 657 706 721 767 781 824 837 878 889 927 937 971 981 1012 1022 1051 1060 1087 1097 1122 1132 1155 1164 1184 1191 1208 1214 1228 1234 1244 1250 1257 1263 1268 1273 1276 1279 1280 1281 