# domain type
Triangular
# nodal coordinates: number of nodes followed by the coordinates
100
0.0000000000000000 0.0000000000000000
0.0000000000000000 0.1111111111111111
0.0000000000000000 0.2222222222222222
0.0000000000000000 0.3333333333333333
0.0000000000000000 0.4444444444444444
0.0000000000000000 0.5555555555555556
0.0000000000000000 0.6666666666666666
0.0000000000000000 0.7777777777777778
0.0000000000000000 0.8888888888888888
0.0000000000000000 1.0000000000000000
0.1111111111111111 0.0000000000000000
0.1137597975946657 0.1130585188455436
0.0855358301309215 0.2548063987304226
0.0950455547842836 0.3634072724378594
0.1461610680651007 0.4631797962480850
0.1206236652939477 0.5248432696329800
0.0987408930854446 0.7027739701996316
0.0944461895001792 0.7941485461840766
0.0846058208845029 0.8978615596619358
0.1111111111111111 1.0000000000000000
0.2222222222222222 0.0000000000000000
0.2020977713743641 0.0884928949224811
0.2470832620831223 0.2167759294128897
0.2383892701441797 0.3130601285837932
0.2344697700815848 0.4540522246261344
0.2475351198310160 0.5275483397523816
0.2036997130761531 0.6560216888855944
0.1916477278531960 0.7724955604932224
0.2513671141779361 0.9254477946068073
0.2222222222222222 1.0000000000000000
0.3333333333333333 0.0000000000000000
0.3687389342368006 0.1042857123084628
0.3071450211569131 0.1952726416930908
0.3202905239513508 0.3405338304306432
0.3449849268943894 0.4182199650242847
0.3681359335725067 0.5579185766514081
0.3571790760818764 0.6827963745075479
0.3480978987402417 0.7427272692462252
0.3616555797897600 0.8744558233724131
0.3333333333333333 1.0000000000000000
0.4444444444444444 0.0000000000000000
0.4531680857489186 0.0983017121304517
0.4112761027234472 0.2511081783277456
0.4267516752534802 0.3577192410490012
0.4608503556112215 0.4423706906418018
0.4762897489446288 0.5660523811505266
0.4600183492969381 0.6654492401094837
0.4552937861953342 0.7697594645848950
0.4744673049636977 0.8619026736832485
0.4444444444444444 1.0000000000000000
0.5555555555555556 0.0000000000000000
0.5543687427821196 0.0928803321664394
0.5617230692296097 0.2537875418848481
0.5723687966783544 0.3064021926863536
0.5316007920645220 0.4188704886754939
0.5911713770293612 0.5779452805717461
0.5388764674903618 0.6675738183237220
0.5912500936467594 0.7928128068901725
0.5455813136000317 0.9105692127343539
0.5555555555555556 1.0000000000000000
0.6666666666666666 0.0000000000000000
0.6633222397130654 0.1299802570619722
0.6628744430363798 0.2522378758254140
0.6862878576996800 0.3334699535372160
0.6452599928811807 0.4177047822929597
0.6905703815224659 0.5408313102405707
0.6453175121520032 0.6707914494661189
0.6765086780248090 0.7649539997617291
0.7029826040110513 0.8984077689720835
0.6666666666666666 1.0000000000000000
0.7777777777777778 0.0000000000000000
0.7592379570844783 0.0947738321221388
0.7953984355493589 0.2049496318974660
0.7407653677805469 0.3250331134906339
0.7774618604032746 0.4613198496183177
0.7590088763499183 0.5435607066762681
0.7441721154059426 0.6959923970787429
0.7891323206883845 0.7613380068880143
0.7494513372349969 0.8891348165794289
0.7777777777777778 1.0000000000000000
0.8888888888888888 0.0000000000000000
0.8708656186242021 0.1447842336886412
0.8781342454309227 0.2167409109251776
0.8653621629103592 0.3578424599925004
0.8857729169506728 0.4629025296772971
0.8731604136429475 0.5281754815685836
0.8556698016458795 0.6520852267245925
0.8652079466025324 0.8000846838118629
0.8966388191349182 0.8650297698313346
0.8888888888888888 1.0000000000000000
1.0000000000000000 0.0000000000000000
1.0000000000000000 0.1111111111111111
1.0000000000000000 0.2222222222222222
1.0000000000000000 0.3333333333333333
1.0000000000000000 0.4444444444444444
1.0000000000000000 0.5555555555555556
1.0000000000000000 0.6666666666666666
1.0000000000000000 0.7777777777777778
1.0000000000000000 0.8888888888888888
1.0000000000000000 1.0000000000000000
# element connectivity: number of elements followed by the connectivity
162
3 24 15 14
3 23 12 22
3 24 14 13
3 5 14 15
3 27 38 28
3 44 45 35
3 37 48 38
3 43 53 44
3 38 39 28
3 13 12 23
3 22 33 23
3 26 27 16
3 16 6 5
3 36 26 35
3 27 28 17
3 25 15 24
3 65 54 64
3 49 59 50
3 3 2 12
3 29 40 30
3 18 17 28
3 15 26 16
3 6 16 17
3 36 37 27
3 77 78 68
3 19 10 9
3 50 40 39
3 79 78 88
3 65 56 55
3 69 80 70
3 87 97 88
3 62 53 52
3 77 87 78
3 22 31 32
3 43 42 53
3 53 42 52
3 73 63 62
3 32 33 22
3 41 42 32
3 11 12 2
3 1 11 2
3 21 22 11
3 11 22 12
3 21 31 22
3 51 42 41
3 61 62 52
3 51 52 42
3 62 63 53
3 43 34 33
3 13 3 12
3 41 32 31
3 42 43 32
3 34 43 44
3 33 32 43
3 54 44 53
3 35 34 44
3 56 57 46
3 36 35 45
3 67 57 56
3 45 44 55
3 25 34 35
3 23 33 34
3 34 24 23
3 34 25 24
3 4 3 13
3 5 4 14
3 24 13 23
3 14 4 13
3 16 5 15
3 18 8 17
3 17 7 6
3 25 26 15
3 27 17 16
3 17 8 7
3 18 9 8
3 19 20 10
3 29 39 40
3 18 19 9
3 18 28 19
3 19 29 20
3 19 28 29
3 48 39 38
3 49 50 39
3 20 29 30
3 28 39 29
3 60 50 59
3 37 47 48
3 57 67 58
3 48 49 39
3 58 68 69
3 46 57 47
3 67 68 58
3 27 37 38
3 47 57 48
3 35 26 25
3 36 27 26
3 36 47 37
3 36 45 46
3 36 46 47
3 45 55 46
3 55 56 46
3 66 67 56
3 49 58 59
3 67 77 68
3 66 77 67
3 95 84 94
3 66 76 77
3 75 84 85
3 48 58 49
3 48 57 58
3 70 60 59
3 58 69 59
3 59 69 70
3 68 78 79
3 69 79 80
3 69 68 79
3 79 88 89
3 79 89 80
3 89 88 98
3 89 99 90
3 80 89 90
3 88 78 87
3 90 99 100
3 89 98 99
3 88 97 98
3 76 87 77
3 76 75 86
3 87 86 96
3 87 76 86
3 87 96 97
3 66 75 76
3 54 55 44
3 86 85 96
3 86 75 85
3 93 82 92
3 85 95 96
3 85 84 95
3 75 64 74
3 75 66 65
3 75 65 64
3 66 56 65
3 63 54 53
3 65 55 54
3 84 74 73
3 64 54 63
3 75 74 84
3 64 63 74
3 81 72 71
3 73 74 63
3 51 61 52
3 72 73 62
3 72 62 61
3 72 61 71
3 82 72 81
3 82 73 72
3 82 83 73
3 84 83 94
3 84 73 83
3 83 93 94
3 83 82 93
3 82 81 92
3 81 91 92
# indices of nodes located on the boundary
1 2 3 4 5 6 7 8 9 10 11 20 21 30 31 40 41 50 51 60 61 70 71 80 81 90 91 92 93 94 95 96 97 98 99 100 
