# domain type
Triangular
# nodal coordinates: number of nodes followed by the coordinates
676
0.0000000000000000 0.0000000000000000
0.0000000000000000 0.0400000000000000
0.0000000000000000 0.0800000000000000
0.0000000000000000 0.1200000000000000
0.0000000000000000 0.1600000000000000
0.0000000000000000 0.2000000000000000
0.0000000000000000 0.2400000000000000
0.0000000000000000 0.2800000000000000
0.0000000000000000 0.3200000000000000
0.0000000000000000 0.3600000000000000
0.0000000000000000 0.4000000000000000
0.0000000000000000 0.4400000000000000
0.0000000000000000 0.4800000000000000
0.0000000000000000 0.5200000000000000
0.0000000000000000 0.5600000000000001
0.0000000000000000 0.6000000000000000
0.0000000000000000 0.6400000000000000
0.0000000000000000 0.6800000000000000
0.0000000000000000 0.7200000000000000
0.0000000000000000 0.7600000000000000
0.0000000000000000 0.8000000000000000
0.0000000000000000 0.8400000000000000
0.0000000000000000 0.8800000000000000
0.0000000000000000 0.9200000000000000
0.0000000000000000 0.9600000000000000
0.0000000000000000 1.0000000000000000
0.0400000000000000 0.0000000000000000
0.0378930943466531 0.0327266588781769
0.0408072840306334 0.0876953870457753
0.0276483354769034 0.1314139793851312
0.0467603563812671 0.1554412002194756
0.0486449335336517 0.1905273248454526
0.0316312403737863 0.2426104178280512
0.0277233374046447 0.2729035008217933
0.0453904677504816 0.3121538158810307
0.0324152010006370 0.3522661901254234
0.0371832856702548 0.4055437935050638
0.0327698286578123 0.4498528069615518
0.0299252110565643 0.4746959325560158
0.0371483850698877 0.5111984808706750
0.0372324431873218 0.5515092500592629
0.0477405769071890 0.6054296815981483
0.0340779753825432 0.6359866181545688
0.0371181129917345 0.6893549679867742
0.0384015319682749 0.7197271392426995
0.0302719158456202 0.7655484142939932
0.0420644915994855 0.7990283864744108
0.0379463512016672 0.8330891267775900
0.0310691053144266 0.8876490390559935
0.0507338998562187 0.9095562902595205
0.0413109445042706 0.9692327780499305
0.0400000000000000 1.0000000000000000
0.0800000000000000 0.0000000000000000
0.0914917309201471 0.0273788832150964
0.0719281969009295 0.0850113651633990
0.0680213790747020 0.1332533812919688
0.0858117237699769 0.1700775345351024
0.0674458927091775 0.2106539380993205
0.0867390808888145 0.2309771280270557
0.0695101437537733 0.2738332370960879
0.0739610144399262 0.3197766438426539
0.0931486922660011 0.3541384947534255
0.0793672597339292 0.4124089853936588
0.0678428348129370 0.4408352158352928
0.0675900145526828 0.4872486242407926
0.0766532646873045 0.5124882078336647
0.0879145208071337 0.5694440575131970
0.0711220077957554 0.6048275598279490
0.0765265200468584 0.6405316915996087
0.0753565754930359 0.6803676446150261
0.0800689973490920 0.7231768874837673
0.0783653684025592 0.7519798590353064
0.0840333999971003 0.8051843958320301
0.0773126869771702 0.8315512773405446
0.0803070879337201 0.8806632797693692
0.0763181353712630 0.9278659372098679
0.0901309214703535 0.9543091591997459
0.0800000000000000 1.0000000000000000
0.1200000000000000 0.0000000000000000
0.1093811750555549 0.0411864139189348
0.1159964645616863 0.0924904283408715
0.1328994893587125 0.1244640844620025
0.1127879694018014 0.1543322009541537
0.1081235060170215 0.1999758947666420
0.1154414551279167 0.2364211204229955
0.1258445037682174 0.2760011640988392
0.1068389450524570 0.3227318039709174
0.1211462148656418 0.3664841443086473
0.1113174351391350 0.3964709156775719
0.1317443307990158 0.4311120147255201
0.1092993732571692 0.4824447633378086
0.1073386636496049 0.5223298338776000
0.1313023492136381 0.5652607851414789
0.1298197893140938 0.5957444156980178
0.1147922276144548 0.6408232512751227
0.1117340883401275 0.6719004894459331
0.1289463161954244 0.7317185865454304
0.1116066620457420 0.7516499337823738
0.1316992355110138 0.7965291189838087
0.1118505749462987 0.8361523170890585
0.1320474817240272 0.8819202075467628
0.1101523214138776 0.9308070232839376
0.1210816536003510 0.9539454338418328
0.1200000000000000 1.0000000000000000
0.1600000000000000 0.0000000000000000
0.1566832821042473 0.0437878207533426
0.1653520353348983 0.0825984656213347
0.1547507888831503 0.1278614189280403
0.1650950586241777 0.1608015676097968
0.1713566411550533 0.2006603405628350
0.1611409368569782 0.2432479610502205
0.1620636008829023 0.2799666588248361
0.1529139058504575 0.3092558016629066
0.1692062350170302 0.3666127524066767
0.1536285900726248 0.3953257886068309
0.1684265555106475 0.4454202476623920
0.1532776897638514 0.4830905682607199
0.1513825917907550 0.5277277778705017
0.1658262462536657 0.5545870508268405
0.1590564203476169 0.6042915836610245
0.1578265051637537 0.6285831349452546
0.1626266843971821 0.6760990862733797
0.1629774371845893 0.7266607270288710
0.1536097063413079 0.7704542755770531
0.1719260193159586 0.7982020053339424
0.1508049775752373 0.8362317417310771
0.1716291368175157 0.8840978688785552
0.1642008586189448 0.9077727868641232
0.1582783158873081 0.9503562952866145
0.1600000000000000 1.0000000000000000
0.2000000000000000 0.0000000000000000
0.1892243752855511 0.0311894003022965
0.2123997733125566 0.0789066118052226
0.2103398201975479 0.1225001101555821
0.2097679993072314 0.1507279418777936
0.1959093584532105 0.1916908190055506
0.2116333925409209 0.2472890445470227
0.2121157343034446 0.2897089666845794
0.2131515386390194 0.3126307685413053
0.1996385751701328 0.3700810254524299
0.1944575063414735 0.3987770997634733
0.2037170129907287 0.4521365250004079
0.1962121185487636 0.4866052487476308
0.1993311225386339 0.5265590684812204
0.1900521034416801 0.5625809300819695
0.1898386079653813 0.5908534695200847
0.1957695740193159 0.6429502268338876
0.2030061573304578 0.6906513391842150
0.2071710043420799 0.7212023247724825
0.2066693012456240 0.7589399057597529
0.2085535272177244 0.8077775818102405
0.1921421183698538 0.8404805370480148
0.2077202857064212 0.8727058061103617
0.2061082200293309 0.9220448026909596
0.2080155734010904 0.9494042780302269
0.2000000000000000 1.0000000000000000
0.2400000000000000 0.0000000000000000
0.2525902270761639 0.0416298270374711
0.2443832008351025 0.0898240420443238
0.2324298515070465 0.1295914696534436
0.2484950277376777 0.1514407567515790
0.2432581723711744 0.1932995557941608
0.2300119393308794 0.2467336444161690
0.2402641326736936 0.2826321662001699
0.2514084248750874 0.3075882705345177
0.2335038281207155 0.3584388603519580
0.2515399743122114 0.3943841447627419
0.2441942363209802 0.4294954816580434
0.2524350036787602 0.4790137207172276
0.2354588551314855 0.5196898101362026
0.2459439422176258 0.5569131408072540
0.2447806805394676 0.5940560926696149
0.2287536740154534 0.6383607703833932
0.2418699251232683 0.6887204247189218
0.2462653587617242 0.7112313608583940
0.2438858130895791 0.7579339601494729
0.2432861259347418 0.7908044517752915
0.2395425961434173 0.8375713206564187
0.2400730481504348 0.8839024139488284
0.2423259435977514 0.9169877126019155
0.2287941096246923 0.9635753692588612
0.2400000000000000 1.0000000000000000
0.2800000000000000 0.0000000000000000
0.2805849905239806 0.0484938497353936
0.2853411258593456 0.0921309426542553
0.2737337199155701 0.1174800207880622
0.2815095699248958 0.1534156645812698
0.2673138896462861 0.2078694871826976
0.2768255588664043 0.2469043304058112
0.2759184155336359 0.2854344437139025
0.2788811810896241 0.3283405647294253
0.2766205340433655 0.3531071044869423
0.2769688364688618 0.3881713492538107
0.2710322960390055 0.4511371616673819
0.2794054271578271 0.4696378492380791
0.2918324678782105 0.5270426682573677
0.2718102125455160 0.5724296979138596
0.2920019158182951 0.6109739081339060
0.2745091523552489 0.6454460938474775
0.2894125033566995 0.6913903561273307
0.2737355834050201 0.7105710366872073
0.2843550427579977 0.7508702814622782
0.2693577748962612 0.8107739791034083
0.2708503355630877 0.8386885712053395
0.2794741117423064 0.8791048716349650
0.2811801968227944 0.9117680747765585
0.2719694204917419 0.9507956646404643
0.2800000000000000 1.0000000000000000
0.3200000000000000 0.0000000000000000
0.3166913658214764 0.0367788748755785
0.3140727049969315 0.0850252809420287
0.3285853044629176 0.1242359319029103
0.3233274055502951 0.1594735556479993
0.3163224238566191 0.1981103037729012
0.3176186752637140 0.2270579384674216
0.3322561843609674 0.2729125845424381
0.3144399600579552 0.3192448016889927
0.3213986369781140 0.3694001198225018
0.3239667654082065 0.3872669169322114
0.3274560940697221 0.4278920544494716
0.3318809911671713 0.4742612948978022
0.3085460535837570 0.5118698059405151
0.3137231873204565 0.5725271800060092
0.3125873513661961 0.5889764086884060
0.3108393777857975 0.6473754143605538
0.3126915196118539 0.6920158761315104
0.3151886521817089 0.7312967800390571
0.3167163864917321 0.7708203017224635
0.3332149642716590 0.7903543221478996
0.3091319987494563 0.8280309124019545
0.3244696924984825 0.8677918217930664
0.3110849107914829 0.9101539948527936
0.3321582420876174 0.9609319013516744
0.3200000000000000 1.0000000000000000
0.3600000000000000 0.0000000000000000
0.3544344032578039 0.0466026272663328
0.3674782686682136 0.0700610265641039
0.3542365361459152 0.1144887509946286
0.3647668382785667 0.1652511073104400
0.3563316973366557 0.2121385560906993
0.3580106742569259 0.2530128751573904
0.3553972326513800 0.2916299613555579
0.3527891931696296 0.3332927466522903
0.3619228999344392 0.3477817476433621
0.3637038175238058 0.4091971838087716
0.3660820415820317 0.4339582289797627
0.3554117721328496 0.4779883392901509
0.3701317835765064 0.5131185897806226
0.3510666493553285 0.5514971955476988
0.3538932806479939 0.5939929935831705
0.3568729489146403 0.6320711339220887
0.3707015244001997 0.6729389781720416
0.3611729720993628 0.7274822426318470
0.3507416211898622 0.7654183015998632
0.3638701148056928 0.8126943583732662
0.3660523039646077 0.8512757052063563
0.3508838036223128 0.8853567190388677
0.3701564167826903 0.9326820539248624
0.3636068113715300 0.9554951298208543
0.3600000000000000 1.0000000000000000
0.4000000000000000 0.0000000000000000
0.4123940045700456 0.0303670407311033
0.4031576618971303 0.0898223287500148
0.3991391393629866 0.1155336707164037
0.3904030412492783 0.1702480523345005
0.4073880241445564 0.1945408787508031
0.4046545716918361 0.2520542741273510
0.3917215974695215 0.2762213041956351
0.4093500306462593 0.3210409796078544
0.4021677408626378 0.3630191251401249
0.4121132926426873 0.4080565520993566
0.4001121820599794 0.4452096573365388
0.4101194392218754 0.4717727126712004
0.4053954978055220 0.5213628204361951
0.4121267164419722 0.5639756098166928
0.3974907983627828 0.6032857571473428
0.4095606644814221 0.6485686904211885
0.3930087363194683 0.6734068612265667
0.4127874228278189 0.7099052228778369
0.4099946511850142 0.7628971193791417
0.4025540413640814 0.7965707891198275
0.3912959627734132 0.8490572345324079
0.4064636940987043 0.8923493802103096
0.3886854419937616 0.9267219846071850
0.4099207418418317 0.9727393170975678
0.4000000000000000 1.0000000000000000
0.4400000000000000 0.0000000000000000
0.4464441923718137 0.0444185993234521
0.4470886399004216 0.0810927612061144
0.4280560588637084 0.1302911709980688
0.4448987069146444 0.1677080146201167
0.4340311108648803 0.1988301942838100
0.4449423293505158 0.2400457733458501
0.4446937222059960 0.2691791318813980
0.4308350273275335 0.3148924151888288
0.4358372891408995 0.3558660254319626
0.4359925536962803 0.3912429935022069
0.4328390605712089 0.4466030691397904
0.4532275130953609 0.4782382086641773
0.4278271621332163 0.5122055513289435
0.4322013993314320 0.5546999891734737
0.4356787165736826 0.6012367458737290
0.4480198571504873 0.6402364474883911
0.4390256124031238 0.6899613126320659
0.4443065901603016 0.7195382028909327
0.4490675097110146 0.7610824916971554
0.4494622419283295 0.8087404330014267
0.4392474018746997 0.8287332823392625
0.4308504731040718 0.8931687806462829
0.4432866881680636 0.9325833137708689
0.4513603234660716 0.9524270926414922
0.4400000000000000 1.0000000000000000
0.4800000000000000 0.0000000000000000
0.4771471453170709 0.0269727815186155
0.4766388487068002 0.0670119205969242
0.4859985775820979 0.1121230715681618
0.4752711001445853 0.1505649302108407
0.4833248873876964 0.2047494699463104
0.4747737795807974 0.2336943369528921
0.4685349115854658 0.2882831871217304
0.4815271002707281 0.3291289066899468
0.4848652118197447 0.3541945655355385
0.4891898908399742 0.3976027735643943
0.4773348868781303 0.4271418807654805
0.4778813026339432 0.4844741212595123
0.4687263429000103 0.5249402658379466
0.4885193930238712 0.5559301919680877
0.4720870650090145 0.5926579526338063
0.4683501508927768 0.6494424562298163
0.4813701758832452 0.6890807962527615
0.4812486136682940 0.7316230329637455
0.4901154398639559 0.7549036709963824
0.4682839110671242 0.8105423108793662
0.4835047886505293 0.8526688912086462
0.4813749122292918 0.8745827638464938
0.4885982261419975 0.9131516995068757
0.4922089545170249 0.9554245974733250
0.4800000000000000 1.0000000000000000
0.5200000000000000 0.0000000000000000
0.5069139578640367 0.0289802959638167
0.5333326993518178 0.0698094509470560
0.5310817492317947 0.1316035574893848
0.5145374048502482 0.1705388322289986
0.5129681161909586 0.1943874542978805
0.5100102491968741 0.2396090382546673
0.5236312304638302 0.2749840344019643
0.5262657495264177 0.3227493496261608
0.5278590631556188 0.3680112286294154
0.5108318531460833 0.4086368605966857
0.5126817545395294 0.4457115841312755
0.5196601914015587 0.4687572249244930
0.5068544265688335 0.5132762874237499
0.5294150173193619 0.5540151731836648
0.5249735858481971 0.5878924291215537
0.5235253479304457 0.6360019843585186
0.5186626396342480 0.6913570229670485
0.5308625243448702 0.7081723563846327
0.5264881470010704 0.7717040572739132
0.5104669275147126 0.7913011080640895
0.5123380843847535 0.8365832679167867
0.5306972884974638 0.8746495851710112
0.5113711425591226 0.9075589477250806
0.5245978011073590 0.9637014646202876
0.5200000000000000 1.0000000000000000
0.5600000000000001 0.0000000000000000
0.5670532282970702 0.0444367643720444
0.5720842156697291 0.0903136531878031
0.5504377278771794 0.1325783278221055
0.5539145526338047 0.1522350077363386
0.5731692525758580 0.1924671731659496
0.5716708945322597 0.2419613489288424
0.5557944210529538 0.2762525954560566
0.5579413166909217 0.3214092975030894
0.5496450316400716 0.3665428008798382
0.5661776422682717 0.4010338314028183
0.5715782969621379 0.4512227215236206
0.5662497244357422 0.4753625851827013
0.5533343397680752 0.5163381926233943
0.5548024855086392 0.5677057216575335
0.5561693310550957 0.5935807447733443
0.5598674871013573 0.6500658521970969
0.5622995658742302 0.6778994571267780
0.5632649771091108 0.7127182160531406
0.5484620268582892 0.7522697480424667
0.5702547567275125 0.8061847258010718
0.5542201817047486 0.8450876079136813
0.5470966851734600 0.8773981469544034
0.5668149082530282 0.9313307405024457
0.5543807982409340 0.9720970023348984
0.5600000000000001 1.0000000000000000
0.6000000000000000 0.0000000000000000
0.5921507190021793 0.0331602148487027
0.5968025608191604 0.0755760519168775
0.5919377718142580 0.1286740976107446
0.5983926069728731 0.1676982438254198
0.6074254233879901 0.2104909015734080
0.6116700700177765 0.2499267255820981
0.5999911259690952 0.2728269556506705
0.6034557852942383 0.3198486048669467
0.5989891864879047 0.3488222429487602
0.5911437235034877 0.4116199176651639
0.5990011599379360 0.4353694232385473
0.6064997478229148 0.4830174547477480
0.5867119402042580 0.5286586636928525
0.6072084991445547 0.5556523084117189
0.6084737930740827 0.5973660542690000
0.6028847350195075 0.6401529218647923
0.5894434812119618 0.6815885401844604
0.5905379434055470 0.7195194234264404
0.5994880610862084 0.7614118095005576
0.5980402834212938 0.7987018134296703
0.5929647076030014 0.8532523386046726
0.5874218276332223 0.8906391905800106
0.5941706574718428 0.9207158410150955
0.6065087183497425 0.9674393376251581
0.6000000000000000 1.0000000000000000
0.6400000000000000 0.0000000000000000
0.6320650725746449 0.0413023665876137
0.6390060485609267 0.0807343192379083
0.6286628917041776 0.1114214330085574
0.6381702448365534 0.1543699745635476
0.6314978480192478 0.2062124523959794
0.6458341040182858 0.2310794600454967
0.6368419632459730 0.2781996896775986
0.6353755539883932 0.3157297016228258
0.6522228155796037 0.3496548544425288
0.6305822529693486 0.3888224211338570
0.6386728296123887 0.4394169589154115
0.6328831889307400 0.4783184382255308
0.6411286798019924 0.5134516455844351
0.6372839174968240 0.5675334667620979
0.6522325070364857 0.6126340759007792
0.6363933934919679 0.6472224126012823
0.6420672036143010 0.6911427490569795
0.6457162379107890 0.7245396953723401
0.6376390050565849 0.7526470943475400
0.6474927178782756 0.7973872926231687
0.6368806031962969 0.8313849603573891
0.6285107769403891 0.8813378452166162
0.6411814394307944 0.9112780654975222
0.6381272029692253 0.9632772853549728
0.6400000000000000 1.0000000000000000
0.6800000000000000 0.0000000000000000
0.6912256245141022 0.0478992256680175
0.6815252886373736 0.0780067512791057
0.6893931730079370 0.1111657581007196
0.6752699977657423 0.1474185871353136
0.6817187783505443 0.2056532420855398
0.6796269690951050 0.2500563527015405
0.6876032930606755 0.2798529367153871
0.6832678091264744 0.3137411780630907
0.6815677848196526 0.3517128014411370
0.6716966012741763 0.3893713782930422
0.6763684690407609 0.4504771441241917
0.6697554780040760 0.4788164511785487
0.6921921533750987 0.5167520010879141
0.6763293141911327 0.5698659421860217
0.6721754554838359 0.6123895299792114
0.6696858696844584 0.6451845683213059
0.6829982623925022 0.6675669199336796
0.6726817195193843 0.7273726991730185
0.6817260553230762 0.7722631090309291
0.6930930053523604 0.8018459308594132
0.6870297482760723 0.8418051425556278
0.6917744057926006 0.8693847720083683
0.6691053825753976 0.9196052429727366
0.6903282004650740 0.9669394035095199
0.6800000000000000 1.0000000000000000
0.7200000000000000 0.0000000000000000
0.7214531366760728 0.0508316329456317
0.7163008594970784 0.0751257840191508
0.7283667887707914 0.1124232773607590
0.7322057286045061 0.1732709049198255
0.7260115232239857 0.2018609078726281
0.7151305755421180 0.2516784369939154
0.7190137413378627 0.2781821359760810
0.7128574447993672 0.3129940363867761
0.7159050306063973 0.3720275392761411
0.7122378210317383 0.4017629368931918
0.7306639573021919 0.4419171037329105
0.7155515574194677 0.4751689077030081
0.7152651693741576 0.5100045419133213
0.7283163465789283 0.5542326767196152
0.7085068215024636 0.6047494230870198
0.7174943436508988 0.6448505231423957
0.7216341205045415 0.6739158035702596
0.7158120323579931 0.7205054405699464
0.7259194282521060 0.7495391364306758
0.7116671179424312 0.7972294678161816
0.7173959089390060 0.8353442206695578
0.7087221538603455 0.8733581002264657
0.7189180663677669 0.9260316356051331
0.7315687424966942 0.9542948680264234
0.7200000000000000 1.0000000000000000
0.7600000000000000 0.0000000000000000
0.7592376118731478 0.0382559406993515
0.7514153997000638 0.0743034444844212
0.7611921245791586 0.1214787585858615
0.7633049481971350 0.1510276899000842
0.7602436226239302 0.2115170557949205
0.7596078086664186 0.2513493184467034
0.7588585481227995 0.2699578972261705
0.7704227613841897 0.3164040909610459
0.7609284910525510 0.3564347936996910
0.7597559656609184 0.4081075173126887
0.7731072305963240 0.4418595028570684
0.7514133045003766 0.4861765405404330
0.7525522055116756 0.5149624146323899
0.7656746275501257 0.5733304074164736
0.7603141038600515 0.6131211605038183
0.7627271921348028 0.6409324031249297
0.7638818359471771 0.6788507169818129
0.7582388798562287 0.7176614596497723
0.7594392811571686 0.7678231057080277
0.7733238788813884 0.7901824417861782
0.7611134606166696 0.8396979595218381
0.7476693753054491 0.8931965992620610
0.7490084869899349 0.9181295670598418
0.7628864663490668 0.9681253367296982
0.7600000000000000 1.0000000000000000
0.8000000000000000 0.0000000000000000
0.7910057913838351 0.0349348662907615
0.8119146411172743 0.0817980876293168
0.7999947702502478 0.1120400453170567
0.7975478539303704 0.1629158827346301
0.8004887447362760 0.2127508464069431
0.8101868304188307 0.2491180752261340
0.7981481833101631 0.2737968863849800
0.7923469693813968 0.3262668083682547
0.8118080281498764 0.3720286924864089
0.7931059557707963 0.4096776388428170
0.7945803673997776 0.4429376215890837
0.7978095799394779 0.4685431410184199
0.8061315293042963 0.5100645320097705
0.7938633814976755 0.5666258325907615
0.7999355892573908 0.6034743044049808
0.8005379476905550 0.6389096442699944
0.8032963813130350 0.6815613708032408
0.7901524345634342 0.7166364149132556
0.7952751265669422 0.7644922985920505
0.7926662839349218 0.7923616792530305
0.8017614603101527 0.8432336647634621
0.8120218993550259 0.8889581044612328
0.8075626837441766 0.9146790107415421
0.8118087208101734 0.9726403320211469
0.8000000000000000 1.0000000000000000
0.8400000000000000 0.0000000000000000
0.8382382899446950 0.0488532026678693
0.8368749863859275 0.0848734628183047
0.8408741953136130 0.1267262424841986
0.8419085743248361 0.1633281276295458
0.8338595681170410 0.2056038917024731
0.8422264153728218 0.2432632462488434
0.8480436458317184 0.2721488731374675
0.8426250170856002 0.3206021199666913
0.8389938237642551 0.3725215790670799
0.8434414207932607 0.3898159564220672
0.8397551615258046 0.4289437683657797
0.8378475453536888 0.4796590937878716
0.8267676167704502 0.5330638897517753
0.8332798415524705 0.5565972109017022
0.8530307771277384 0.5938670652429251
0.8479085997006597 0.6317809788470679
0.8288888978777001 0.6730383558920279
0.8495578461050648 0.7279001290955019
0.8423689162716863 0.7703989619576034
0.8298426672609363 0.7947959866138163
0.8449967732088636 0.8363695746435196
0.8486073493994338 0.8698752725520928
0.8520591963548956 0.9195403850521606
0.8330023742207212 0.9577256874045922
0.8400000000000000 1.0000000000000000
0.8800000000000000 0.0000000000000000
0.8866341017826814 0.0332986797960408
0.8733991708709162 0.0702069740208108
0.8898714702488855 0.1286005980188320
0.8760406101281395 0.1561341063450472
0.8766739607051800 0.1873695028858312
0.8719489206413241 0.2364566941710729
0.8883620759886252 0.2799839779310452
0.8931329262561108 0.3126128543498263
0.8912567917511185 0.3714110907474067
0.8790359921456303 0.3996480919237890
0.8874609096854111 0.4367788638066385
0.8697387987117701 0.4712005472304024
0.8926496798338824 0.5312079162616962
0.8925062412224172 0.5501604564678982
0.8782185231800749 0.6031087005248061
0.8683113426155763 0.6526583816160374
0.8702042248319459 0.6729482201493423
0.8688216691432876 0.7237884678722265
0.8671622523973580 0.7474640363852956
0.8794186562880564 0.7940467226993795
0.8714258508545352 0.8358929355404605
0.8833290538107955 0.8729502274177330
0.8836912631033411 0.9133207589128939
0.8779906721607065 0.9638382804260232
0.8800000000000000 1.0000000000000000
0.9200000000000000 0.0000000000000000
0.9240107480762506 0.0383109010378378
0.9332361950485883 0.0743760992525390
0.9270990925375453 0.1083855026050485
0.9322738685883796 0.1502610875443265
0.9206374122854901 0.2119167533956116
0.9162875375602748 0.2307193295267759
0.9104759868916601 0.2834939261495194
0.9127113203054298 0.3161337476325179
0.9236666077127990 0.3487550749747112
0.9311411401522672 0.4094687480511101
0.9273581953715635 0.4356204179717579
0.9122050156706177 0.4903305075164908
0.9275438049041886 0.5124870744553931
0.9154379564392264 0.5483694352520202
0.9286119970425379 0.5928532993048553
0.9174331495431066 0.6273929098037039
0.9292426752951909 0.6836579956017406
0.9281610354322373 0.7197164014672217
0.9149807243493679 0.7537736654037087
0.9300108942988642 0.7957633774065372
0.9287560854703132 0.8379826323394324
0.9284959075356713 0.8725145030583863
0.9152855446698188 0.9219281507934590
0.9289818923804408 0.9581989365907955
0.9200000000000000 1.0000000000000000
0.9600000000000000 0.0000000000000000
0.9719884647400202 0.0425491032287627
0.9543464140706056 0.0682835651824189
0.9537262502373728 0.1130136985017432
0.9711676604344712 0.1522664749333428
0.9556848980232618 0.1912666234089310
0.9618300282759386 0.2443474405557323
0.9556030258709111 0.2791689991364556
0.9620637187231457 0.3242099682001009
0.9636570838460794 0.3600573685464978
0.9728046178934827 0.3905888552339374
0.9519671583116760 0.4375613426623122
0.9530847924769598 0.4668532652897964
0.9482538391022987 0.5092001278912175
0.9686661257758516 0.5731499828362360
0.9669609577299181 0.5951386799301622
0.9525148205225403 0.6395871103081310
0.9635750486059529 0.6696726410926243
0.9711503167003218 0.7259018819342959
0.9509186021500622 0.7624414822875860
0.9595298825743466 0.8074060881595180
0.9572391881688371 0.8381694595099135
0.9541347030712939 0.8708091059635816
0.9649152716665707 0.9303902798630623
0.9498434231562004 0.9499001147166382
0.9600000000000000 1.0000000000000000
1.0000000000000000 0.0000000000000000
1.0000000000000000 0.0400000000000000
1.0000000000000000 0.0800000000000000
1.0000000000000000 0.1200000000000000
1.0000000000000000 0.1600000000000000
1.0000000000000000 0.2000000000000000
1.0000000000000000 0.2400000000000000
1.0000000000000000 0.2800000000000000
1.0000000000000000 0.3200000000000000
1.0000000000000000 0.3600000000000000
1.0000000000000000 0.4000000000000000
1.0000000000000000 0.4400000000000000
1.0000000000000000 0.4800000000000000
1.0000000000000000 0.5200000000000000
1.0000000000000000 0.5600000000000001
1.0000000000000000 0.6000000000000000
1.0000000000000000 0.6400000000000000
1.0000000000000000 0.6800000000000000
1.0000000000000000 0.7200000000000000
1.0000000000000000 0.7600000000000000
1.0000000000000000 0.8000000000000000
1.0000000000000000 0.8400000000000000
1.0000000000000000 0.8800000000000000
1.0000000000000000 0.9200000000000000
1.0000000000000000 0.9600000000000000
1.0000000000000000 1.0000000000000000
# element connectivity: number of elements followed by the connectivity
1250
3 73 72 98
3 393 367 366
3 337 363 364
3 55 29 28
3 142 143 116
3 64 90 91
3 561 536 535
3 649 648 675
3 455 481 456
3 478 477 504
3 423 449 424
3 430 403 429
3 540 567 541
3 634 608 633
3 314 288 287
3 54 55 28
3 266 267 240
3 210 209 235
3 243 244 218
3 341 340 366
3 37 63 64
3 4 3 29
3 328 303 302
3 159 160 134
3 59 60 33
3 91 65 64
3 32 33 6
3 123 150 124
3 40 13 39
3 94 95 68
3 67 41 66
3 178 153 152
3 122 95 121
3 304 279 278
3 75 50 49
3 384 385 358
3 204 179 178
3 250 249 275
3 121 147 122
3 333 359 360
3 459 433 432
3 598 597 624
3 465 440 439
3 517 491 516
3 467 493 494
3 414 440 441
3 415 441 442
3 597 570 596
3 624 597 623
3 534 535 508
3 459 485 460
3 647 620 646
3 499 498 524
3 613 612 638
3 562 563 536
3 454 479 480
3 558 584 585
3 531 530 557
3 457 484 458
3 579 554 553
3 477 503 504
3 552 553 527
3 603 630 604
3 600 599 625
3 523 524 497
3 133 132 158
3 81 56 55
3 33 34 7
3 262 235 261
3 163 138 137
3 241 215 240
3 212 213 187
3 159 185 186
3 186 187 161
3 189 190 164
3 84 58 57
3 264 290 265
3 268 269 242
3 157 183 158
3 395 394 421
3 341 342 316
3 211 212 185
3 288 315 289
3 288 314 315
3 365 391 392
3 373 400 374
3 269 244 243
3 292 291 318
3 368 367 394
3 317 291 290
3 320 319 345
3 317 318 291
3 344 345 318
3 272 298 273
3 165 191 166
3 266 292 267
3 248 274 249
3 294 295 268
3 324 350 325
3 347 346 372
3 422 396 395
3 295 320 321
3 323 349 324
3 402 427 428
3 302 303 277
3 269 296 270
3 328 354 355
3 271 297 298
3 349 348 375
3 191 217 192
3 9 35 36
3 216 217 190
3 219 245 220
3 136 162 137
3 60 86 87
3 110 136 137
3 188 215 189
3 35 9 34
3 87 88 62
3 8 7 34
3 11 10 36
3 272 271 298
3 91 66 65
3 38 64 65
3 40 39 65
3 13 12 38
3 40 65 66
3 39 38 65
3 197 223 224
3 117 92 91
3 277 252 251
3 67 42 41
3 226 252 253
3 177 202 203
3 44 70 45
3 116 143 117
3 93 94 67
3 46 72 47
3 73 47 72
3 72 71 98
3 45 71 72
3 96 122 97
3 21 47 48
3 46 45 72
3 207 180 206
3 123 124 97
3 206 180 179
3 78 52 51
3 101 128 102
3 126 100 99
3 198 172 197
3 76 51 50
3 201 200 227
3 280 306 307
3 226 225 252
3 278 279 253
3 176 177 150
3 178 179 153
3 148 147 173
3 202 228 203
3 207 232 233
3 255 230 229
3 337 311 336
3 278 253 252
3 277 303 304
3 300 274 273
3 256 283 257
3 305 304 330
3 198 224 225
3 276 302 277
3 378 404 379
3 459 432 458
3 146 172 173
3 143 118 117
3 171 144 170
3 276 275 302
3 141 167 168
3 218 217 243
3 222 195 221
3 274 275 249
3 246 245 271
3 403 377 376
3 247 272 273
3 298 299 273
3 406 405 431
3 483 508 509
3 358 359 332
3 457 456 483
3 510 484 509
3 458 432 457
3 535 509 508
3 641 615 614
3 515 489 514
3 464 438 437
3 564 590 565
3 411 437 438
3 380 407 381
3 332 333 306
3 382 383 357
3 381 355 380
3 416 389 415
3 412 385 411
3 465 439 464
3 387 361 386
3 364 389 390
3 388 415 389
3 389 416 390
3 467 494 468
3 572 545 571
3 493 519 494
3 517 492 491
3 413 439 414
3 492 493 467
3 462 437 436
3 438 412 411
3 568 542 567
3 510 485 484
3 518 492 517
3 622 648 649
3 597 571 570
3 545 519 544
3 544 519 518
3 623 650 624
3 649 675 650
3 595 620 621
3 595 569 594
3 594 568 593
3 587 614 588
3 566 567 540
3 618 644 619
3 537 563 564
3 536 561 562
3 541 515 540
3 563 588 589
3 637 638 611
3 562 588 563
3 612 611 638
3 639 665 666
3 666 640 639
3 667 668 642
3 667 642 641
3 586 612 613
3 664 665 639
3 637 663 638
3 637 636 662
3 581 555 580
3 607 633 608
3 556 582 557
3 605 632 606
3 582 583 557
3 560 534 559
3 637 662 663
3 607 608 581
3 609 636 610
3 507 533 534
3 482 456 481
3 585 584 611
3 609 608 634
3 347 373 374
3 371 345 344
3 431 405 430
3 453 479 454
3 423 424 397
3 450 475 476
3 419 420 393
3 426 451 452
3 500 526 501
3 503 529 504
3 581 582 555
3 452 478 453
3 449 448 475
3 525 499 524
3 419 445 446
3 579 552 578
3 368 342 367
3 366 365 392
3 399 373 398
3 371 344 370
3 341 366 367
3 340 339 366
3 418 392 391
3 393 366 392
3 421 447 448
3 394 367 393
3 497 472 471
3 393 392 418
3 471 470 497
3 626 625 651
3 496 470 469
3 555 528 554
3 604 578 603
3 605 579 604
3 580 554 579
3 653 628 627
3 577 603 578
3 629 630 603
3 658 633 632
3 574 599 600
3 601 575 600
3 574 548 547
3 2 1 28
3 28 27 53
3 54 53 79
3 3 28 29
3 1 27 28
3 80 106 81
3 56 29 55
3 3 2 28
3 56 30 29
3 30 4 29
3 31 5 30
3 5 4 30
3 31 32 5
3 32 6 5
3 57 58 32
3 58 33 32
3 31 57 32
3 113 112 139
3 56 31 30
3 56 57 31
3 81 82 56
3 83 109 84
3 133 134 107
3 82 83 56
3 107 108 82
3 112 137 138
3 83 84 57
3 112 138 139
3 56 83 57
3 161 160 186
3 82 108 109
3 137 162 163
3 83 82 109
3 162 188 163
3 134 108 107
3 82 81 107
3 110 109 136
3 110 84 109
3 106 132 107
3 134 160 135
3 79 105 106
3 157 158 132
3 55 80 81
3 80 79 106
3 81 106 107
3 80 54 79
3 55 54 80
3 28 53 54
3 105 132 106
3 131 132 105
3 157 132 131
3 211 185 184
3 183 184 158
3 290 263 289
3 132 133 107
3 158 184 159
3 158 159 133
3 186 185 212
3 184 185 159
3 184 183 210
3 235 262 236
3 212 238 239
3 184 210 211
3 287 313 314
3 183 209 210
3 237 263 238
3 289 263 288
3 262 287 288
3 340 314 313
3 340 315 314
3 210 236 211
3 265 291 266
3 287 262 261
3 288 263 262
3 235 236 210
3 262 263 237
3 236 237 211
3 236 262 237
3 240 214 239
3 211 237 238
3 239 238 264
3 212 211 238
3 265 239 264
3 238 263 264
3 263 290 264
3 317 343 318
3 291 292 266
3 293 319 294
3 289 316 290
3 289 315 316
3 240 239 265
3 240 215 214
3 291 265 290
3 266 240 265
3 187 214 188
3 215 188 214
3 239 213 212
3 239 214 213
3 187 186 212
3 160 159 186
3 214 187 213
3 188 162 187
3 109 135 136
3 109 108 135
3 159 134 133
3 135 108 134
3 135 162 136
3 135 160 161
3 162 161 187
3 162 135 161
3 188 189 163
3 215 241 216
3 165 190 191
3 189 215 216
3 193 192 218
3 139 138 164
3 166 139 165
3 190 217 191
3 216 242 217
3 242 269 243
3 189 216 190
3 242 243 217
3 241 242 216
3 241 267 268
3 240 267 241
3 319 318 345
3 292 293 267
3 295 321 296
3 267 293 294
3 292 318 319
3 346 320 345
3 293 292 319
3 294 320 295
3 322 323 297
3 319 320 294
3 321 322 296
3 241 268 242
3 267 294 268
3 269 295 296
3 269 268 295
3 220 245 246
3 297 296 322
3 244 270 245
3 244 269 270
3 270 271 245
3 270 296 297
3 298 297 324
3 271 270 297
3 274 248 273
3 246 271 272
3 273 299 300
3 298 324 299
3 223 196 222
3 247 221 246
3 247 246 272
3 195 169 194
3 168 193 194
3 219 244 245
3 246 221 220
3 247 248 222
3 193 218 219
3 192 217 218
3 194 193 220
3 218 244 219
3 168 167 193
3 140 166 167
3 220 193 219
3 167 192 193
3 221 195 220
3 141 116 115
3 220 195 194
3 222 249 223
3 169 142 168
3 144 145 119
3 169 168 194
3 142 141 168
3 116 90 115
3 116 117 90
3 169 143 142
3 144 118 143
3 115 88 114
3 37 64 38
3 141 115 114
3 90 89 115
3 113 114 88
3 140 141 114
3 167 141 140
3 142 116 141
3 192 166 191
3 140 114 139
3 167 166 192
3 140 139 166
3 163 164 138
3 163 189 164
3 164 165 139
3 164 190 165
3 87 86 113
3 85 110 111
3 85 111 86
3 110 137 111
3 111 112 86
3 139 114 113
3 86 112 113
3 111 137 112
3 60 61 35
3 62 63 37
3 60 87 61
3 113 88 87
3 84 59 58
3 84 110 85
3 60 85 86
3 59 84 85
3 6 33 7
3 58 59 33
3 33 60 34
3 59 85 60
3 9 8 34
3 60 35 34
3 61 36 35
3 38 12 37
3 9 36 10
3 62 88 89
3 61 62 36
3 61 87 62
3 115 89 88
3 90 64 63
3 89 63 62
3 89 90 63
3 117 91 90
3 117 118 92
3 13 38 39
3 12 11 37
3 36 37 11
3 36 62 37
3 41 16 15
3 14 13 40
3 14 40 41
3 41 40 66
3 67 68 42
3 68 69 42
3 94 68 67
3 69 70 43
3 16 41 42
3 15 14 41
3 92 67 66
3 146 119 145
3 91 92 66
3 118 93 92
3 92 93 67
3 146 145 172
3 118 119 93
3 118 144 119
3 169 170 143
3 171 197 172
3 119 120 93
3 121 95 94
3 121 146 147
3 120 119 146
3 120 94 93
3 120 121 94
3 146 121 120
3 150 149 176
3 95 69 68
3 95 96 69
3 71 96 97
3 70 69 96
3 95 122 96
3 147 148 122
3 123 148 149
3 200 174 199
3 122 123 97
3 122 148 123
3 151 125 150
3 123 149 150
3 96 71 70
3 97 98 71
3 97 124 98
3 125 152 126
3 21 46 47
3 45 70 71
3 19 44 45
3 18 43 44
3 42 43 16
3 42 69 43
3 46 19 45
3 43 70 44
3 16 43 17
3 17 43 18
3 18 44 19
3 19 46 20
3 20 46 21
3 75 48 74
3 22 21 48
3 47 74 48
3 100 126 101
3 124 99 98
3 74 47 73
3 49 50 24
3 126 127 101
3 181 155 180
3 49 22 48
3 22 49 23
3 48 75 49
3 49 24 23
3 50 51 24
3 51 52 26
3 25 51 26
3 102 76 75
3 24 51 25
3 100 75 74
3 102 129 103
3 51 76 77
3 50 75 76
3 103 104 77
3 78 51 77
3 153 154 127
3 77 76 102
3 155 129 154
3 178 152 151
3 78 77 104
3 102 103 77
3 129 130 103
3 104 103 130
3 130 129 156
3 180 154 179
3 155 156 129
3 180 155 154
3 180 207 181
3 129 128 154
3 102 75 101
3 154 153 179
3 127 152 153
3 73 100 74
3 128 129 102
3 127 128 101
3 127 154 128
3 75 100 101
3 126 99 125
3 73 99 100
3 73 98 99
3 124 125 99
3 152 127 126
3 150 125 124
3 150 177 151
3 203 178 177
3 152 125 151
3 176 202 177
3 230 205 204
3 253 254 227
3 230 203 228
3 282 309 283
3 230 228 229
3 231 205 230
3 206 179 205
3 258 232 257
3 232 205 231
3 177 178 151
3 204 205 179
3 203 204 178
3 203 230 204
3 232 207 206
3 182 156 181
3 259 233 258
3 206 205 232
3 208 182 207
3 156 155 181
3 207 182 181
3 208 207 233
3 257 232 231
3 234 233 260
3 234 208 233
3 281 308 282
3 231 230 256
3 260 259 286
3 233 232 258
3 259 284 285
3 258 257 284
3 284 259 258
3 260 233 259
3 259 285 286
3 335 309 308
3 285 312 286
3 336 310 309
3 285 311 312
3 285 284 310
3 335 336 309
3 256 257 231
3 285 310 311
3 284 283 310
3 310 283 309
3 284 257 283
3 307 308 281
3 334 335 308
3 255 282 256
3 282 283 256
3 230 255 256
3 308 309 282
3 253 279 280
3 281 282 255
3 229 254 255
3 280 307 281
3 331 332 306
3 333 308 307
3 308 333 334
3 307 306 333
3 254 253 280
3 278 277 304
3 331 305 330
3 306 280 305
3 329 304 303
3 305 279 304
3 355 329 328
3 330 304 329
3 228 227 254
3 227 226 253
3 252 277 278
3 251 250 276
3 255 254 281
3 229 228 254
3 254 280 281
3 279 305 280
3 149 175 176
3 227 228 202
3 202 176 201
3 225 251 252
3 176 175 201
3 149 148 174
3 202 201 227
3 175 174 201
3 149 174 175
3 173 172 199
3 200 199 225
3 174 148 173
3 227 200 226
3 201 174 200
3 200 225 226
3 199 198 225
3 224 198 197
3 199 172 198
3 249 250 223
3 251 225 224
3 174 173 199
3 147 146 173
3 145 144 171
3 170 169 196
3 143 170 144
3 169 195 196
3 145 171 172
3 170 196 171
3 197 196 223
3 197 171 196
3 195 222 196
3 221 247 222
3 222 248 249
3 247 273 248
3 326 327 301
3 301 274 300
3 224 250 251
3 224 223 250
3 251 276 277
3 250 275 276
3 301 328 302
3 328 329 303
3 275 301 302
3 325 299 324
3 274 301 275
3 300 299 326
3 327 326 352
3 301 300 326
3 353 352 378
3 326 299 325
3 328 327 354
3 328 301 327
3 379 380 354
3 356 330 355
3 327 353 354
3 351 350 376
3 354 380 355
3 379 405 406
3 354 353 379
3 327 352 353
3 377 404 378
3 379 353 378
3 377 403 404
3 405 379 404
3 430 405 404
3 406 432 433
3 429 455 430
3 456 457 430
3 482 483 456
3 509 484 483
3 431 457 432
3 484 485 458
3 430 457 431
3 483 484 457
3 382 381 408
3 380 379 406
3 432 406 431
3 407 380 406
3 460 434 459
3 434 409 408
3 433 459 434
3 458 485 459
3 486 460 485
3 486 487 460
3 513 487 486
3 487 461 460
3 539 538 565
3 462 463 437
3 489 488 514
3 488 489 462
3 460 461 434
3 463 462 489
3 434 461 435
3 487 488 461
3 433 408 407
3 434 435 409
3 408 409 383
3 410 437 411
3 383 382 408
3 357 356 382
3 408 433 434
3 407 406 433
3 355 330 329
3 331 306 305
3 408 381 407
3 382 356 381
3 356 331 330
3 357 383 384
3 381 356 355
3 357 331 356
3 357 332 331
3 359 333 332
3 357 384 332
3 385 386 360
3 384 358 332
3 385 359 358
3 409 384 383
3 409 410 384
3 389 363 388
3 360 359 385
3 412 386 385
3 361 334 360
3 361 335 334
3 336 311 310
3 361 360 386
3 334 333 360
3 361 362 335
3 363 389 364
3 335 362 336
3 361 387 362
3 312 311 338
3 311 337 338
3 336 362 337
3 338 337 364
3 362 363 337
3 388 414 415
3 412 387 386
3 413 388 387
3 362 388 363
3 362 387 388
3 439 413 412
3 414 388 413
3 464 439 438
3 440 414 439
3 442 441 468
3 415 414 441
3 416 415 442
3 441 467 468
3 441 440 466
3 440 465 466
3 516 490 489
3 467 466 492
3 467 441 466
3 466 491 492
3 464 463 490
3 490 463 489
3 464 437 463
3 567 542 541
3 491 464 490
3 439 412 438
3 413 387 412
3 491 465 464
3 491 466 465
3 384 410 385
3 436 435 461
3 385 410 411
3 409 435 436
3 410 436 437
3 410 409 436
3 461 462 436
3 461 488 462
3 515 514 540
3 488 487 513
3 516 515 541
3 516 489 515
3 488 513 514
3 565 590 591
3 618 619 593
3 593 620 594
3 491 490 516
3 567 566 593
3 596 569 595
3 518 519 493
3 542 516 541
3 545 544 571
3 569 542 568
3 543 570 544
3 542 543 516
3 543 569 570
3 492 518 493
3 544 570 571
3 494 519 520
3 520 519 546
3 597 572 571
3 546 519 545
3 546 545 572
3 517 544 518
3 517 516 543
3 517 543 544
3 542 569 543
3 596 595 621
3 569 568 594
3 622 621 647
3 622 596 621
3 623 597 622
3 598 572 597
3 597 596 622
3 570 569 596
3 623 649 650
3 623 622 649
3 675 676 650
3 648 622 647
3 648 674 675
3 648 673 674
3 647 646 672
3 620 593 619
3 647 672 673
3 646 620 645
3 595 594 620
3 568 567 593
3 648 647 673
3 621 620 647
3 591 590 616
3 619 645 620
3 617 591 616
3 645 672 646
3 644 645 619
3 671 672 645
3 644 671 645
3 615 641 616
3 670 671 644
3 643 670 644
3 669 643 668
3 616 590 615
3 668 643 642
3 669 670 643
3 539 513 512
3 589 615 590
3 643 616 642
3 617 644 618
3 566 592 593
3 617 643 644
3 592 591 618
3 616 643 617
3 593 592 618
3 566 540 565
3 618 591 617
3 592 566 565
3 514 513 539
3 565 538 564
3 592 565 591
3 540 514 539
3 486 512 513
3 486 485 511
3 538 539 512
3 565 540 539
3 511 510 537
3 563 589 564
3 537 564 538
3 589 590 564
3 537 536 563
3 509 535 536
3 512 537 538
3 511 485 510
3 536 510 509
3 536 537 510
3 512 511 537
3 512 486 511
3 535 534 560
3 506 507 480
3 561 560 586
3 561 535 560
3 587 562 561
3 588 615 589
3 587 588 562
3 587 613 614
3 561 586 587
3 560 559 586
3 664 639 638
3 586 611 612
3 614 613 639
3 587 586 613
3 641 614 640
3 615 588 614
3 666 667 640
3 642 616 641
3 640 667 641
3 614 639 640
3 613 638 639
3 663 664 638
3 584 610 611
3 660 634 633
3 586 585 611
3 532 506 531
3 611 610 637
3 609 583 582
3 637 610 636
3 584 583 609
3 635 609 634
3 610 584 609
3 636 635 662
3 636 609 635
3 635 661 662
3 635 634 660
3 607 632 633
3 659 660 633
3 661 635 660
3 604 631 605
3 631 658 632
3 633 658 659
3 580 606 581
3 580 579 605
3 606 607 581
3 606 632 607
3 556 557 530
3 583 584 558
3 608 582 581
3 608 609 582
3 555 556 530
3 532 558 533
3 529 555 530
3 555 582 556
3 501 528 502
3 527 554 528
3 528 555 529
3 554 580 555
3 448 474 475
3 528 529 503
3 475 501 502
3 501 526 527
3 530 504 529
3 530 531 504
3 478 452 477
3 502 528 503
3 480 505 506
3 479 478 505
3 507 506 533
3 505 504 531
3 558 531 557
3 506 505 531
3 583 558 557
3 559 534 533
3 585 559 558
3 534 508 507
3 558 559 533
3 585 586 559
3 482 507 508
3 481 480 507
3 558 532 531
3 533 506 532
3 481 455 454
3 456 430 455
3 507 482 481
3 508 483 482
3 428 453 454
3 426 400 425
3 454 480 481
3 479 505 480
3 375 401 376
3 425 400 399
3 455 428 454
3 402 401 427
3 428 429 402
3 430 404 403
3 402 429 403
3 428 455 429
3 352 351 378
3 376 402 403
3 351 376 377
3 350 349 375
3 351 325 350
3 352 326 325
3 378 351 377
3 352 325 351
3 297 323 324
3 348 374 375
3 324 349 350
3 323 348 349
3 350 375 376
3 374 400 375
3 376 401 402
3 375 400 401
3 322 348 323
3 322 321 347
3 428 427 453
3 401 400 427
3 346 347 320
3 320 347 321
3 348 347 374
3 348 322 347
3 345 371 346
3 450 424 449
3 372 373 347
3 372 398 373
3 371 398 372
3 397 424 398
3 373 399 400
3 398 424 399
3 427 400 426
3 399 424 425
3 424 451 425
3 476 502 503
3 427 426 453
3 425 451 426
3 426 452 453
3 451 477 452
3 450 477 451
3 476 503 477
3 505 478 504
3 479 453 478
3 424 450 451
3 449 475 450
3 450 476 477
3 475 502 476
3 423 448 449
3 474 500 475
3 475 500 501
3 473 472 499
3 473 474 448
3 473 500 474
3 444 471 445
3 498 499 472
3 393 420 394
3 447 473 448
3 420 447 421
3 472 473 447
3 396 422 423
3 421 448 422
3 396 423 397
3 422 448 423
3 371 370 396
3 369 342 368
3 371 396 397
3 370 395 396
3 343 344 318
3 343 370 344
3 398 371 397
3 372 346 371
3 317 342 343
3 316 315 341
3 395 369 394
3 369 343 342
3 394 369 368
3 370 343 369
3 422 395 421
3 370 369 395
3 394 420 421
3 393 418 419
3 443 444 418
3 419 446 420
3 317 316 342
3 317 290 316
3 342 341 367
3 315 340 341
3 313 339 340
3 339 365 366
3 418 391 417
3 470 444 469
3 418 417 443
3 418 444 445
3 443 469 444
3 470 471 444
3 446 447 420
3 418 445 419
3 471 472 446
3 471 446 445
3 472 447 446
3 496 497 470
3 496 522 497
3 498 497 524
3 498 472 497
3 495 496 469
3 522 523 497
3 521 522 495
3 495 522 496
3 521 548 522
3 547 548 521
3 573 574 547
3 549 550 524
3 574 573 599
3 551 525 550
3 524 523 549
3 601 602 575
3 576 550 575
3 548 523 522
3 548 575 549
3 548 549 523
3 575 550 549
3 550 525 524
3 500 473 499
3 577 578 551
3 500 499 525
3 527 526 552
3 500 525 526
3 554 527 553
3 528 501 527
3 553 552 579
3 526 525 552
3 579 578 604
3 577 550 576
3 552 551 578
3 552 525 551
3 550 577 551
3 576 603 577
3 602 603 576
3 628 629 603
3 654 629 628
3 655 630 629
3 630 631 604
3 606 580 605
3 605 631 632
3 630 656 631
3 631 657 658
3 631 656 657
3 630 655 656
3 629 654 655
3 602 601 628
3 600 625 626
3 628 653 654
3 603 602 628
3 576 575 602
3 627 601 600
3 627 628 601
3 575 574 600
3 575 548 574
3 627 626 653
3 627 600 626
3 626 652 653
3 626 651 652
# indices of nodes located on the boundary
1 2 3 4 5 6 7 8 9 10 11 12 13 14 15 16 17 18 19 20 21 22 23 24 25 26 27 52 53 78 79 104 105 130 131 156 157 182 183 208 209 234 235 260 261 286 287 312 313 338 339 364 365 390 391 416 417 442 443 468 469 494 495 520 521 546 547 572 573 598 599 624 625 650 651 652 653 654 655 656 657 658 659 660 661 662 663 664 665 666 667 668 669 670 671 672 673 674 675 676 
