# domain type
Triangular
# nodal coordinates: number of nodes followed by the coordinates
49
0.0000000000000000 0.0000000000000000
0.0000000000000000 0.1666666666666667
0.0000000000000000 0.3333333333333333
0.0000000000000000 0.5000000000000000
0.0000000000000000 0.6666666666666666
0.0000000000000000 0.8333333333333334
0.0000000000000000 1.0000000000000000
0.1666666666666667 0.0000000000000000
0.1321411310220020 0.1901059506657018
0.2216811244566369 0.2869010973217506
0.1995171374296328 0.4777520844134639
0.1678092180808947 0.6234637258484300
0.1878329753859753 0.8036824077315994
0.1666666666666667 1.0000000000000000
0.3333333333333333 0.0000000000000000
0.3751825608141913 0.1801200632921523
0.3576863467771225 0.3351986834755233
0.3126149142123197 0.5345921670265321
0.2850717631906051 0.6416254459150548
0.3246856378624524 0.8852642742002874
0.3333333333333333 1.0000000000000000
0.5000000000000000 0.0000000000000000
0.5211758505992024 0.2100178160412666
0.5056258109738633 0.3042998651657944
0.5451632780964726 0.4999105895032645
0.5441464663978582 0.6147543923790779
0.4740183793952467 0.8507005723884341
0.5000000000000000 1.0000000000000000
0.6666666666666666 0.0000000000000000
0.6827892236577067 0.1474355148677625
0.7183195669004186 0.3357344036816981
0.6383648491937542 0.4530687557986958
0.6114582804642332 0.6431050908040961
0.7056353939769928 0.7835337560280101
0.6666666666666666 1.0000000000000000
0.8333333333333334 0.0000000000000000
0.8870010148601631 0.1635714783395172
0.7957169726837087 0.2790537127419160
0.7834403904476451 0.4783482208898422
0.8337716855527552 0.6828073027870387
0.8047282619601293 0.8366009994927411
0.8333333333333334 1.0000000000000000
1.0000000000000000 0.0000000000000000
1.0000000000000000 0.1666666666666667
1.0000000000000000 0.3333333333333333
1.0000000000000000 0.5000000000000000
1.0000000000000000 0.6666666666666666
1.0000000000000000 0.8333333333333334
1.0000000000000000 1.0000000000000000
# element connectivity: number of elements followed by the connectivity
72
3 10 11 3
3 3 2 9
3 12 4 11
3 13 20 14
3 33 34 27
3 20 21 14
3 6 13 14
3 17 10 16
3 28 21 27
3 34 40 41
3 25 32 33
3 41 35 34
3 19 26 27
3 16 9 15
3 2 1 9
3 37 45 38
3 9 8 15
3 9 1 8
3 11 18 12
3 30 23 22
3 26 33 27
3 22 16 15
3 23 30 31
3 22 23 16
3 39 40 33
3 10 3 9
3 16 10 9
3 16 24 17
3 25 17 24
3 18 11 17
3 13 5 12
3 4 12 5
3 19 27 20
3 7 6 14
3 19 20 13
3 27 21 20
3 35 28 27
3 5 13 6
3 12 18 19
3 3 11 4
3 10 17 11
3 12 19 13
3 18 26 19
3 17 25 18
3 25 33 26
3 18 25 26
3 32 31 39
3 27 34 35
3 33 40 34
3 47 48 40
3 42 35 41
3 48 42 41
3 39 46 40
3 40 46 47
3 42 48 49
3 41 40 48
3 32 39 33
3 38 45 39
3 39 45 46
3 16 23 24
3 30 36 37
3 24 32 25
3 31 38 39
3 24 31 32
3 24 23 31
3 22 29 30
3 36 30 29
3 38 31 30
3 30 37 38
3 36 43 37
3 37 44 45
3 37 43 44
# indices of nodes located on the boundary
1 2 3 4 5 6 7 8 14 15 21 22 28 29 35 36 42 43 44 45 46 47 48 49 
