# domain type
Triangular
# nodal coordinates: number of nodes followed by the coordinates
361
0.0000000000000000 0.0000000000000000
0.0000000000000000 0.0555555555555556
0.0000000000000000 0.1111111111111111
0.0000000000000000 0.1666666666666667
0.0000000000000000 0.2222222222222222
0.0000000000000000 0.2777777777777778
0.0000000000000000 0.3333333333333333
0.0000000000000000 0.3888888888888889
0.0000000000000000 0.4444444444444444
0.0000000000000000 0.5000000000000000
0.0000000000000000 0.5555555555555556
0.0000000000000000 0.6111111111111112
0.0000000000000000 0.6666666666666666
0.0000000000000000 0.7222222222222222
0.0000000000000000 0.7777777777777778
0.0000000000000000 0.8333333333333334
0.0000000000000000 0.8888888888888888
0.0000000000000000 0.9444444444444444
0.0000000000000000 1.0000000000000000
0.0555555555555556 0.0000000000000000
0.0466064472925696 0.0577082607247303
0.0408126460098339 0.1099028497086392
0.0552409777175624 0.1508021230883599
0.0431984592125288 0.2228108118741220
0.0512073017181242 0.2639465898355531
0.0590173808280669 0.3192060675942098
0.0409040974887456 0.3895876248450810
0.0500305095873422 0.4581324439962152
0.0722718748768212 0.4928698270515422
0.0729522116192601 0.5481539857986103
0.0712019708130782 0.6022759618430167
0.0547856824086671 0.6516015385630107
0.0482227511095813 0.7187826873219166
0.0406324469855207 0.7809875042265541
0.0372288913636800 0.8349236102053135
0.0712389652631999 0.8908122561474084
0.0399989385683006 0.9291762302079309
0.0555555555555556 1.0000000000000000
0.1111111111111111 0.0000000000000000
0.1176428698282143 0.0579171276413803
0.1096615305428845 0.1023323174719761
0.1212188173512224 0.1543569445500669
0.1293632310849959 0.2251132384132274
0.1164698294396792 0.2716145424216194
0.1053905567090542 0.3349229175137207
0.0940366349156016 0.3820603179498448
0.1207414322891491 0.4394633429475149
0.1116533210032648 0.4943772967287317
0.1183305666137469 0.5425872310773454
0.1143229205551449 0.6263625962783940
0.1017028745889419 0.6782613023673215
0.1056101124585829 0.7392690342005683
0.0996457141149055 0.7753355300808000
0.1199125338978730 0.8284503235214746
0.1227671579221238 0.8964254770835857
0.1082085219847292 0.9536018103042879
0.1111111111111111 1.0000000000000000
0.1666666666666667 0.0000000000000000
0.1843049349370940 0.0548930693919170
0.1715486942984348 0.1144394846461740
0.1642620625789415 0.1509801894597283
0.1602405674122562 0.2255103140891047
0.1809884839931323 0.2817372969388181
0.1835690498408284 0.3306059447465769
0.1538453427097100 0.3902692349980261
0.1670556922556035 0.4295322111761626
0.1589135626115135 0.4819799056737162
0.1762664682273273 0.5399171670566156
0.1537643897287504 0.6082218704383294
0.1485857647519068 0.6713574855807064
0.1494568459054801 0.7081058800588240
0.1618907565859319 0.7643587991777956
0.1787922048124985 0.8324751246968991
0.1566713114179168 0.8742181289169877
0.1544229256074843 0.9313448422036152
0.1666666666666667 1.0000000000000000
0.2222222222222222 0.0000000000000000
0.2099230726789684 0.0428084560790199
0.2353979863539155 0.1244503933860458
0.2359349822887374 0.1645924364559533
0.2040667490862086 0.2156566004571976
0.2253734875872539 0.2677245613740001
0.2225888693500389 0.3275303565075627
0.2249889482780301 0.4004015662110214
0.2341821119966091 0.4395211196242548
0.2352170671213652 0.5011940251155834
0.2274867303913087 0.5531877079046755
0.2099932463866072 0.6232733483889795
0.2079739826184498 0.6628954363689852
0.2263844596211426 0.7187778648588297
0.2096249895122461 0.7895236662744354
0.2083856068662467 0.8419695526076456
0.2407329477277993 0.8750472165397464
0.2351880071248093 0.9339654803908886
0.2222222222222222 1.0000000000000000
0.2777777777777778 0.0000000000000000
0.2699662073829815 0.0465879984790609
0.2693578521482803 0.1092286674863433
0.2708603439236875 0.1748159929619426
0.2913652887615253 0.2083518930817146
0.2669981086660481 0.2638694305934755
0.2815740993362570 0.3155379435855101
0.2865553441617375 0.3931195982599527
0.2711662542783906 0.4344301681543959
0.2755578064725513 0.4896161597956613
0.2660355489675334 0.5612938060570248
0.2691622681347541 0.6154328441553140
0.2945332360030259 0.6600543595658027
0.2894936186511759 0.7052849292630886
0.2776190382960229 0.7746366522412693
0.2662334627822946 0.8413766991685619
0.2827398576607971 0.8821017462190476
0.2925256913652410 0.9511486097929469
0.2777777777777778 1.0000000000000000
0.3333333333333333 0.0000000000000000
0.3373787340613724 0.0397282520917393
0.3479689640657188 0.1168557478113543
0.3363017372055954 0.1739094388658318
0.3457106841868886 0.2297528484576302
0.3231758606677304 0.2826400101889398
0.3212356943796374 0.3348570647333061
0.3460953523408646 0.3787493308697741
0.3277468893796220 0.4533153223316060
0.3292757639556943 0.5078833360109511
0.3352048372907907 0.5671309381488085
0.3230998206195812 0.5947193474932693
0.3197550660319638 0.6822937306286252
0.3172509668030179 0.7060870276133161
0.3172838459545259 0.7593213080746423
0.3394076588528320 0.8426852330733321
0.3347014770177141 0.8910975171563509
0.3443313897019887 0.9330218077599315
0.3333333333333333 1.0000000000000000
0.3888888888888889 0.0000000000000000
0.3934579357110434 0.0735207041039835
0.3978867431422582 0.1282136886469640
0.3860628309948425 0.1713798851959099
0.3741581933552856 0.2298503788346728
0.4043328564041737 0.2787709602068156
0.3886529791139925 0.3182861988479002
0.4004336800129547 0.3764664003170418
0.3708157993873470 0.4356606016838182
0.3996430525634905 0.4900573086319124
0.3751512625744725 0.5480135636134136
0.3882201963730723 0.6288322575927083
0.4065412502914533 0.6780200876685275
0.3947514865310647 0.7294019906591541
0.3988967250575623 0.7765368790602808
0.3958744904819473 0.8323098098694118
0.3772937139115158 0.9011449332830392
0.3801782727770772 0.9620023695885861
0.3888888888888889 1.0000000000000000
0.4444444444444444 0.0000000000000000
0.4530159852718559 0.0644172103964295
0.4333642799046404 0.0942652069386014
0.4393532212362540 0.1640278490582188
0.4556114359241811 0.2154694040881842
0.4610313289346574 0.2775652109837702
0.4378192621194048 0.3279106014359419
0.4579588435414452 0.3986734978376137
0.4525755883900039 0.4394675659363654
0.4376925636504245 0.5122279053613966
0.4332557965502052 0.5703275126131175
0.4458824738865050 0.6086208342707232
0.4357372680614510 0.6659917588683324
0.4533811714575005 0.7263607786240525
0.4552459986338192 0.7886747191980775
0.4516765277445817 0.8457808563314250
0.4623836038212660 0.9046278900625029
0.4374121462097065 0.9612598655379230
0.4444444444444444 1.0000000000000000
0.5000000000000000 0.0000000000000000
0.5090988492222778 0.0407720775450294
0.5068847663884197 0.1088019032833681
0.4872959374459568 0.1815442110983838
0.5054962489430813 0.2213435381214707
0.5143221657188740 0.2904133623597142
0.5152048622015764 0.3494189657483069
0.4955808777820390 0.3917585963796695
0.4947754274344944 0.4300717752574169
0.4977630923923511 0.5095065777634590
0.5063097879602759 0.5666306238945179
0.5018326564439652 0.6110545887059556
0.5169480948334212 0.6577113473921937
0.4850094808754167 0.7147888071526439
0.4901107760619985 0.7684038684239143
0.4900823758781704 0.8307932487573709
0.5140767665266355 0.8990994455600047
0.5082761441219538 0.9481019607921878
0.5000000000000000 1.0000000000000000
0.5555555555555556 0.0000000000000000
0.5536777523671033 0.0465225200213099
0.5466330486250172 0.0980570643935517
0.5717461156168923 0.1834367738866448
0.5696524770754202 0.2104163528840374
0.5469735014403783 0.2671258629822873
0.5507558590630878 0.3394949662055832
0.5421161441785264 0.3988945244494168
0.5667259704707220 0.4353602693623685
0.5536867916720354 0.5125843431880841
0.5530194990911260 0.5739226668772081
0.5404008199064109 0.6075630068900048
0.5631420863954947 0.6824757828960195
0.5721079028150861 0.7046961080221826
0.5606084774871416 0.7940476899177925
0.5373645606154294 0.8416944942158068
0.5590026044524692 0.9073365137717168
0.5415357898159013 0.9419862500000982
0.5555555555555556 1.0000000000000000
0.6111111111111112 0.0000000000000000
0.5933697772956912 0.0498549167763859
0.6115439430306094 0.1136747561955720
0.5978644460292459 0.1604674130732473
0.6022913142524914 0.2342225419796249
0.6252040666389316 0.2787076823505039
0.5939806854290187 0.3483929721172108
0.5950057219072847 0.3835348525991712
0.6049081550555172 0.4289030863569692
0.5937628505966139 0.4868660478687616
0.6165424773024071 0.5694904701914313
0.6110481126498671 0.6107500795367303
0.6180732531039085 0.6814865849039147
0.6051470941801491 0.7106437923904838
0.6223074722141748 0.7780691672896337
0.6074049381306995 0.8174085484036899
0.6122855322234837 0.8791880930787436
0.6132299529502814 0.9417355724352131
0.6111111111111112 1.0000000000000000
0.6666666666666666 0.0000000000000000
0.6628715568944199 0.0419320079296982
0.6734238157588015 0.1023759356510705
0.6708778585331749 0.1644952763570065
0.6736556528954395 0.2162169503309606
0.6792653421733029 0.2774661036457045
0.6646803525309674 0.3380277077738417
0.6851542559710275 0.4060912527152800
0.6517389335918607 0.4446412640574935
0.6644911579347016 0.4921462359980779
0.6806211516651269 0.5510918024478607
0.6622735701133757 0.6070098525104091
0.6815790894438710 0.6831281592408394
0.6738605454810896 0.7185797639464825
0.6508113254665380 0.7728002526281377
0.6561671216106386 0.8352668354348561
0.6725544860557852 0.8974016608045088
0.6809090591395845 0.9283297462876152
0.6666666666666666 1.0000000000000000
0.7222222222222222 0.0000000000000000
0.7356453765476906 0.0485438348771849
0.7121398135112166 0.1206887247968528
0.7338155688022150 0.1505687003771442
0.7355874339380267 0.2354385522316758
0.7253746541137074 0.2745391626788520
0.7282681198383067 0.3479094241247984
0.7347805876636518 0.3761794442588821
0.7093952177364576 0.4351723774098820
0.7236115756226165 0.5086289435928717
0.7304430259473289 0.5606542078023327
0.7135562993859208 0.6265152761295412
0.7300305676725739 0.6583310275845753
0.7235922943559628 0.7146864577598980
0.7260712416580409 0.7802412737762374
0.7356359460330792 0.8261752223118010
0.7406951164281084 0.8880702409977723
0.7055582179854961 0.9599993834444952
0.7222222222222222 1.0000000000000000
0.7777777777777778 0.0000000000000000
0.7962473277430451 0.0523295227448294
0.7746062754954735 0.1261397460809622
0.7839937011332436 0.1546597317983552
0.7684440603669882 0.2095644251381995
0.7664917642099504 0.2899021217864725
0.7673971936904523 0.3324277633208645
0.7923840251835056 0.3900041371327454
0.7600590258602620 0.4536244613937212
0.7738485704677184 0.5007353895152304
0.7903485657282201 0.5683931281762061
0.7798600888381101 0.5939337997415156
0.7937832530688773 0.6524710841820078
0.7786829725966704 0.7224730822867729
0.7734160092407970 0.7729165503775697
0.7913730668270407 0.8210636829885812
0.7958489916253558 0.8996540239810867
0.7862906976053626 0.9303677332414700
0.7777777777777778 1.0000000000000000
0.8333333333333334 0.0000000000000000
0.8315032905942111 0.0589899235248505
0.8161400973263133 0.1060172347052424
0.8444965665007742 0.1817059530948090
0.8432111618055657 0.2264523758101556
0.8171079320359479 0.2597499015194510
0.8376845268825118 0.3357100494552336
0.8370961700406307 0.3827225218758213
0.8423676842546095 0.4543217753633519
0.8421342549888083 0.5034815819342089
0.8471798748654149 0.5600278618361361
0.8309928118569997 0.5926520191361365
0.8226569735678044 0.6736657684395854
0.8268532285877565 0.7093081549428929
0.8294591069501465 0.7641568629616210
0.8421560769661784 0.8223154973883440
0.8461354514242063 0.8967592315296096
0.8193527547037780 0.9427775298479707
0.8333333333333334 1.0000000000000000
0.8888888888888888 0.0000000000000000
0.8980885019986139 0.0695645288409185
0.8821375063775971 0.1156967825583786
0.8930978043625475 0.1712436968761312
0.8913358212524861 0.2384159297571558
0.8972884739344671 0.2731052327213391
0.8755721077643284 0.3489965851245391
0.8942644945589707 0.3771503959743567
0.9000888483418117 0.4525974559956421
0.8710968769317223 0.5171972736393839
0.8943578143806125 0.5477590884152290
0.9040891279596247 0.6011179251473698
0.9061444117215016 0.6773831076419147
0.8757350052125885 0.7308768644606243
0.8950695154916846 0.7647378665218895
0.8744867421013264 0.8290553052197219
0.8829969818995019 0.9009167107988862
0.8719861003334255 0.9528041629965446
0.8888888888888888 1.0000000000000000
0.9444444444444444 0.0000000000000000
0.9527373734111371 0.0736147534985923
0.9416997427004367 0.1294715628956142
0.9355609041285967 0.1834946988877198
0.9283646318016534 0.2101583658833025
0.9328392809330179 0.2595633508542278
0.9567256790630395 0.3428458742158728
0.9351709683585967 0.3804804001055253
0.9294717387339556 0.4278166335194805
0.9516572759457478 0.4883861860139681
0.9425578061334946 0.5658360961025523
0.9474328766788965 0.5943281529346542
0.9400664287867817 0.6686525881229062
0.9532889654285208 0.7393524082403035
0.9425372671777607 0.7866124147017169
0.9536569155832523 0.8479490639768789
0.9520443805444502 0.9072455778811446
0.9358958714325418 0.9447384947682096
0.9444444444444444 1.0000000000000000
1.0000000000000000 0.0000000000000000
1.0000000000000000 0.0555555555555556
1.0000000000000000 0.1111111111111111
1.0000000000000000 0.1666666666666667
1.0000000000000000 0.2222222222222222
1.0000000000000000 0.2777777777777778
1.0000000000000000 0.3333333333333333
1.0000000000000000 0.3888888888888889
1.0000000000000000 0.4444444444444444
1.0000000000000000 0.5000000000000000
1.0000000000000000 0.5555555555555556
1.0000000000000000 0.6111111111111112
1.0000000000000000 0.6666666666666666
1.0000000000000000 0.7222222222222222
1.0000000000000000 0.7777777777777778
1.0000000000000000 0.8333333333333334
1.0000000000000000 0.8888888888888888
1.0000000000000000 0.9444444444444444
1.0000000000000000 1.0000000000000000
# element connectivity: number of elements followed by the connectivity
648
3 245 246 227
3 145 126 125
3 230 210 229
3 310 292 291
3 207 208 188
3 89 88 107
3 125 144 145
3 64 44 63
3 186 187 167
3 77 78 58
3 327 308 326
3 202 201 221
3 26 27 7
3 113 132 133
3 37 17 36
3 88 68 87
3 102 101 120
3 83 64 63
3 227 226 245
3 189 169 188
3 205 186 204
3 218 219 199
3 316 315 334
3 258 276 277
3 315 333 334
3 163 162 182
3 291 272 271
3 177 178 159
3 60 42 41
3 268 269 249
3 280 261 260
3 173 154 153
3 21 2 1
3 60 41 40
3 59 40 58
3 101 102 82
3 65 47 46
3 116 97 96
3 63 82 83
3 122 140 141
3 161 181 162
3 136 156 137
3 120 138 139
3 197 178 177
3 13 32 33
3 31 12 11
3 123 122 142
3 140 139 159
3 182 162 181
3 143 161 162
3 160 180 161
3 180 199 200
3 46 47 28
3 105 85 104
3 22 21 41
3 65 66 47
3 28 47 29
3 10 29 30
3 10 30 11
3 10 28 29
3 47 66 67
3 31 32 12
3 50 32 31
3 74 94 75
3 71 52 51
3 150 149 168
3 49 31 30
3 17 37 18
3 108 109 89
3 53 34 33
3 15 14 34
3 76 56 75
3 38 37 56
3 76 75 94
3 114 94 113
3 53 35 34
3 94 74 93
3 166 147 146
3 112 111 130
3 93 112 94
3 170 151 150
3 150 131 130
3 147 166 148
3 168 149 167
3 109 128 129
3 167 149 148
3 126 145 127
3 165 185 166
3 145 165 146
3 182 181 200
3 164 183 165
3 206 226 207
3 161 180 181
3 256 237 236
3 238 256 257
3 200 181 180
3 165 183 184
3 260 241 259
3 216 197 196
3 277 296 297
3 189 188 208
3 188 169 187
3 225 226 206
3 187 169 168
3 241 261 242
3 226 227 207
3 206 205 225
3 302 303 283
3 302 322 303
3 283 282 301
3 300 318 319
3 304 285 303
3 357 337 356
3 316 298 297
3 338 319 337
3 224 244 225
3 294 276 275
3 217 199 198
3 335 334 353
3 296 295 314
3 337 317 336
3 337 319 318
3 329 348 330
3 293 294 274
3 329 330 310
3 269 251 250
3 310 311 292
3 309 290 289
3 347 327 346
3 141 159 160
3 160 179 180
3 157 176 158
3 153 135 134
3 251 252 233
3 290 309 310
3 293 274 292
3 292 274 273
3 211 212 193
3 193 194 174
3 270 251 269
3 250 231 249
3 270 271 251
3 289 288 307
3 325 306 324
3 309 289 308
3 290 291 271
3 309 308 328
3 268 249 267
3 308 307 326
3 288 268 287
3 39 40 20
3 24 23 42
3 21 1 20
3 59 79 60
3 42 43 24
3 2 21 22
3 22 41 23
3 3 22 4
3 3 2 22
3 24 4 23
3 4 22 23
3 62 42 61
3 23 41 42
3 79 61 60
3 80 81 61
3 97 98 78
3 61 42 60
3 116 117 98
3 80 61 79
3 40 39 58
3 40 21 20
3 78 59 58
3 41 21 40
3 79 59 78
3 60 40 59
3 97 78 77
3 97 77 96
3 116 115 134
3 116 96 115
3 135 116 134
3 135 136 117
3 153 154 135
3 98 118 99
3 174 155 154
3 175 176 157
3 154 155 135
3 172 173 153
3 211 210 230
3 193 174 173
3 175 157 156
3 117 137 118
3 139 158 159
3 155 136 135
3 156 157 137
3 155 156 136
3 155 174 156
3 174 175 156
3 174 194 175
3 98 117 118
3 119 138 120
3 135 117 116
3 136 137 117
3 78 98 79
3 97 116 98
3 98 99 79
3 99 100 81
3 79 99 80
3 81 101 82
3 81 100 101
3 121 140 122
3 121 102 120
3 83 82 102
3 118 100 99
3 138 137 157
3 100 120 101
3 100 118 119
3 100 119 120
3 118 137 138
3 118 138 119
3 157 158 139
3 120 139 140
3 138 157 139
3 140 159 141
3 179 198 180
3 161 142 141
3 123 103 122
3 143 142 161
3 122 141 142
3 141 160 161
3 159 158 177
3 159 179 160
3 194 176 175
3 124 106 105
3 103 102 121
3 140 121 120
3 122 103 121
3 104 103 123
3 84 65 64
3 86 67 85
3 66 65 84
3 106 87 86
3 85 84 104
3 64 65 45
3 64 83 84
3 47 67 48
3 66 85 67
3 103 83 102
3 103 104 84
3 103 84 83
3 85 66 84
3 63 44 62
3 24 25 5
3 42 62 43
3 81 82 63
3 45 44 64
3 62 81 63
3 61 81 62
3 80 99 81
3 44 25 43
3 5 4 24
3 43 25 24
3 26 7 6
3 62 44 43
3 45 26 44
3 25 6 5
3 25 26 6
3 44 26 25
3 45 46 26
3 26 46 27
3 45 65 46
3 27 8 7
3 27 9 8
3 27 28 9
3 27 46 28
3 9 28 10
3 30 31 11
3 33 52 53
3 48 30 29
3 49 69 50
3 47 48 29
3 67 49 48
3 48 49 30
3 67 68 49
3 88 69 68
3 89 70 69
3 107 88 87
3 68 67 86
3 123 105 104
3 87 68 86
3 89 71 70
3 33 34 14
3 50 69 70
3 49 68 69
3 106 107 87
3 89 69 88
3 89 90 71
3 128 127 147
3 72 91 73
3 55 56 36
3 51 32 50
3 31 49 50
3 12 32 13
3 50 70 51
3 13 33 14
3 32 51 33
3 71 51 70
3 52 33 51
3 15 34 16
3 16 35 17
3 17 35 36
3 16 34 35
3 71 72 52
3 54 35 53
3 18 37 38
3 19 18 38
3 54 36 35
3 56 37 36
3 38 56 57
3 127 109 108
3 75 56 55
3 74 75 55
3 94 95 76
3 54 74 55
3 92 93 74
3 57 56 76
3 73 92 74
3 130 110 129
3 54 73 74
3 72 71 90
3 36 54 55
3 53 72 54
3 54 72 73
3 53 52 72
3 73 91 92
3 72 90 91
3 91 111 92
3 111 112 93
3 92 111 93
3 91 90 110
3 149 130 148
3 111 91 110
3 150 130 149
3 111 110 130
3 94 114 95
3 113 112 131
3 113 94 112
3 113 133 114
3 113 131 132
3 112 130 131
3 132 151 133
3 132 150 151
3 151 152 133
3 151 170 152
3 170 190 171
3 189 170 169
3 171 152 170
3 170 150 169
3 132 131 150
3 187 168 167
3 169 150 168
3 166 186 167
3 206 188 187
3 203 204 185
3 205 187 186
3 126 127 108
3 129 148 130
3 165 145 164
3 146 127 145
3 146 147 127
3 146 165 166
3 186 166 185
3 167 148 166
3 108 107 126
3 108 89 107
3 90 109 110
3 90 89 109
3 148 129 147
3 109 127 128
3 109 129 110
3 128 147 129
3 105 106 86
3 126 107 106
3 85 105 86
3 123 124 105
3 106 124 125
3 123 142 143
3 106 125 126
3 124 143 144
3 144 143 162
3 124 123 143
3 145 144 163
3 125 124 144
3 184 183 202
3 164 163 182
3 145 163 164
3 144 162 163
3 201 182 200
3 183 164 182
3 203 202 221
3 183 182 202
3 239 240 220
3 202 182 201
3 203 221 222
3 201 200 220
3 258 259 239
3 221 201 220
3 222 240 241
3 221 220 240
3 219 237 238
3 258 278 259
3 257 258 239
3 257 276 258
3 275 276 257
3 294 313 314
3 222 241 242
3 297 279 278
3 240 259 241
3 240 239 259
3 281 263 262
3 263 264 245
3 241 260 261
3 259 278 260
3 222 242 223
3 262 263 244
3 204 222 223
3 221 240 222
3 185 184 203
3 185 165 184
3 204 203 222
3 184 202 203
3 205 204 223
3 186 185 204
3 206 207 188
3 227 247 228
3 224 225 205
3 206 187 205
3 223 224 205
3 244 226 225
3 242 243 223
3 243 244 224
3 209 189 208
3 190 170 189
3 189 209 190
3 208 227 209
3 208 207 227
3 209 227 228
3 226 244 245
3 243 262 244
3 284 285 265
3 227 246 247
3 245 264 246
3 246 265 247
3 246 264 265
3 265 266 247
3 265 285 266
3 284 264 283
3 245 244 263
3 283 301 302
3 282 264 263
3 223 243 224
3 242 261 262
3 242 262 243
3 301 319 320
3 261 281 262
3 279 260 278
3 281 282 263
3 300 299 318
3 285 284 303
3 264 282 283
3 302 301 320
3 282 281 300
3 338 339 320
3 322 304 303
3 264 284 265
3 283 303 284
3 323 304 322
3 321 322 302
3 341 323 322
3 320 321 302
3 340 341 321
3 342 323 341
3 321 341 322
3 360 361 342
3 360 342 341
3 340 360 341
3 320 339 321
3 359 360 340
3 339 338 358
3 320 319 338
3 340 339 359
3 340 321 339
3 339 358 359
3 316 317 298
3 319 301 300
3 336 317 316
3 337 318 317
3 337 336 356
3 338 357 358
3 338 337 357
3 300 280 299
3 281 261 280
3 318 299 317
3 280 260 279
3 298 299 280
3 298 317 299
3 282 300 301
3 281 280 300
3 258 277 278
3 276 295 277
3 277 297 278
3 298 280 279
3 315 316 296
3 298 279 297
3 314 295 294
3 296 277 295
3 333 315 314
3 315 296 314
3 313 333 314
3 334 335 316
3 354 336 335
3 355 356 336
3 296 316 297
3 335 336 316
3 336 354 355
3 335 353 354
3 350 332 331
3 312 311 330
3 334 333 353
3 313 332 333
3 333 332 351
3 333 352 353
3 333 351 352
3 350 331 330
3 332 312 331
3 350 330 349
3 331 312 330
3 330 348 349
3 351 332 350
3 237 218 236
3 293 292 311
3 235 234 254
3 252 271 272
3 272 273 254
3 272 292 273
3 328 329 309
3 330 311 310
3 256 255 275
3 254 273 255
3 313 312 332
3 313 294 312
3 276 294 295
3 275 255 274
3 275 274 294
3 255 273 274
3 312 293 311
3 312 294 293
3 256 238 237
3 257 239 238
3 220 238 239
3 220 200 219
3 218 217 236
3 254 255 236
3 255 256 236
3 275 257 256
3 178 198 179
3 199 180 198
3 220 219 238
3 200 199 219
3 254 234 253
3 216 235 217
3 219 218 237
3 199 217 218
3 198 178 197
3 158 176 177
3 159 178 179
3 177 196 197
3 176 196 177
3 233 252 234
3 215 216 196
3 217 198 197
3 236 217 235
3 214 195 194
3 235 216 215
3 217 197 216
3 234 235 215
3 254 236 235
3 233 234 215
3 253 272 254
3 252 253 234
3 252 272 253
3 196 195 214
3 232 251 233
3 232 250 251
3 232 212 231
3 290 271 289
3 252 251 271
3 249 269 250
3 288 289 270
3 213 214 194
3 196 176 195
3 233 214 213
3 195 176 194
3 232 213 212
3 232 233 213
3 215 214 233
3 215 196 214
3 154 173 174
3 191 210 211
3 211 193 192
3 213 194 193
3 173 192 193
3 173 172 191
3 173 191 192
3 191 211 192
3 212 213 193
3 230 212 211
3 231 250 232
3 230 231 212
3 230 249 231
3 248 230 229
3 249 230 248
3 286 268 267
3 249 248 267
3 286 287 268
3 288 269 268
3 306 287 305
3 307 288 287
3 305 287 286
3 288 270 269
3 289 271 270
3 310 291 290
3 292 272 291
3 328 308 327
3 289 307 308
3 307 306 326
3 307 287 306
3 309 329 310
3 328 347 329
3 327 326 346
3 326 306 325
3 329 347 348
3 328 327 347
3 326 345 346
3 326 325 345
3 306 305 324
3 344 324 343
3 325 344 345
3 325 324 344
# indices of nodes located on the boundary
1 2 3 4 5 6 7 8 9 10 11 12 13 14 15 16 17 18 19 20 38 39 57 58 76 77 95 96 114 115 133 134 152 153 171 172 190 191 209 210 228 229 247 248 266 267 285 286 304 305 323 324 342 343 344 345 346 347 348 349 350 351 352 353 354 355 356 357 358 359 360 361 
