# domain type
Triangular
# nodal coordinates: number of nodes followed by the coordinates
1369
0.0000000000000000 0.0000000000000000
0.0000000000000000 0.0277777777777778
0.0000000000000000 0.0555555555555556
0.0000000000000000 0.0833333333333333
0.0000000000000000 0.1111111111111111
0.0000000000000000 0.1388888888888889
0.0000000000000000 0.1666666666666667
0.0000000000000000 0.1944444444444444
0.0000000000000000 0.2222222222222222
0.0000000000000000 0.2500000000000000
0.0000000000000000 0.2777777777777778
0.0000000000000000 0.3055555555555556
0.0000000000000000 0.3333333333333333
0.0000000000000000 0.3611111111111111
0.0000000000000000 0.3888888888888889
0.0000000000000000 0.4166666666666667
0.0000000000000000 0.4444444444444444
0.0000000000000000 0.4722222222222222
0.0000000000000000 0.5000000000000000
0.0000000000000000 0.5277777777777778
0.0000000000000000 0.5555555555555556
0.0000000000000000 0.5833333333333334
0.0000000000000000 0.6111111111111112
0.0000000000000000 0.6388888888888888
0.0000000000000000 0.6666666666666666
0.0000000000000000 0.6944444444444444
0.0000000000000000 0.7222222222222222
0.0000000000000000 0.7500000000000000
0.0000000000000000 0.7777777777777778
0.0000000000000000 0.8055555555555556
0.0000000000000000 0.8333333333333334
0.0000000000000000 0.8611111111111112
0.0000000000000000 0.8888888888888888
0.0000000000000000 0.9166666666666666
0.0000000000000000 0.9444444444444444
0.0000000000000000 0.9722222222222222
0.0000000000000000 1.0000000000000000
0.0277777777777778 0.0000000000000000
0.0285957323081189 0.0287621758059538
0.0189509588548411 0.0611550263933076
0.0272639268345387 0.0877750974704656
0.0297030770168957 0.1028716623293738
0.0305232733128240 0.1454059804165241
0.0366473412900133 0.1752567287662074
0.0238789093685772 0.1952406685823164
0.0204103669793676 0.2311054916662863
0.0344004871622087 0.2507700069494225
0.0242615126249140 0.2781594741615371
0.0339407974242311 0.3050439848784465
0.0248925413019058 0.3339076795281963
0.0209762589325427 0.3695786699941442
0.0282120501749209 0.3954222480773779
0.0309237325692494 0.4247398028141154
0.0235339330229628 0.4524344535228090
0.0256215694087038 0.4715463228536189
0.0233592843343667 0.5091979990728324
0.0299215044723714 0.5194512839860241
0.0188099480003050 0.5504745904054661
0.0203862283639975 0.5887183073358508
0.0362891773141226 0.6114447167775595
0.0281512405976536 0.6366478696004801
0.0244619649296674 0.6695502414069721
0.0261043232541290 0.6938277332134397
0.0200199431187226 0.7283153799498696
0.0352917838375477 0.7485340465353149
0.0348333464150954 0.7793318424737344
0.0287896608465938 0.8043449798576419
0.0241916301511425 0.8283448837104138
0.0352636928172606 0.8667327474153986
0.0227742090653207 0.8954063500371774
0.0298440875330001 0.9208997322114207
0.0213109400324354 0.9464818416748340
0.0244295289763956 0.9655657773684865
0.0277777777777778 1.0000000000000000
0.0555555555555556 0.0000000000000000
0.0567687938353583 0.0366243962085526
0.0543333021169851 0.0507745329306108
0.0500846424108837 0.0857100791634082
0.0497986647024615 0.1121834853261228
0.0591381587358764 0.1478622150076000
0.0502009195360211 0.1598899679473551
0.0480337455869658 0.1974454612340229
0.0505722171115986 0.2235616416103815
0.0645681014846908 0.2580418578309687
0.0600510903167568 0.2772438357068926
0.0598786265792159 0.3146800473087103
0.0529603110015879 0.3271473902645942
0.0535592587236356 0.3692724570639778
0.0523043721969639 0.3910515840868779
0.0621856316375158 0.4204744251240666
0.0477473156534945 0.4472070212424448
0.0565628777507767 0.4634484635745882
0.0633341831268873 0.5019194185255094
0.0521496212367107 0.5187052635921255
0.0590770788756417 0.5632852941390093
0.0493220135919896 0.5923594480659921
0.0592358993239796 0.6081905239096942
0.0590821596519650 0.6341563312919651
0.0630675187686552 0.6746862986040315
0.0605788152789331 0.6951890686505828
0.0619728429211453 0.7175485721443353
0.0478020716328791 0.7510895596756466
0.0587778953664000 0.7868285633360701
0.0508467082839357 0.8114175731458101
0.0470273866736686 0.8276369326932027
0.0577534352239517 0.8556785315202702
0.0492854345840860 0.8939503398145291
0.0600767218492017 0.9205337104174754
0.0480209141462392 0.9497270988214371
0.0607631303218584 0.9740393540859991
0.0555555555555556 1.0000000000000000
0.0833333333333333 0.0000000000000000
0.0889528550718743 0.0252541983963002
0.0751568109760226 0.0602227499379220
0.0793462309258638 0.0772673278236340
0.0831753346782776 0.1049498242543300
0.0808977461753767 0.1473357306281945
0.0821697917086916 0.1707825310909480
0.0866576467220371 0.1897626538772405
0.0859549350763718 0.2153529840127135
0.0747610137484311 0.2438585949862048
0.0756817843451101 0.2804624695925160
0.0863379820490804 0.2975304901602708
0.0821265248167080 0.3403680349599503
0.0819479843011598 0.3618246605513453
0.0916688132692389 0.3862729632714592
0.0880945863417203 0.4141778161053492
0.0761364381093318 0.4495876512601892
0.0836546561201139 0.4780924411517881
0.0869441506510006 0.4909956906742490
0.0914373754197546 0.5267947405499475
0.0754770667622586 0.5542538912035879
0.0883617941450690 0.5761583438187532
0.0750661109671716 0.6032288750447319
0.0804366951822362 0.6436460857840954
0.0749715963564545 0.6668005887627999
0.0856150716983000 0.7028718328676421
0.0835856515402150 0.7224355289182445
0.0822445502823860 0.7552765910150805
0.0793611322791762 0.7865329349345004
0.0867084393100859 0.8046877226155960
0.0919580438476038 0.8353653903556764
0.0750062508975900 0.8524024403175042
0.0882402361071415 0.8818898378574513
0.0807075986578955 0.9084544889485147
0.0745796033785122 0.9426648004064978
0.0752931207615801 0.9808049125733860
0.0833333333333333 1.0000000000000000
0.1111111111111111 0.0000000000000000
0.1161277668401328 0.0236600885061225
0.1135154609085716 0.0610679601190435
0.1042216941867090 0.0829156711751514
0.1182291920327996 0.1135340697361646
0.1151370246119885 0.1414903209241862
0.1048056674852474 0.1711059387943330
0.1090121512830664 0.1979667827245044
0.1175331183148892 0.2158612325823936
0.1148733650405799 0.2497939356537287
0.1026067582836543 0.2748063399859925
0.1117274210769641 0.3058965379743845
0.1053341931931784 0.3390851575567861
0.1131525849901163 0.3585008357133197
0.1057189443090483 0.3861026017884880
0.1104804919629339 0.4195472456973655
0.1197587949658492 0.4379389823564880
0.1078160941418877 0.4703690863318996
0.1177521695736036 0.5024714224073262
0.1126037351082144 0.5262599169212943
0.1123190186329537 0.5472025687020363
0.1113526316676260 0.5821764785425274
0.1148599090972458 0.6064332621075916
0.1143221546163209 0.6394142747022068
0.1126791420210461 0.6681845168387097
0.1024848222602398 0.7018711605066833
0.1086753231843004 0.7253208141237463
0.1062257000997577 0.7539861802964122
0.1126527500962209 0.7793806033779289
0.1114076807673023 0.8043130568614638
0.1065437955073950 0.8335521914226343
0.1184384612041687 0.8702912185611762
0.1166011287424713 0.8976907140588213
0.1044389934140657 0.9133385605458566
0.1036155480993232 0.9439072006883217
0.1029498202974020 0.9780481811644143
0.1111111111111111 1.0000000000000000
0.1388888888888889 0.0000000000000000
0.1308028671549342 0.0268740967076701
0.1368435326054857 0.0621543138192820
0.1328277642558054 0.0874700033880180
0.1389541724561207 0.1063226202596774
0.1409136142028022 0.1458066984170069
0.1393347937303210 0.1739742628971942
0.1396772409025514 0.1977621119441580
0.1442505417870213 0.2192648201727844
0.1324527971721991 0.2490456416395820
0.1451541482645319 0.2717173147356463
0.1368185375340162 0.3107996413496629
0.1464198544332241 0.3252401061120587
0.1473006287225948 0.3588795857904569
0.1459806067451647 0.3928697510023247
0.1341832110170827 0.4106479098845832
0.1454725458247658 0.4457063430686254
0.1445479060232885 0.4798164718079107
0.1297764405667248 0.4908858574561875
0.1474921639595817 0.5352953685253962
0.1480910059646503 0.5615145000726787
0.1303690151499257 0.5868318416856270
0.1431692646656362 0.6111344220197323
0.1333734891006810 0.6421920640519223
0.1314538556944157 0.6718907035439695
0.1358792558000492 0.6923403631147922
0.1410406730787838 0.7249338973345146
0.1430962336922590 0.7505311345275425
0.1457300136909392 0.7855441942315371
0.1396577427776172 0.8014327889738823
0.1413606703889508 0.8419446449411045
0.1473572164194652 0.8617441199357840
0.1344111864909268 0.8864572319790897
0.1429774800392201 0.9214645127065494
0.1473871589172935 0.9386219465116897
0.1299280399674258 0.9731795802351798
0.1388888888888889 1.0000000000000000
0.1666666666666667 0.0000000000000000
0.1738843175917996 0.0206382514965393
0.1687663276601952 0.0529767125342243
0.1736369720335246 0.0819358676594601
0.1747385880444867 0.1111264796918445
0.1660172820491738 0.1300150691318349
0.1722013677806267 0.1605452612366682
0.1606714469373938 0.2001439966041462
0.1591448631209016 0.2220964667496942
0.1627906201357325 0.2538366897915582
0.1593918216505522 0.2776999815889566
0.1703280088268376 0.2997175413329140
0.1727287687305164 0.3270989096486913
0.1707215203695477 0.3669842883099617
0.1739936420313273 0.3894252461970729
0.1757811708987159 0.4167295104529589
0.1736877419570509 0.4440675555503349
0.1683179959140252 0.4792929400564394
0.1735024162281154 0.5058696145020894
0.1693774766040788 0.5309579937449871
0.1673734277437786 0.5610792515473008
0.1578918492001126 0.5772085663748441
0.1658983679616403 0.6203539834005435
0.1722472894648841 0.6430994331846780
0.1694074808027886 0.6593428372416769
0.1639163094065529 0.6859534375385125
0.1646155874100681 0.7265347632592501
0.1642064829792579 0.7556761035696961
0.1605822614193834 0.7839935838975876
0.1646565316808688 0.8100667011731122
0.1680304113352524 0.8251100573118955
0.1639651308732227 0.8542124392588238
0.1691208493751701 0.8945887394547124
0.1606693755325003 0.9207487349556138
0.1672290781176881 0.9357428363582333
0.1652057237968741 0.9694424409055061
0.1666666666666667 1.0000000000000000
0.1944444444444444 0.0000000000000000
0.1886795265394840 0.0260356631100082
0.1865694212251706 0.0550282055369401
0.1937799595955081 0.0838752495708911
0.2004877459196629 0.1106090599977869
0.1920716667310811 0.1420229918846749
0.1939111041663514 0.1631958331652842
0.1861224504265173 0.2006355623699784
0.1867187227302650 0.2228156982021129
0.1929427135412762 0.2446003355547239
0.1945208945824479 0.2824823135987104
0.1879050794727724 0.2963361709727831
0.1934951159658431 0.3328647033200786
0.1936864229449707 0.3690624924801535
0.1952201945005968 0.3962350360720643
0.1928735300657541 0.4187263259853914
0.1856377947070412 0.4521262964792753
0.1886272297349783 0.4673706261880977
0.1861709697585019 0.4922028936119612
0.1921248943554065 0.5309873679707690
0.1873052359809977 0.5486499006271314
0.1941520832513150 0.5897188951279135
0.2019869876697419 0.6129057266179360
0.1924749232959394 0.6459360251679355
0.1861887534100757 0.6700018370194619
0.1988814814928978 0.6973222516155101
0.2000186998298391 0.7164244801382541
0.1866874040461608 0.7537484960978375
0.1890656112695749 0.7737184969786925
0.1956447532040094 0.8088480188646098
0.1903362850492902 0.8281747085697595
0.2027195130004507 0.8608123167555053
0.1976515766533149 0.8933990251437069
0.1868985675469701 0.9258118703548244
0.1901889518347166 0.9427658718625538
0.1898789104795316 0.9638205271502717
0.1944444444444444 1.0000000000000000
0.2222222222222222 0.0000000000000000
0.2284265606141251 0.0367237255528474
0.2221160098094762 0.0539533358879442
0.2235239797352107 0.0761539061487475
0.2244028817574059 0.1097230683009317
0.2276040511989480 0.1305413679133261
0.2290087389106284 0.1623817495227857
0.2182641542672464 0.1928027042435731
0.2311996784113422 0.2222398687170830
0.2180077535271130 0.2566951934929230
0.2131551747270229 0.2776603512095468
0.2168300704558196 0.3024211089974936
0.2281304974337498 0.3352110373161646
0.2184351870378477 0.3573714722161802
0.2150930642774460 0.3822381164152816
0.2234492363285930 0.4245872711832993
0.2193867722418575 0.4392908697966695
0.2234644254516527 0.4728547718581004
0.2184366022831815 0.4984327070300816
0.2204854955302608 0.5191457558308700
0.2196159376037095 0.5532188695319892
0.2193018591633805 0.5786404395155331
0.2276234445389389 0.6187526167909880
0.2138943265660444 0.6339752373832641
0.2145987594954556 0.6609432899438427
0.2178174947805057 0.6952390998331012
0.2296548207443947 0.7288686060827197
0.2203291108289374 0.7456264579507285
0.2195256437783781 0.7777871809376297
0.2270317222580577 0.8108799922512825
0.2218751557458809 0.8354490759017692
0.2131787237946544 0.8557027445262025
0.2134701839429983 0.8808216312825479
0.2249880530652203 0.9253097747045345
0.2282966679204165 0.9438469351069695
0.2198603195280413 0.9764273234924525
0.2222222222222222 1.0000000000000000
0.2500000000000000 0.0000000000000000
0.2418039973573717 0.0356617817599276
0.2415781490645892 0.0544551715230800
0.2429869504658049 0.0909694841272832
0.2515061764347829 0.1060655131463047
0.2540969684290034 0.1477555172091155
0.2556168146849103 0.1613775639269956
0.2438876018344781 0.1872422571022472
0.2545967803656458 0.2245826528754707
0.2408805415189572 0.2453532040885992
0.2520008180978759 0.2709715641809365
0.2500676576342099 0.3097085929790654
0.2440212483283833 0.3294051483511009
0.2576884637672646 0.3684775453883759
0.2474033048762207 0.3824070525531837
0.2580146652202874 0.4203359923381157
0.2523239024309661 0.4512925016192592
0.2592558982722142 0.4712029184706956
0.2414628445077389 0.4960375217892875
0.2589559908495394 0.5261348911211754
0.2523345244280993 0.5548487888621838
0.2590549615877389 0.5875792263752921
0.2525340085389485 0.6093275800655341
0.2569741328035404 0.6362481201988588
0.2476496153457829 0.6640946964451711
0.2525199780732382 0.6926466371518504
0.2415377621920713 0.7275642932370697
0.2471261461432431 0.7504305029861904
0.2492928924337997 0.7855537822438030
0.2438905654096603 0.8138214975125423
0.2549341037997770 0.8366184881000603
0.2480618453931865 0.8622288507525189
0.2413698943218801 0.8944980165184785
0.2455604352582340 0.9193294739363691
0.2586597170596511 0.9388499800616421
0.2430164812148516 0.9801392332397685
0.2500000000000000 1.0000000000000000
0.2777777777777778 0.0000000000000000
0.2830029002300995 0.0200084157971159
0.2718014457469400 0.0561048295817132
0.2799157821062412 0.0793415164367174
0.2825381940252866 0.1125504573440528
0.2712162027861610 0.1440072975433103
0.2720889993518849 0.1596501825723496
0.2789956326212172 0.1910540942062920
0.2802179428800250 0.2141204947381110
0.2763039688305371 0.2539648500084589
0.2727779524010857 0.2770303767035662
0.2739831624749880 0.3104379110065170
0.2760732379787094 0.3354603467347518
0.2799106339556715 0.3563307194729891
0.2758066768559077 0.3912870927399793
0.2840278301596792 0.4100702701195299
0.2783629457609724 0.4468831161784949
0.2828961851501968 0.4695233478243298
0.2745669106145691 0.5083752266074139
0.2804025099984401 0.5274789550657889
0.2855856364272750 0.5548329262442073
0.2715998712398687 0.5761364160478688
0.2750104918128060 0.6158427627449992
0.2809132123232341 0.6334070549296285
0.2710675177075063 0.6648412761384198
0.2756862913049898 0.6953358618707246
0.2763089989778496 0.7179447386314153
0.2769740761748922 0.7428187638938382
0.2690556245542161 0.7863441470856812
0.2740416674103409 0.8006104629961959
0.2770371668632310 0.8334396132978493
0.2849801422086556 0.8552533194815376
0.2844309869337533 0.8925746024139067
0.2811629191024265 0.9128972935266229
0.2816448620135204 0.9529190433386565
0.2702059993158376 0.9726105826793867
0.2777777777777778 1.0000000000000000
0.3055555555555556 0.0000000000000000
0.3122683974354704 0.0260973615248241
0.3114685127182271 0.0597611700832859
0.3134444104705989 0.0890327673249375
0.3039511724425383 0.1163175876893920
0.2981971971967243 0.1420795558011789
0.3110509586778857 0.1599058246202872
0.3127558410575898 0.1877434955549525
0.3009906079790673 0.2275493103156088
0.3122304435042504 0.2525157837989123
0.3118730647204147 0.2783515041100250
0.3048210637840102 0.3008848730447611
0.2980228074871765 0.3402661675250888
0.3144166959372821 0.3701667470930098
0.3097375127271699 0.3868220849618582
0.3079185564096731 0.4164799172319548
0.3027673815770338 0.4408496672597537
0.3129904001634820 0.4698429932826426
0.3056153327048070 0.4912773850733503
0.3018626851108476 0.5228696215796330
0.2985806177105585 0.5587683573556097
0.2992883410867697 0.5834769795030310
0.3049885333105595 0.6144388647902699
0.3000291269833837 0.6386653933774514
0.3095013263701982 0.6698401555613058
0.2980818265073130 0.6852914075265936
0.2990994030904062 0.7206312868115794
0.3146138666660115 0.7466289050727493
0.3074583000686552 0.7865561858427330
0.3132406601287879 0.7973693937033783
0.3038390796402313 0.8301859536472670
0.3133530204604582 0.8697042136918037
0.2993211557056796 0.8956383075393672
0.2980356493327364 0.9164939707488757
0.3035985270848134 0.9503348185959193
0.3097226039557398 0.9662994475215780
0.3055555555555556 1.0000000000000000
0.3333333333333333 0.0000000000000000
0.3320000759896746 0.0222039520775766
0.3256780904594588 0.0609677888475387
0.3387941921824302 0.0863859798746796
0.3391812532403155 0.1117627729631561
0.3258798849436954 0.1449991778194320
0.3281900517168372 0.1654823564755279
0.3257047886589274 0.1909808993158452
0.3325749573384675 0.2160774435554328
0.3285278668272435 0.2583509448595198
0.3258950705377302 0.2712140666605778
0.3421065706293681 0.3133458930272711
0.3294107945687239 0.3264817750930299
0.3270540670984044 0.3523260220001035
0.3281893555538334 0.3920876941333442
0.3301711333668856 0.4081458955886899
0.3341078965193446 0.4501833890551748
0.3323883329168262 0.4666456281220818
0.3329841569742164 0.5054126262225043
0.3286776570311825 0.5294094801220223
0.3361737239076120 0.5474755191268860
0.3333688966399717 0.5780292579463423
0.3243259380135142 0.6140760478570414
0.3402560858262443 0.6330630345727608
0.3338387387024420 0.6622662212791699
0.3389286139731579 0.6927460957504938
0.3391625291266140 0.7247276089798551
0.3332024429333915 0.7477212629131548
0.3410603241625098 0.7696542375654615
0.3408963797446429 0.8018907713005078
0.3354792092959856 0.8416434104871674
0.3390775164322581 0.8673203406407435
0.3419346827691752 0.8973242335995653
0.3314961342389838 0.9109681308378259
0.3403673521725233 0.9517621096865562
0.3385772133909773 0.9661951402225161
0.3333333333333333 1.0000000000000000
0.3611111111111111 0.0000000000000000
0.3619881174495730 0.0216876863206060
0.3521328484593944 0.0611216584411883
0.3534225319405369 0.0775711333543093
0.3645116367417420 0.1021936869891492
0.3557205783297210 0.1462495351484861
0.3594297674132786 0.1723980070464279
0.3526861789863499 0.1896862205154875
0.3523701102143796 0.2136739648578004
0.3583332942750581 0.2578056852677305
0.3623068195039771 0.2856519344285163
0.3681079318973778 0.3114854343092947
0.3657307952563717 0.3371387952709791
0.3702029729001337 0.3630661737215450
0.3653175230059424 0.3829613612707192
0.3696553997764090 0.4207445229972127
0.3649733957346183 0.4483611152978225
0.3552230885725021 0.4798441983630590
0.3555830489645466 0.5067686870994991
0.3574346741695628 0.5277908650326883
0.3520635040900946 0.5520258064813098
0.3662721410765490 0.5797605001890387
0.3593872976856149 0.6190937271571224
0.3591521333084287 0.6360674296566247
0.3536133358400628 0.6657793703261579
0.3596620357546373 0.6907116198680145
0.3642350064957274 0.7208910999461934
0.3661077833003650 0.7453769418246881
0.3558560639121521 0.7867573599965294
0.3623686874065216 0.8101190766659584
0.3635205036266045 0.8294386863958176
0.3521337812253922 0.8598381997722456
0.3636218533337041 0.8980756937560324
0.3585652777984861 0.9098847995730286
0.3555940411998801 0.9429109241291482
0.3613031244485211 0.9744210927077585
0.3611111111111111 1.0000000000000000
0.3888888888888889 0.0000000000000000
0.3882743834886956 0.0356503860955489
0.3924312389376630 0.0556240812538984
0.3849350106893855 0.0791709999854092
0.3896982258468990 0.1048908359635417
0.3968321281301579 0.1347635020127970
0.3865826484646331 0.1739955141046722
0.3823059240820794 0.1919083215553941
0.3918639934421098 0.2214526002282337
0.3878762640422865 0.2467852784756374
0.3943284024477147 0.2762563171457993
0.3970028490629206 0.3126228878401634
0.3946379593382650 0.3422075748534137
0.3980039317067376 0.3680317075654476
0.3864780401676298 0.3799833367628157
0.3845058524760453 0.4234858269139714
0.3961117011693042 0.4487787759465497
0.3909568666458755 0.4767011859134779
0.3910123911540438 0.5086443439482009
0.3977797476505723 0.5308816565270789
0.3858639274281099 0.5583282481726605
0.3977803951761611 0.5747232405242529
0.3851970235393384 0.6080531377309096
0.3976545507661499 0.6457036648665735
0.3821948341312046 0.6649597925523670
0.3854289103672877 0.6854596313863258
0.3869333337585891 0.7246348636878729
0.3886663535687134 0.7455310036025766
0.3908176987324327 0.7773222481958051
0.3833997315460979 0.8048023221487342
0.3866437277459044 0.8268427220602018
0.3808981396204184 0.8616707468776649
0.3977369536970965 0.8904402844885939
0.3812648537451384 0.9143000924297606
0.3847770768009954 0.9430074819850285
0.3863118589227303 0.9757769090217421
0.3888888888888889 1.0000000000000000
0.4166666666666667 0.0000000000000000
0.4226536389056154 0.0308354465729954
0.4114261075947649 0.0625214241716019
0.4179877193277495 0.0755929984311028
0.4114858816304911 0.1107106658600290
0.4097630667368350 0.1351582445820467
0.4245518804575756 0.1744818724610301
0.4216955089350321 0.1960704236886708
0.4166094468448558 0.2306705303894235
0.4215583763883629 0.2419573783398478
0.4158522362317619 0.2709027312540987
0.4186845614436355 0.3117313583374170
0.4189845461694287 0.3353485429339300
0.4200922710428765 0.3648706745956029
0.4076886146896039 0.3962566563398738
0.4148952874620809 0.4169204927822404
0.4167836743365175 0.4377872985939829
0.4193283197791819 0.4715118908557984
0.4135216370797136 0.4950194285306675
0.4231884921634786 0.5299894914290812
0.4137013950809457 0.5477615260280906
0.4080645701047884 0.5887142026454896
0.4162661345871420 0.6061103999359270
0.4206347865066113 0.6344184568210491
0.4075970691285451 0.6699746769771887
0.4251446927706108 0.6949518741504023
0.4110007691774972 0.7240457484953684
0.4193474743804227 0.7454680768618646
0.4111820434073590 0.7747816766378940
0.4106793342968731 0.8023506430258726
0.4145699966790182 0.8304311531897328
0.4252303698114853 0.8569654583029739
0.4079682728728475 0.8825596830153670
0.4251929087563049 0.9184611954501813
0.4074220484856244 0.9522261880252196
0.4230852579186763 0.9798819664473528
0.4166666666666667 1.0000000000000000
0.4444444444444444 0.0000000000000000
0.4448331679095688 0.0347465188304696
0.4493243927414969 0.0480086868629562
0.4493646917487207 0.0843726119598380
0.4359441527778118 0.1048384552342778
0.4441751572733083 0.1326578214775200
0.4375116437149370 0.1627298723575487
0.4535257536860207 0.1956681060746250
0.4391614678272300 0.2314666403085897
0.4536941092051135 0.2416670212908751
0.4502060326846416 0.2735351016181211
0.4477521542765053 0.3075240546285221
0.4513517403641708 0.3369577827150169
0.4534867009128393 0.3620136662454295
0.4426190071744783 0.3823267672575503
0.4375509856108268 0.4157874435658174
0.4521544984100107 0.4494476545487297
0.4353875812923349 0.4647880909494793
0.4536824351768504 0.4952674466287622
0.4439256961170924 0.5310809781726410
0.4362089112769398 0.5623879126225451
0.4380845925025666 0.5746957135323925
0.4426548863068534 0.6073740769914020
0.4452531878964344 0.6313456157577417
0.4528082038597004 0.6689553791934560
0.4509789266905796 0.6863257642147635
0.4409232979712063 0.7189632036787478
0.4507442703102679 0.7567950381315597
0.4467858056308385 0.7829480146916306
0.4402508763631404 0.8068025138222558
0.4446726600737825 0.8278555038868239
0.4495536777950745 0.8518692680209512
0.4468820026279308 0.8833381922219083
0.4380303408488557 0.9228838370383615
0.4408585727420247 0.9487585938197032
0.4532484689688518 0.9757944045858057
0.4444444444444444 1.0000000000000000
0.4722222222222222 0.0000000000000000
0.4812258611899137 0.0337220728974210
0.4666337155320037 0.0526722086196869
0.4776072304473584 0.0852065094844841
0.4791108846715147 0.1076132315867998
0.4738868481084298 0.1343902012639271
0.4804444481904561 0.1635500742569462
0.4738460919401647 0.1926743519597422
0.4646622115864597 0.2138078358651487
0.4774920099759103 0.2431930805678500
0.4708149852182019 0.2855475432301601
0.4720664462802802 0.3107009700251780
0.4663199460111573 0.3386345418584418
0.4764593920205472 0.3685939514651299
0.4792302796497280 0.3921567721717948
0.4691094227832099 0.4187718200982230
0.4681954944013844 0.4500011190845091
0.4715321073384683 0.4683571860355583
0.4681385096920997 0.5003761722884129
0.4759882452948176 0.5271545699968349
0.4803807375270622 0.5603341791186640
0.4780754389330726 0.5777267031441312
0.4787845220348474 0.6095296328809667
0.4791599903146867 0.6452997751294534
0.4758486020214120 0.6698109817543483
0.4635607072089288 0.7028587042478469
0.4717900600720432 0.7292174415397912
0.4689817268606666 0.7545391704813609
0.4709072206138549 0.7733938700893657
0.4789233966286373 0.7981982883594323
0.4633135326588098 0.8341948375451347
0.4735777820964545 0.8687812487279425
0.4646306969413923 0.8874687038826977
0.4684886528546170 0.9168054830299157
0.4780441721723237 0.9421926823821745
0.4646963946585067 0.9678527111102354
0.4722222222222222 1.0000000000000000
0.5000000000000000 0.0000000000000000
0.4969314147604363 0.0335069587485915
0.5022463648276795 0.0595420946932145
0.5080468059267754 0.0908311431318672
0.4991289798406043 0.1191748051526135
0.5074488771207276 0.1416060499870759
0.5078846267551274 0.1596607558811664
0.4945353038280320 0.2027630279421298
0.4953142595055352 0.2302853516122451
0.4980582801935923 0.2481840818642692
0.4998251441872141 0.2781799362119375
0.4978340172732749 0.3076706632929368
0.5070386495226775 0.3247588619315884
0.4921796827804634 0.3672309525432170
0.4913540530388201 0.3925641953929363
0.5057445563839699 0.4208960432137009
0.5071994542252926 0.4456060817749746
0.5034404496337910 0.4667317895803027
0.5047472497198958 0.5085612466876513
0.5045915170214438 0.5326951782063790
0.4940129004754217 0.5572146276258002
0.5027912989991974 0.5746071131827292
0.4920152405510224 0.6071855397474866
0.4970775797352508 0.6315773630728727
0.4975267703875141 0.6581048417827225
0.4919945990476638 0.6927765875308018
0.5022865235741198 0.7295775162176164
0.5084163062910817 0.7586819159649949
0.4983455536559961 0.7736388063958892
0.5084232661814425 0.8001817815849890
0.5082131298333690 0.8309501844282007
0.5071399724175968 0.8645560044336723
0.5017505411581152 0.8929159362955363
0.5079867393988496 0.9188567561100004
0.5021050236739071 0.9393266316379459
0.5034178388991816 0.9697861148388462
0.5000000000000000 1.0000000000000000
0.5277777777777778 0.0000000000000000
0.5263254766559966 0.0285364375670703
0.5238709202217849 0.0495567732464769
0.5269362396096969 0.0868432564541113
0.5310206564758440 0.1061410228189155
0.5283618303334905 0.1345331381318123
0.5309935037525522 0.1698649792904822
0.5281996044380542 0.1926590221260731
0.5254897370402235 0.2260262986955411
0.5236084214225339 0.2423169778029516
0.5344970358043603 0.2693529919970984
0.5296351198703170 0.3092668315131236
0.5323514196531631 0.3404517602999960
0.5317421948600581 0.3686949825157985
0.5224209910738644 0.3849993831824571
0.5243835585773279 0.4159238401792643
0.5312296430111465 0.4441309238080372
0.5336788470137847 0.4794875730081711
0.5262372480167742 0.5009576649792468
0.5321746630753903 0.5296893523073105
0.5244316373726146 0.5612725212156946
0.5210066136020066 0.5898071703729912
0.5200544822383785 0.6171956083732321
0.5189825226009422 0.6359179263142151
0.5282348052515625 0.6650583772810618
0.5263185272537151 0.6881535132609624
0.5335651862501036 0.7266484959883130
0.5333633805222829 0.7456476805601722
0.5287348275937729 0.7759444892991494
0.5250081213882161 0.8106819366570910
0.5334876278553755 0.8298896605731206
0.5361521547969309 0.8531083235029858
0.5215417402345214 0.8837626668858352
0.5195713996152732 0.9096357921480127
0.5292994915237416 0.9445614749276314
0.5212481441897204 0.9759057606385881
0.5277777777777778 1.0000000000000000
0.5555555555555556 0.0000000000000000
0.5557570645885594 0.0280684483387431
0.5485704265844668 0.0563308215720341
0.5642789365067674 0.0741219419071338
0.5485455510099010 0.1064379970014716
0.5479618490137125 0.1447751438215532
0.5536090219819917 0.1726211217531125
0.5620018254840009 0.1995867539565025
0.5518154570998328 0.2206970359917049
0.5557836199451675 0.2421234347314064
0.5475765870824183 0.2722776206334285
0.5502908023871684 0.3016862612715890
0.5514796965825008 0.3247687858823842
0.5646854319055121 0.3667251938657837
0.5621432794779417 0.3925961936921186
0.5495838633973734 0.4221997475421737
0.5564052392703066 0.4369309969760891
0.5633637793831752 0.4781794220791372
0.5549970059045917 0.5073413764813914
0.5557139107644751 0.5203310433730356
0.5573963393809962 0.5492914597040461
0.5499786568437561 0.5873449118731250
0.5537963866989952 0.6026708719662962
0.5558321054858035 0.6348620676946478
0.5488144135172086 0.6665765284001265
0.5639674621535927 0.6992239879935676
0.5468761061883599 0.7244727847630317
0.5640588466868650 0.7554541936348378
0.5628849280804649 0.7733632581812014
0.5634350649449525 0.8027028741123207
0.5633123186046648 0.8397167097985190
0.5647302350171891 0.8591833375727571
0.5577462960550892 0.8940488319778400
0.5581242860871716 0.9080366881695207
0.5574877435877256 0.9415737311858177
0.5499232349186789 0.9767175631618938
0.5555555555555556 1.0000000000000000
0.5833333333333334 0.0000000000000000
0.5827286664343807 0.0275476557755045
0.5868063187416317 0.0639483520096842
0.5765457356420970 0.0886608308041195
0.5828121060133626 0.1181279007177948
0.5814181418439361 0.1476007144427574
0.5793679109259186 0.1723823312503889
0.5784379469468924 0.2036938244977454
0.5899713292413173 0.2252190337903528
0.5753622776428814 0.2426784852398530
0.5751481792902202 0.2825534040156731
0.5780575989614585 0.3036480673513757
0.5857855566700845 0.3295712197699269
0.5763872011236835 0.3536533071250179
0.5792272951515814 0.3932586138780243
0.5827676183004471 0.4193827322730884
0.5879494123638229 0.4490554440223508
0.5850732316411029 0.4635666787962462
0.5817650504951146 0.4983091371552060
0.5922392007613498 0.5246596337513892
0.5823515630199023 0.5496446937552031
0.5897440597128574 0.5925641670594122
0.5893760274348327 0.6129992694006847
0.5781878947093321 0.6424737993039435
0.5780246652969196 0.6702060168445196
0.5760019278578254 0.6950425786769190
0.5797237825083870 0.7262284539077968
0.5775881532050221 0.7590028179904478
0.5897731897793436 0.7811488907602314
0.5804214513512057 0.8060482817956931
0.5918123417442379 0.8270715373415100
0.5886096994592148 0.8694962154329301
0.5837600576707526 0.8920227563173921
0.5888348185308818 0.9083681668814866
0.5838469992244064 0.9463877019097365
0.5873325484676026 0.9762068935746616
0.5833333333333334 1.0000000000000000
0.6111111111111112 0.0000000000000000
0.6021307338621535 0.0329776243849302
0.6200192248019015 0.0559115972723599
0.6118112823835986 0.0772077430632544
0.6073496481632021 0.1090045021243049
0.6101314886273250 0.1450730121452644
0.6094351677140392 0.1748820602592890
0.6136284510298926 0.1962633714349897
0.6154247309937065 0.2202303403571179
0.6131120981139913 0.2440551789624172
0.6104959119760294 0.2857436606807793
0.6158410499100635 0.3129062613293187
0.6180288535700923 0.3242732724534365
0.6112231788523514 0.3550414599828184
0.6043642122566537 0.3830873116814108
0.6115168903143231 0.4218233204128005
0.6183086901775303 0.4396596291580135
0.6055388901360413 0.4775282595279923
0.6129684438971329 0.5024152497833763
0.6060925030035994 0.5325763466129478
0.6121731087118620 0.5517396371512031
0.6028673203726632 0.5767523739737946
0.6113214102235169 0.6170477247710333
0.6033283266090174 0.6446534113358026
0.6094055594610855 0.6657736789443791
0.6124791527023007 0.7000102415192607
0.6197111596079417 0.7275555073677431
0.6061489676969793 0.7555753667482454
0.6026631818015934 0.7703329417272160
0.6054215228182087 0.7985029785566750
0.6187370276471287 0.8284210166868653
0.6164860201472391 0.8623991866073104
0.6132046806810971 0.8946674440669717
0.6140046416637428 0.9216294508070950
0.6054573800716518 0.9525919282016490
0.6030140273993184 0.9631900386417787
0.6111111111111112 1.0000000000000000
0.6388888888888888 0.0000000000000000
0.6333039757957676 0.0268814044748222
0.6476372090966218 0.0494232889853369
0.6469623555395172 0.0824734261934031
0.6310847252335610 0.1131917650778102
0.6474944275041296 0.1310655645706889
0.6334303099307111 0.1754311361223253
0.6352248641108665 0.2017956905863904
0.6419395206628890 0.2201564141578688
0.6369133224426943 0.2427865367052074
0.6416367500594257 0.2692534830650550
0.6344678663826133 0.3038319994272121
0.6352754931808616 0.3402111805692934
0.6417595838255795 0.3597448285808081
0.6441130326768869 0.3863272406595450
0.6385274418583149 0.4217240854707853
0.6308931279393653 0.4374031149723394
0.6419747570248777 0.4782728432472948
0.6373972737147596 0.5020626990799634
0.6388795931173145 0.5223328764163847
0.6446945963454922 0.5632053653986451
0.6459599852269859 0.5917467914484594
0.6425249911367426 0.6033725886499857
0.6297345020554104 0.6430543835896804
0.6474260883936176 0.6698582707338108
0.6418275073027078 0.6949750865534846
0.6443540470768193 0.7242577291250611
0.6375088499340913 0.7586092975297054
0.6344116767803378 0.7711166781637306
0.6312271739995218 0.7982848471598323
0.6393390899305162 0.8384076836864607
0.6419858336119365 0.8655743840109507
0.6347024327976860 0.8841429934718597
0.6472300928148653 0.9229030866495855
0.6307110249661644 0.9532703890654181
0.6367089428909024 0.9647961056846638
0.6388888888888888 1.0000000000000000
0.6666666666666666 0.0000000000000000
0.6703978051576256 0.0295637676971545
0.6637919792998483 0.0474288984785922
0.6753127483798693 0.0766442602851967
0.6661053039543180 0.1151006351853601
0.6610163407556183 0.1417770162536774
0.6603518327454471 0.1577597950610868
0.6596388614734252 0.1948613464619139
0.6607049506585042 0.2302638558241618
0.6649633320244487 0.2503738249183843
0.6641983851038145 0.2863392622940939
0.6630806221912852 0.3134389109690854
0.6704634572788690 0.3336931444776314
0.6697470514772905 0.3702743967015675
0.6676224227348910 0.3843826336546836
0.6744810383840979 0.4224322649724266
0.6632844759096491 0.4460384812206356
0.6661706577945596 0.4698024707497970
0.6605315443619302 0.4956983169286034
0.6697984869977546 0.5236954188394184
0.6754111698501886 0.5520134669787358
0.6730916034395061 0.5812674287701963
0.6636498303525253 0.6074062381044171
0.6637679224815356 0.6327366335586100
0.6677763251294281 0.6752492472029663
0.6754919085390741 0.6963369548964513
0.6617810526748441 0.7170078123567595
0.6656770552024617 0.7555974156007790
0.6662805299225327 0.7810676484924588
0.6679921113111753 0.8122677877281093
0.6656548839283117 0.8390129321938788
0.6616475227188788 0.8524334032539300
0.6754467425294686 0.8969816418592164
0.6742506871081273 0.9204605810146522
0.6607174802796574 0.9437813416856686
0.6757862870427837 0.9692221134040629
0.6666666666666666 1.0000000000000000
0.6944444444444444 0.0000000000000000
0.6999903665385857 0.0244801452150221
0.6984230173192616 0.0498639605271555
0.6981184340450742 0.0874343595230507
0.7009147928744822 0.1191597193085051
0.6965237882829589 0.1408134997012977
0.7024236146766222 0.1690307293106477
0.6961850837815859 0.2013597029341873
0.6892554196699011 0.2167515933234410
0.7002627257860053 0.2453719270267369
0.6884834043106972 0.2776187904174763
0.6882202457769324 0.3036116544096905
0.6929833689982403 0.3401872266863689
0.6998126725843153 0.3529042651065873
0.6988574641558474 0.3849430088424695
0.6857729396422207 0.4227811456104660
0.7036586925437943 0.4482017309491351
0.7033830137808634 0.4674158809186064
0.7000592469604617 0.5070970005995324
0.6957975803000573 0.5295753470660268
0.6943891065733013 0.5638252734139320
0.7006547524887691 0.5889854579321382
0.7022316449160179 0.6102004146495659
0.7018697240969205 0.6301636214981694
0.6899802079223328 0.6638197777457362
0.6989424489214763 0.6981091148644708
0.6951395273424381 0.7201442003660554
0.6955558203410923 0.7428979158337384
0.6856682598449650 0.7817200579916066
0.6989872234468771 0.8035414348174511
0.7036306791226248 0.8327093701338726
0.7021758628626462 0.8599197863501149
0.6978769281497870 0.8972189164721257
0.7020011593190958 0.9122349034779530
0.6852618629442628 0.9429968127132252
0.6941213771431383 0.9686438187859173
0.6944444444444444 1.0000000000000000
0.7222222222222222 0.0000000000000000
0.7221917424047062 0.0344536101001292
0.7313931744807042 0.0590377882554222
0.7147645912390360 0.0853238602401304
0.7195172165913329 0.1174574022938113
0.7257589340596692 0.1432890460681735
0.7263922545082088 0.1734382274435450
0.7146417208678332 0.1940504664363590
0.7211026599343715 0.2165795441193295
0.7310238733475998 0.2473596298555009
0.7186987882875472 0.2851465894684219
0.7136386184000933 0.3005186471521066
0.7267520121144232 0.3398809099261556
0.7139718023840351 0.3522086120066114
0.7298631925776009 0.3859445568897563
0.7216347465790046 0.4173618858292058
0.7237688953936239 0.4404099865287406
0.7223643434089659 0.4742107075150911
0.7301595051841198 0.4910942794086377
0.7227544759166710 0.5191762407541716
0.7151043453791280 0.5481998008476489
0.7286757169428243 0.5821431141849046
0.7267532062237725 0.6092076219595226
0.7238267016556338 0.6439169552070995
0.7233447451619593 0.6636960990269868
0.7142178955559918 0.6973939491123903
0.7238601314791697 0.7210809174319008
0.7137910536315676 0.7424271905749211
0.7267036392595577 0.7869468496402638
0.7156217660595058 0.7976296406002319
0.7141024875326926 0.8265460223337732
0.7209833964958091 0.8605545184169296
0.7172730100831775 0.8892045694899257
0.7161696465751881 0.9214276263384042
0.7130442220489164 0.9416481403352144
0.7176325847608497 0.9750354496636926
0.7222222222222222 1.0000000000000000
0.7500000000000000 0.0000000000000000
0.7557765672610323 0.0335179526298025
0.7553000588259287 0.0632864813206193
0.7424584148369824 0.0748041363248754
0.7411583202441727 0.1028575213377923
0.7509593368773537 0.1464371302894064
0.7448218300702183 0.1758059656811279
0.7591411859968509 0.1981929985028895
0.7494110543616677 0.2155620666440858
0.7461148953530075 0.2502584775168580
0.7511693920507385 0.2789220212888414
0.7554825726512238 0.3019581472339507
0.7565185483879006 0.3338905672226069
0.7475025502252508 0.3546949958716196
0.7480377188443493 0.3812212041211519
0.7442809276137476 0.4215960490372151
0.7420140975971397 0.4521454396050923
0.7480540602271825 0.4657553538712030
0.7510259768253889 0.5041201662894937
0.7428835173109049 0.5185696570457258
0.7534815820476408 0.5514787585446945
0.7413595729836777 0.5746019118989847
0.7545674822181578 0.6132289288515033
0.7513396850020363 0.6353350274754789
0.7541455217421417 0.6665557801836584
0.7412798549184123 0.6888588089763957
0.7427111177058386 0.7309326819445758
0.7543626409897840 0.7587150496674897
0.7431959451082566 0.7685627392794788
0.7442994416003468 0.7983835387746306
0.7452148149514408 0.8258603943030329
0.7450490854602655 0.8672680100972439
0.7457746353668557 0.8860417324548490
0.7421317133575822 0.9117694021402420
0.7413802130198408 0.9399162493844332
0.7467400754065764 0.9812659404212147
0.7500000000000000 1.0000000000000000
0.7777777777777778 0.0000000000000000
0.7831103669384349 0.0362166086312556
0.7780011950530618 0.0645861554425802
0.7732859258286684 0.0804232507417339
0.7866352023651365 0.1116582484442595
0.7765967650575938 0.1380111442502450
0.7838253633614666 0.1637214807384073
0.7749703707216646 0.1990321168127319
0.7722988415905355 0.2150266545481569
0.7835625908563503 0.2459770804835801
0.7832776525801813 0.2773809711590271
0.7764161152815650 0.3065818123895361
0.7863958250524961 0.3315659859658671
0.7786823253723597 0.3599232184301889
0.7696827292827498 0.3937964483775009
0.7709339037849652 0.4121749309489162
0.7832484562802066 0.4494092339590919
0.7730028139909546 0.4782616114048779
0.7796347236997970 0.5036516756258385
0.7804163073119830 0.5354669518714728
0.7808779265702673 0.5549645753139182
0.7785331485897417 0.5867496097780007
0.7745120626513998 0.6148604767890515
0.7789328280508122 0.6468236254505676
0.7804721727574374 0.6606293073912998
0.7796214019855711 0.7031350267490972
0.7749464331621327 0.7274552942558429
0.7700473705661273 0.7485893452153188
0.7824873813754561 0.7749076430327294
0.7855892591261262 0.8067913059910140
0.7777214709721002 0.8297184687353195
0.7778265963615973 0.8580833948163666
0.7689984323736837 0.8925406290330150
0.7687272618879332 0.9161420303191689
0.7793327813746864 0.9408986437366793
0.7779560722554075 0.9657662848375991
0.7777777777777778 1.0000000000000000
0.8055555555555556 0.0000000000000000
0.8122740995211597 0.0287462677939204
0.8048687072786946 0.0632992556654464
0.8143141094020071 0.0783335950386015
0.8127595847639005 0.1198349902960016
0.8029933553105006 0.1426356434167965
0.8091131844441309 0.1741475983428358
0.8128465246715667 0.1918393647307725
0.8131891818373557 0.2130386226146986
0.8089665128786003 0.2585974135680890
0.8146538300895301 0.2730152049558360
0.8002471518878360 0.3099406302705484
0.8018865148911850 0.3309838113771020
0.7994483670759358 0.3555825884400468
0.8048236243940925 0.3832185980644331
0.8044503121558527 0.4164195547812086
0.7973991499084244 0.4493933712143173
0.8023784689421851 0.4767273031254902
0.8038880378173935 0.5063248907619697
0.8132117843575416 0.5230066758340691
0.8114765857761159 0.5477843928447157
0.8017831373813447 0.5911889001508095
0.8141749833723777 0.6142822602272687
0.8138320222889227 0.6312555626374075
0.8071224715159309 0.6586387515307972
0.8093371983644562 0.6906569790490705
0.7997417900290449 0.7232902299045489
0.8047863393006696 0.7584055323621020
0.8084646057286866 0.7690979934798935
0.7963881030128589 0.8040549014602713
0.8110774985137083 0.8275979551282576
0.8080969926669539 0.8552646449262749
0.7965751077781857 0.8818762812164259
0.8048915629605284 0.9093130424327639
0.8062291620023089 0.9433409345230541
0.8079645974258203 0.9640913707523002
0.8055555555555556 1.0000000000000000
0.8333333333333334 0.0000000000000000
0.8316200399559769 0.0283146561315054
0.8365224250855940 0.0511136196616880
0.8243690877164175 0.0812611162285199
0.8382419441829951 0.1140021477312161
0.8391191145483754 0.1328380341872337
0.8270669466838688 0.1591566369329437
0.8286019226960906 0.1874840624032682
0.8365823798834853 0.2193843881393907
0.8255744300367325 0.2439268202979507
0.8373629067372290 0.2839223465393008
0.8421056898670781 0.3066831533767719
0.8291619299998704 0.3314080615708790
0.8386850482079686 0.3524025402404769
0.8387541629639070 0.3879619521161954
0.8359342292997658 0.4253753123521258
0.8367867565526207 0.4518403247576825
0.8421220143831291 0.4807558711784679
0.8354401486662932 0.4962975046200460
0.8280771928093915 0.5370124132858421
0.8321446274927038 0.5496894888011790
0.8396683696612562 0.5746266514877769
0.8334545540853298 0.6153770250091326
0.8422987548456800 0.6325877478592272
0.8411997140982271 0.6638277892908521
0.8339133046609511 0.6930322722098187
0.8371932096700142 0.7309365108793198
0.8304226763432965 0.7536084453062859
0.8241533609299143 0.7801092930850985
0.8315433467017520 0.8026104272966971
0.8264622590735523 0.8314769208021202
0.8370931623373290 0.8622438449194584
0.8410272184412736 0.8926420836957480
0.8294599705120260 0.9101950706520247
0.8301848144130124 0.9454865836584132
0.8293518807533261 0.9643468075232949
0.8333333333333334 1.0000000000000000
0.8611111111111112 0.0000000000000000
0.8666583089261507 0.0231655649832724
0.8548799012007289 0.0585091795450329
0.8523543805180943 0.0782057540851383
0.8560516867985793 0.1153087962322252
0.8646088915751118 0.1409623583801554
0.8574049053409536 0.1745440798501762
0.8679459468158447 0.1899478295093766
0.8686403560282983 0.2196444772012184
0.8699612128871207 0.2451388328600834
0.8612277084765897 0.2852102692888012
0.8653825280790297 0.2990540609207585
0.8677720585484165 0.3297735580676589
0.8558397068271292 0.3670743915425740
0.8583687233646863 0.3849918329393441
0.8542633298489732 0.4131519402317715
0.8590074812595485 0.4487299259861441
0.8648098608584591 0.4738411568502470
0.8534407290328135 0.5023600342935586
0.8674225136159738 0.5278545625473746
0.8521795053225079 0.5540041006814431
0.8557341625698032 0.5786588443274601
0.8702408768877460 0.6045105118472722
0.8650047082620285 0.6421617246835797
0.8541645901860141 0.6628432116862280
0.8597693734486488 0.6869942994213937
0.8629073420934643 0.7194869122904574
0.8586709619109281 0.7432493741227320
0.8550773616358844 0.7730892854796116
0.8683193196472989 0.7982902496080773
0.8577336482076708 0.8395462265621094
0.8692314423669486 0.8525175204529923
0.8577769486162929 0.8810204189165722
0.8640432891285591 0.9131903532462219
0.8683159338792193 0.9447641244303077
0.8680491481474585 0.9751696030058238
0.8611111111111112 1.0000000000000000
0.8888888888888888 0.0000000000000000
0.8797414812027857 0.0310617393568305
0.8891480882165580 0.0608650806099923
0.8937677788834941 0.0754448303019296
0.8947425220878005 0.1043708341368021
0.8834064373357795 0.1429636307938464
0.8946934401330590 0.1700695291802317
0.8936297676605702 0.1921926414326905
0.8840178097481299 0.2164240847851760
0.8850295274146597 0.2518554769721612
0.8975249816327525 0.2785499905710890
0.8899252286202423 0.3015715603151214
0.8890211435364082 0.3273082118377914
0.8827457251144128 0.3558172076879999
0.8806099827651787 0.3842314046985330
0.8808098995932574 0.4233960742807138
0.8869788970446421 0.4449128544971881
0.8887564758203714 0.4648822151840509
0.8831237997192797 0.5061924873627351
0.8867847416608471 0.5234127256638120
0.8805617000551889 0.5622363956325465
0.8879638225894372 0.5849799017276448
0.8884977534724910 0.6160580899886922
0.8906722737434889 0.6387698148180286
0.8912606462815982 0.6585525153666845
0.8908543136926338 0.6862869548399546
0.8913509077682965 0.7177303392498752
0.8971100144615032 0.7518676886548993
0.8820469244087444 0.7688047358521534
0.8893680620149808 0.8115467339434358
0.8852123445305655 0.8376722788779903
0.8887703316478948 0.8670734221525992
0.8797868758833978 0.8829084304628031
0.8803613347024996 0.9158253801980095
0.8895560044552266 0.9517452793757061
0.8884205316061384 0.9698083270931335
0.8888888888888888 1.0000000000000000
0.9166666666666666 0.0000000000000000
0.9237539433085618 0.0187262575929478
0.9159005387380896 0.0599608830661195
0.9093703607421110 0.0795774742244809
0.9154483754608687 0.1067310236333104
0.9136522101073274 0.1381185326627198
0.9088297701263123 0.1675536622416161
0.9138255306717046 0.1866803843404633
0.9155375021505965 0.2138312865179812
0.9104760517624496 0.2557844806071816
0.9231763209211019 0.2704420340918802
0.9144770697681905 0.3018208506909503
0.9084595262932998 0.3265359342017838
0.9086578522527001 0.3535680963067511
0.9160779108631312 0.3975973386206407
0.9214653770449898 0.4202770214953464
0.9093854289810059 0.4519694800511348
0.9209665446356730 0.4797575102096406
0.9174844710440301 0.5087857240486275
0.9164948932745165 0.5219690200183462
0.9097048890347298 0.5562655659504541
0.9189032250675291 0.5776140634425472
0.9229262109187112 0.6024284444490802
0.9151047392549333 0.6471116079950601
0.9191018271947200 0.6592518015226572
0.9176517218932595 0.6995302638876033
0.9174492290702823 0.7295516898587184
0.9184563822728168 0.7591249841241878
0.9108779655791364 0.7747479707392043
0.9105407653984861 0.8006638974456114
0.9100569188171334 0.8261113470657497
0.9117987057113220 0.8582808345940940
0.9163744459407266 0.8892721622722681
0.9171947502261966 0.9087236465172269
0.9189973656092529 0.9482459510579734
0.9086956090267081 0.9685126120366688
0.9166666666666666 1.0000000000000000
0.9444444444444444 0.0000000000000000
0.9472884646011245 0.0350213571138223
0.9531110248037640 0.0624818393737863
0.9418832402838138 0.0889191250109844
0.9367401230148018 0.1162754696222555
0.9466798400677432 0.1421080540839461
0.9425422708828076 0.1713369635994669
0.9425675511217456 0.1904750241060437
0.9501784746549001 0.2239023532711730
0.9433454490777630 0.2413155530902208
0.9361996132658593 0.2748745134179131
0.9532871947640822 0.3000941392277420
0.9452365562762959 0.3260041426735126
0.9364828704609425 0.3648288350193935
0.9457004211278156 0.3872744366647866
0.9430627013698880 0.4232286122568849
0.9495886119052025 0.4360332433082443
0.9478866646312049 0.4642829363651806
0.9370622749447844 0.4968160638986814
0.9371941395052598 0.5293556263716844
0.9515595290983750 0.5582674365777436
0.9360656116174650 0.5904835575257200
0.9381338444826368 0.6176222122933688
0.9392748458170090 0.6300530324690724
0.9449198611812506 0.6670157652354481
0.9386761271089756 0.6903871096431493
0.9530444539708287 0.7264823942040605
0.9430381715027071 0.7472875944973755
0.9471782541003269 0.7817019935873329
0.9398584062457325 0.8096539718923580
0.9457063128546066 0.8417598372299411
0.9466303868414242 0.8701571371490787
0.9501006984795544 0.8912594249095470
0.9506368105658988 0.9129088555322650
0.9410623265071365 0.9399161049898740
0.9533000281492846 0.9662230691617151
0.9444444444444444 1.0000000000000000
0.9722222222222222 0.0000000000000000
0.9800007081923920 0.0361470752927546
0.9758344850024803 0.0489275584505922
0.9765977243070291 0.0836459447482905
0.9680087018051061 0.1176659037255075
0.9751496431845547 0.1299505949977278
0.9676239981196684 0.1727838803180269
0.9696177880460721 0.1896729661896576
0.9799971746617610 0.2228795957346195
0.9645796016250682 0.2420696824142684
0.9639404448490333 0.2759100832769957
0.9803598306148364 0.3055885203891697
0.9748392038821522 0.3377661544523221
0.9794560707603468 0.3609920877463927
0.9669146857102533 0.3933759135782190
0.9656320237437266 0.4187385308575078
0.9672803081603537 0.4354489846500529
0.9792718417135112 0.4798828787282826
0.9750454346042776 0.5047717376828115
0.9809822586877860 0.5234500154080655
0.9768939611889071 0.5513224718890991
0.9770867137124254 0.5776164910487764
0.9692501949652024 0.6091542468737287
0.9682193096204306 0.6422624570184338
0.9735215640992179 0.6593644942853534
0.9743441884439941 0.6892602029447493
0.9719198349476144 0.7196129045874015
0.9737191705439293 0.7549770945132719
0.9642576790600774 0.7757436372943715
0.9667412025147826 0.8108444051080882
0.9655589593210691 0.8271837039934724
0.9801295946694647 0.8616267486244202
0.9732879908674925 0.8920739552552878
0.9728731458404770 0.9105234649170659
0.9668218361682259 0.9476169279750639
0.9800203111894311 0.9690140179816724
0.9722222222222222 1.0000000000000000
1.0000000000000000 0.0000000000000000
1.0000000000000000 0.0277777777777778
1.0000000000000000 0.0555555555555556
1.0000000000000000 0.0833333333333333
1.0000000000000000 0.1111111111111111
1.0000000000000000 0.1388888888888889
1.0000000000000000 0.1666666666666667
1.0000000000000000 0.1944444444444444
1.0000000000000000 0.2222222222222222
1.0000000000000000 0.2500000000000000
1.0000000000000000 0.2777777777777778
1.0000000000000000 0.3055555555555556
1.0000000000000000 0.3333333333333333
1.0000000000000000 0.3611111111111111
1.0000000000000000 0.3888888888888889
1.0000000000000000 0.4166666666666667
1.0000000000000000 0.4444444444444444
1.0000000000000000 0.4722222222222222
1.0000000000000000 0.5000000000000000
1.0000000000000000 0.5277777777777778
1.0000000000000000 0.5555555555555556
1.0000000000000000 0.5833333333333334
1.0000000000000000 0.6111111111111112
1.0000000000000000 0.6388888888888888
1.0000000000000000 0.6666666666666666
1.0000000000000000 0.6944444444444444
1.0000000000000000 0.7222222222222222
1.0000000000000000 0.7500000000000000
1.0000000000000000 0.7777777777777778
1.0000000000000000 0.8055555555555556
1.0000000000000000 0.8333333333333334
1.0000000000000000 0.8611111111111112
1.0000000000000000 0.8888888888888888
1.0000000000000000 0.9166666666666666
1.0000000000000000 0.9444444444444444
1.0000000000000000 0.9722222222222222
1.0000000000000000 1.0000000000000000
# element connectivity: number of elements followed by the connectivity
2592
3 804 767 766
3 617 579 616
3 1188 1151 1187
3 623 660 624
3 494 458 457
3 647 684 648
3 1045 1082 1046
3 339 303 302
3 330 293 292
3 240 202 239
3 492 529 493
3 45 82 83
3 455 454 491
3 314 315 278
3 16 52 53
3 589 590 553
3 398 436 399
3 1093 1130 1094
3 360 323 322
3 613 614 577
3 539 503 502
3 311 312 274
3 843 805 842
3 363 362 400
3 663 664 627
3 205 169 168
3 656 655 692
3 762 761 798
3 1323 1360 1361
3 700 738 701
3 680 679 716
3 1056 1018 1055
3 725 689 688
3 640 604 603
3 723 761 724
3 649 650 612
3 931 968 932
3 526 490 489
3 120 157 158
3 118 119 82
3 492 491 529
3 265 228 227
3 261 225 224
3 559 558 595
3 301 300 337
3 707 708 670
3 557 594 595
3 566 604 567
3 524 487 486
3 558 557 595
3 705 743 706
3 893 856 855
3 419 418 456
3 376 339 338
3 649 612 648
3 353 390 354
3 709 671 708
3 936 898 935
3 723 685 722
3 641 679 642
3 121 122 84
3 157 193 194
3 384 383 420
3 385 384 422
3 457 420 419
3 196 197 160
3 308 309 272
3 416 380 379
3 207 169 206
3 205 206 169
3 98 61 60
3 201 165 164
3 243 244 206
3 244 207 206
3 318 281 280
3 279 278 315
3 107 106 144
3 213 176 175
3 33 70 34
3 589 553 552
3 142 104 141
3 364 402 365
3 179 178 215
3 175 174 211
3 591 554 590
3 215 252 216
3 660 622 659
3 619 582 581
3 658 659 621
3 586 623 587
3 430 431 394
3 359 360 322
3 472 473 435
3 506 469 468
3 619 620 583
3 544 545 508
3 763 726 725
3 613 576 575
3 728 765 729
3 842 805 804
3 762 798 799
3 689 690 652
3 915 952 953
3 766 729 765
3 1029 1030 992
3 697 735 698
3 699 700 663
3 701 664 700
3 666 665 702
3 997 998 961
3 924 925 887
3 1070 1107 1071
3 1071 1108 1072
3 1218 1217 1254
3 953 954 916
3 1107 1069 1106
3 1145 1182 1146
3 1218 1256 1219
3 776 740 739
3 1365 1329 1328
3 1255 1256 1218
3 1143 1180 1181
3 874 912 875
3 1208 1171 1207
3 951 952 914
3 1252 1253 1215
3 1173 1174 1136
3 1205 1167 1204
3 1054 1055 1018
3 1126 1089 1125
3 839 840 803
3 1207 1171 1170
3 982 981 1019
3 1205 1169 1168
3 1083 1047 1046
3 1321 1322 1284
3 1007 1008 970
3 1015 1052 1053
3 388 389 351
3 672 635 671
3 1087 1049 1086
3 720 683 682
3 900 864 863
3 895 858 857
3 1009 972 1008
3 816 817 780
3 965 928 964
3 896 932 933
3 862 824 861
3 1008 1007 1045
3 932 968 969
3 927 964 928
3 890 891 854
3 1081 1082 1044
3 972 1010 973
3 1166 1165 1203
3 1298 1261 1260
3 1279 1280 1243
3 1112 1113 1075
3 78 77 114
3 114 115 78
3 190 191 153
3 41 40 78
3 192 193 156
3 82 44 81
3 156 157 120
3 80 81 43
3 41 4 40
3 84 47 83
3 116 117 79
3 82 119 120
3 192 154 191
3 156 155 192
3 336 337 300
3 116 153 154
3 151 114 113
3 196 195 232
3 341 303 340
3 229 191 228
3 151 115 114
3 2 38 39
3 152 151 189
3 149 186 150
3 227 264 265
3 186 224 187
3 262 261 299
3 336 300 299
3 226 227 190
3 411 412 375
3 301 264 263
3 335 334 372
3 372 371 408
3 742 741 779
3 519 556 520
3 631 630 667
3 635 634 671
3 712 750 713
3 633 670 634
3 379 342 378
3 447 410 409
3 380 381 344
3 635 599 598
3 526 488 525
3 485 448 484
3 524 486 523
3 597 634 598
3 380 344 343
3 305 268 304
3 378 342 341
3 305 269 268
3 451 415 414
3 341 304 303
3 451 452 415
3 381 380 418
3 457 419 456
3 380 343 342
3 493 530 494
3 535 536 498
3 494 457 456
3 420 383 382
3 567 530 529
3 528 490 527
3 642 643 606
3 458 495 496
3 563 562 600
3 714 750 751
3 602 639 603
3 641 604 640
3 639 677 640
3 791 792 754
3 606 643 607
3 684 722 685
3 608 570 607
3 644 643 680
3 569 605 606
3 717 754 755
3 646 645 683
3 719 755 756
3 497 533 534
3 130 129 166
3 422 460 423
3 538 537 575
3 458 494 495
3 609 572 608
3 569 570 532
3 610 647 611
3 352 389 353
3 319 356 357
3 312 350 313
3 314 351 352
3 313 350 314
3 461 460 497
3 423 460 461
3 461 497 498
3 199 200 162
3 306 343 344
3 349 312 348
3 310 309 347
3 382 345 381
3 236 272 273
3 348 347 385
3 311 274 273
3 91 92 55
3 47 10 46
3 124 123 161
3 306 269 305
3 199 236 200
3 201 200 238
3 160 159 196
3 231 230 267
3 88 50 87
3 167 166 204
3 49 12 48
3 271 270 308
3 273 274 237
3 276 277 240
3 314 278 277
3 170 133 169
3 61 23 60
3 56 19 55
3 171 135 134
3 95 59 58
3 58 94 95
3 133 170 134
3 208 171 207
3 97 60 96
3 246 209 245
3 98 97 134
3 353 354 316
3 280 243 242
3 358 321 320
3 282 245 281
3 102 65 101
3 173 172 209
3 213 212 249
3 210 209 247
3 287 286 324
3 211 174 173
3 471 470 508
3 285 249 248
3 138 101 137
3 137 136 174
3 137 100 99
3 175 138 174
3 176 139 138
3 138 137 174
3 101 100 137
3 139 101 138
3 69 68 105
3 66 29 28
3 142 105 104
3 68 30 67
3 143 106 105
3 69 32 68
3 73 72 109
3 34 70 71
3 73 109 110
3 71 70 107
3 146 110 109
3 109 108 146
3 181 182 144
3 109 72 71
3 181 144 180
3 145 107 144
3 294 331 295
3 182 146 145
3 220 219 256
3 329 291 328
3 547 510 509
3 144 143 180
3 141 103 140
3 177 178 141
3 141 104 103
3 251 215 214
3 216 180 179
3 289 290 253
3 254 255 217
3 290 289 327
3 323 286 322
3 479 517 480
3 325 288 287
3 361 398 399
3 328 291 290
3 436 437 400
3 258 259 222
3 366 365 403
3 329 366 330
3 517 554 518
3 405 442 443
3 405 443 406
3 332 295 331
3 331 367 368
3 550 514 513
3 443 480 481
3 439 402 438
3 514 552 515
3 554 517 553
3 737 738 700
3 702 665 664
3 475 513 476
3 400 399 436
3 516 479 478
3 473 436 435
3 584 621 585
3 551 552 514
3 696 697 659
3 661 624 660
3 543 544 507
3 470 471 434
3 545 509 508
3 473 437 436
3 543 580 544
3 546 547 509
3 764 727 726
3 691 654 653
3 399 362 361
3 287 250 249
3 362 325 361
3 359 322 358
3 357 393 394
3 468 505 506
3 431 467 468
3 578 615 579
3 315 316 279
3 392 391 428
3 316 354 317
3 355 393 356
3 357 356 393
3 318 354 355
3 427 390 389
3 391 354 390
3 430 467 431
3 503 466 502
3 539 502 501
3 426 389 388
3 467 466 504
3 540 613 577
3 651 614 650
3 615 578 614
3 764 728 727
3 692 655 654
3 801 802 765
3 730 731 693
3 802 766 765
3 840 877 841
3 728 764 765
3 807 806 844
3 800 801 764
3 802 839 803
3 836 798 835
3 949 948 985
3 834 833 871
3 872 873 836
3 989 1026 990
3 921 920 957
3 881 917 918
3 955 956 918
3 988 989 952
3 1066 1030 1029
3 953 990 954
3 997 1034 998
3 1028 1026 1027
3 1028 1065 1029
3 766 767 729
3 766 803 804
3 767 804 768
3 881 918 882
3 804 841 842
3 916 915 953
3 877 878 841
3 877 914 915
3 697 661 660
3 732 695 694
3 808 807 844
3 814 813 851
3 737 736 773
3 807 808 771
3 881 845 844
3 771 772 735
3 661 698 699
3 810 809 847
3 735 773 736
3 850 886 887
3 887 851 850
3 884 847 846
3 884 883 921
3 962 925 924
3 958 921 957
3 961 962 924
3 886 848 885
3 998 962 961
3 923 887 886
3 1035 1036 999
3 956 957 919
3 1067 1066 1104
3 924 923 960
3 959 921 958
3 1034 997 996
3 957 956 994
3 1073 1035 1072
3 995 958 957
3 1068 1069 1031
3 994 956 993
3 1102 1139 1103
3 1139 1138 1176
3 1145 1109 1108
3 1070 1034 1033
3 1102 1138 1139
3 1143 1181 1144
3 1073 1036 1035
3 1110 1073 1072
3 1108 1071 1107
3 1072 1034 1071
3 1219 1257 1220
3 1141 1140 1178
3 1179 1216 1217
3 1327 1365 1328
3 1293 1256 1255
3 1366 1329 1365
3 1183 1147 1146
3 1142 1178 1179
3 1286 1285 1323
3 1254 1216 1253
3 1292 1291 1329
3 1215 1253 1216
3 1215 1214 1252
3 1291 1290 1328
3 1364 1365 1327
3 1209 1245 1246
3 1248 1286 1249
3 1177 1213 1214
3 1322 1360 1323
3 1326 1325 1363
3 994 1030 1031
3 1066 1103 1104
3 1100 1136 1137
3 1102 1103 1065
3 1175 1138 1137
3 1063 1064 1026
3 1246 1247 1210
3 1175 1176 1138
3 1022 1059 1023
3 1064 1063 1100
3 1097 1098 1060
3 947 985 948
3 1135 1098 1097
3 1058 1021 1020
3 1205 1206 1169
3 1133 1097 1096
3 1169 1206 1170
3 1208 1209 1171
3 1244 1281 1245
3 1318 1319 1282
3 1356 1318 1355
3 1238 1202 1201
3 1203 1202 1239
3 1085 1048 1047
3 1313 1314 1277
3 1279 1317 1280
3 1318 1280 1317
3 1125 1124 1161
3 1239 1277 1240
3 1273 1236 1272
3 1239 1276 1277
3 1234 1233 1271
3 1308 1309 1272
3 1312 1276 1275
3 1048 1011 1047
3 970 933 932
3 1119 1157 1120
3 1159 1122 1158
3 1052 1051 1089
3 1271 1233 1270
3 1085 1121 1122
3 1121 1084 1120
3 1058 1020 1057
3 1131 1130 1168
3 1091 1128 1129
3 1011 1012 975
3 1124 1087 1123
3 977 1015 978
3 1199 1161 1198
3 1122 1121 1158
3 872 871 908
3 796 797 760
3 973 935 972
3 981 1018 1019
3 983 1019 1020
3 982 944 981
3 979 1016 980
3 1090 1089 1126
3 869 907 870
3 798 761 760
3 832 869 833
3 871 835 834
3 905 906 869
3 944 908 907
3 907 908 871
3 909 910 872
3 645 644 681
3 679 678 715
3 714 713 750
3 823 786 822
3 718 717 755
3 790 789 826
3 789 788 825
3 751 750 787
3 903 904 866
3 789 753 752
3 825 862 863
3 787 750 749
3 941 940 978
3 901 865 864
3 978 1015 979
3 1014 1013 1050
3 748 711 747
3 779 780 743
3 785 821 822
3 895 932 896
3 896 933 934
3 932 969 970
3 937 900 899
3 971 933 970
3 714 676 713
3 636 600 599
3 675 712 713
3 859 822 858
3 675 638 674
3 781 745 744
3 749 785 786
3 821 858 822
3 819 820 782
3 671 634 670
3 893 930 931
3 780 744 743
3 817 853 854
3 783 821 784
3 926 927 890
3 852 890 853
3 928 966 929
3 928 929 892
3 968 1005 969
3 1040 1041 1004
3 1045 1044 1082
3 1003 1002 1040
3 1151 1150 1187
3 1076 1038 1075
3 1002 1003 965
3 967 1004 1005
3 1039 1038 1076
3 1076 1113 1077
3 1075 1074 1111
3 1077 1114 1078
3 1192 1229 1230
3 1079 1080 1043
3 1155 1192 1193
3 1263 1262 1300
3 1159 1196 1160
3 1156 1119 1155
3 1267 1266 1303
3 1191 1154 1190
3 1227 1226 1263
3 1343 1344 1307
3 1264 1301 1302
3 1339 1301 1338
3 1302 1266 1265
3 1224 1188 1187
3 1300 1262 1299
3 1300 1299 1337
3 1148 1149 1112
3 1299 1261 1298
3 1334 1296 1333
3 1224 1223 1260
3 1299 1298 1335
3 1260 1223 1259
3 1298 1297 1335
3 2 1 38
3 3 2 39
3 75 39 38
3 112 113 75
3 75 76 39
3 78 115 116
3 113 76 75
3 149 113 112
3 188 187 225
3 150 113 149
3 113 114 76
3 113 150 151
3 116 115 152
3 116 79 78
3 189 153 152
3 153 116 152
3 115 151 152
3 150 187 151
3 76 77 39
3 3 40 4
3 3 39 40
3 42 41 78
3 77 76 114
3 40 77 78
3 40 39 77
3 5 42 43
3 79 42 78
3 5 4 41
3 43 42 79
3 5 41 42
3 7 43 44
3 6 5 43
3 6 43 7
3 7 44 45
3 47 46 83
3 9 8 45
3 9 45 46
3 8 7 45
3 83 82 120
3 45 44 82
3 121 159 122
3 46 45 83
3 120 119 156
3 80 43 79
3 119 155 156
3 118 82 81
3 117 118 80
3 44 43 81
3 154 117 116
3 118 155 119
3 79 117 80
3 154 155 117
3 80 118 81
3 117 155 118
3 192 191 229
3 154 153 191
3 190 227 228
3 266 303 304
3 266 229 265
3 230 192 229
3 190 189 226
3 226 262 263
3 193 192 230
3 155 154 192
3 194 193 230
3 157 156 193
3 195 194 231
3 195 157 194
3 232 231 268
3 194 230 231
3 268 267 304
3 230 229 267
3 232 268 269
3 231 267 268
3 305 304 341
3 267 229 266
3 343 305 342
3 343 306 305
3 228 265 229
3 264 302 265
3 303 266 265
3 304 267 266
3 339 302 338
3 303 265 302
3 377 378 340
3 342 305 341
3 299 300 263
3 300 301 263
3 299 263 262
3 264 227 263
3 302 301 338
3 302 264 301
3 338 337 374
3 338 301 337
3 188 189 151
3 188 226 189
3 187 188 151
3 225 226 188
3 191 190 228
3 153 189 190
3 262 226 225
3 263 227 226
3 224 186 223
3 187 150 186
3 187 224 225
3 223 260 224
3 225 261 262
3 224 260 261
3 297 298 261
3 336 373 337
3 335 297 334
3 261 260 297
3 372 373 335
3 299 261 298
3 298 336 299
3 372 334 371
3 298 335 336
3 298 297 335
3 409 372 408
3 410 373 372
3 373 336 335
3 484 447 446
3 446 409 408
3 410 374 373
3 409 410 372
3 374 337 373
3 446 447 409
3 448 449 411
3 412 411 449
3 374 410 411
3 448 447 484
3 411 410 447
3 447 448 411
3 524 523 560
3 450 449 487
3 450 412 449
3 448 486 449
3 484 483 520
3 523 522 559
3 486 485 522
3 445 446 408
3 483 484 446
3 446 445 483
3 522 485 484
3 486 448 485
3 445 482 483
3 484 520 521
3 483 482 519
3 483 519 520
3 594 557 593
3 520 556 557
3 594 593 630
3 557 556 593
3 669 632 631
3 596 634 597
3 596 595 632
3 594 630 631
3 594 632 595
3 633 634 596
3 669 631 668
3 632 594 631
3 560 559 597
3 521 520 557
3 560 597 598
3 559 595 596
3 559 596 597
3 632 633 596
3 669 633 632
3 670 708 671
3 561 525 524
3 486 522 523
3 522 521 558
3 522 484 521
3 522 558 559
3 521 557 558
3 561 524 560
3 523 559 560
3 526 525 563
3 487 449 486
3 598 561 560
3 525 488 487
3 599 561 598
3 599 562 561
3 601 564 563
3 525 561 562
3 638 601 600
3 562 599 600
3 674 637 636
3 675 639 638
3 599 635 636
3 598 634 635
3 674 636 673
3 637 600 636
3 638 602 601
3 565 566 528
3 639 602 638
3 603 565 602
3 637 638 600
3 637 674 638
3 711 674 673
3 712 675 674
3 562 563 525
3 564 565 528
3 526 563 527
3 601 602 565
3 601 565 564
3 566 529 528
3 601 563 600
3 564 527 563
3 377 414 378
3 452 453 415
3 489 453 452
3 490 491 453
3 453 489 490
3 452 451 489
3 490 526 527
3 489 488 526
3 414 413 450
3 375 374 411
3 339 376 377
3 450 451 414
3 487 451 450
3 488 489 451
3 525 487 524
3 488 451 487
3 375 376 338
3 340 303 339
3 413 376 375
3 377 340 339
3 374 375 338
3 412 413 375
3 450 413 412
3 414 377 413
3 413 377 376
3 414 415 378
3 340 378 341
3 415 453 416
3 415 379 378
3 417 454 455
3 415 416 379
3 453 454 417
3 345 308 344
3 270 269 306
3 381 345 344
3 346 347 309
3 419 381 418
3 419 382 381
3 379 380 342
3 416 417 380
3 348 310 347
3 272 236 235
3 308 345 346
3 346 383 347
3 308 346 309
3 345 382 346
3 420 382 419
3 383 346 382
3 421 384 420
3 347 383 384
3 458 420 457
3 421 422 384
3 493 494 456
3 533 570 534
3 455 491 492
3 530 568 531
3 380 417 418
3 416 453 417
3 418 455 456
3 418 417 455
3 453 491 454
3 528 529 491
3 456 492 493
3 456 455 492
3 490 528 491
3 527 564 528
3 529 530 493
3 529 566 567
3 603 566 565
3 603 604 566
3 568 567 604
3 568 530 567
3 713 676 675
3 640 603 639
3 640 678 641
3 715 753 716
3 639 676 677
3 639 675 676
3 715 677 714
3 678 640 677
3 604 605 568
3 604 641 605
3 569 606 607
3 605 642 606
3 641 642 605
3 641 678 679
3 681 644 680
3 643 642 680
3 533 495 532
3 569 568 605
3 494 531 495
3 494 530 531
3 531 532 495
3 531 568 569
3 570 569 607
3 532 531 569
3 460 496 497
3 459 422 421
3 572 535 534
3 497 496 533
3 495 533 496
3 532 570 533
3 611 573 610
3 534 570 571
3 570 608 571
3 607 643 644
3 683 645 682
3 608 607 645
3 718 681 680
3 645 607 644
3 682 681 718
3 682 645 681
3 575 537 574
3 535 498 534
3 535 572 573
3 608 645 609
3 610 609 647
3 610 572 609
3 609 646 647
3 609 645 646
3 534 498 497
3 537 499 536
3 574 537 536
3 462 499 463
3 571 572 534
3 573 536 535
3 608 572 571
3 610 573 572
3 388 425 426
3 574 536 573
3 424 423 461
3 498 536 499
3 462 461 498
3 462 425 461
3 500 501 463
3 462 498 499
3 425 424 461
3 386 385 422
3 459 460 422
3 423 386 422
3 458 421 420
3 458 496 459
3 458 459 421
3 496 460 459
3 277 313 314
3 349 348 385
3 275 312 313
3 311 273 310
3 387 349 386
3 350 312 349
3 349 385 386
3 347 384 385
3 350 351 314
3 350 387 351
3 349 387 350
3 386 423 424
3 387 388 351
3 387 424 388
3 388 424 425
3 387 386 424
3 238 202 201
3 277 278 240
3 241 205 204
3 203 166 202
3 313 276 275
3 276 240 239
3 275 276 239
3 313 277 276
3 88 51 50
3 203 240 241
3 53 89 90
3 202 166 165
3 241 242 205
3 167 131 130
3 166 203 204
3 202 240 203
3 86 123 124
3 198 197 234
3 201 164 163
3 164 127 163
3 200 201 163
3 128 166 129
3 237 238 200
3 202 165 201
3 162 200 163
3 238 275 239
3 236 237 200
3 236 273 237
3 202 238 239
3 237 274 238
3 275 274 312
3 275 238 274
3 233 234 197
3 272 310 273
3 235 271 272
3 309 310 272
3 348 311 310
3 348 312 311
3 235 234 271
3 307 344 308
3 198 234 235
3 233 232 270
3 272 271 308
3 234 233 271
3 307 270 306
3 271 233 270
3 344 307 306
3 308 270 307
3 123 159 160
3 158 195 196
3 232 195 231
3 158 157 195
3 197 196 233
3 159 158 196
3 270 232 269
3 233 196 232
3 197 161 160
3 162 163 125
3 126 125 163
3 161 197 198
3 236 199 235
3 162 161 198
3 198 199 162
3 198 235 199
3 49 48 85
3 122 159 123
3 124 125 88
3 161 162 125
3 86 124 87
3 161 125 124
3 161 123 160
3 121 83 120
3 86 85 122
3 49 87 50
3 121 84 83
3 85 48 47
3 158 121 120
3 158 159 121
3 86 122 123
3 85 84 122
3 9 46 10
3 48 11 10
3 86 49 85
3 12 11 48
3 85 47 84
3 48 10 47
3 50 13 12
3 51 14 50
3 124 88 87
3 14 13 50
3 87 49 86
3 50 12 49
3 52 15 51
3 17 16 53
3 88 52 51
3 15 14 51
3 90 91 53
3 16 15 52
3 126 89 88
3 128 164 165
3 126 88 125
3 89 52 88
3 126 127 89
3 128 165 166
3 89 127 90
3 126 163 127
3 53 91 54
3 90 127 128
3 93 92 129
3 91 90 128
3 91 128 92
3 127 164 128
3 94 93 131
3 92 128 129
3 18 17 54
3 91 55 54
3 18 55 19
3 18 54 55
3 17 53 54
3 52 89 53
3 21 20 58
3 23 22 59
3 20 19 56
3 20 56 57
3 55 92 93
3 20 57 58
3 56 55 93
3 22 21 58
3 59 22 58
3 95 96 59
3 60 23 59
3 133 96 95
3 60 59 96
3 57 94 58
3 132 169 133
3 134 97 96
3 98 60 97
3 171 134 170
3 171 172 135
3 96 133 134
3 132 131 169
3 132 94 131
3 57 56 94
3 130 93 129
3 94 56 93
3 95 132 133
3 95 94 132
3 167 130 166
3 131 93 130
3 205 168 167
3 169 131 168
3 205 167 204
3 168 131 167
3 203 241 204
3 242 243 205
3 279 242 241
3 279 280 242
3 278 241 240
3 278 279 241
3 317 280 279
3 317 318 280
3 279 316 317
3 315 352 316
3 314 352 315
3 351 389 352
3 245 208 244
3 244 243 281
3 283 245 282
3 281 318 282
3 354 318 317
3 356 319 318
3 320 319 357
3 282 318 319
3 207 171 170
3 135 136 98
3 169 207 170
3 208 209 171
3 244 208 207
3 244 281 245
3 205 243 206
3 280 281 243
3 209 172 171
3 209 210 173
3 283 284 247
3 209 208 245
3 283 247 246
3 248 249 212
3 283 246 245
3 247 209 246
3 322 285 321
3 285 286 249
3 319 320 282
3 321 284 283
3 283 320 321
3 283 282 320
3 398 434 435
3 322 321 358
3 251 214 250
3 248 210 247
3 321 285 284
3 322 286 285
3 324 323 361
3 324 286 323
3 398 435 436
3 361 323 360
3 284 248 247
3 174 136 173
3 212 211 248
3 212 175 211
3 250 213 249
3 214 177 213
3 210 248 211
3 284 285 248
3 66 65 102
3 24 23 61
3 139 102 101
3 103 67 66
3 63 100 101
3 101 65 64
3 213 175 212
3 176 138 175
3 136 99 98
3 28 65 66
3 98 99 62
3 136 137 99
3 134 135 98
3 172 173 135
3 211 173 210
3 136 135 173
3 62 25 24
3 61 62 24
3 98 62 61
3 99 100 63
3 62 63 26
3 62 99 63
3 62 26 25
3 64 65 28
3 26 63 27
3 27 64 28
3 63 64 27
3 63 101 64
3 105 67 104
3 30 29 67
3 103 66 102
3 67 29 66
3 69 105 106
3 68 67 105
3 139 103 102
3 104 67 103
3 177 140 139
3 178 179 141
3 177 139 176
3 140 103 139
3 177 141 140
3 142 143 105
3 213 177 176
3 215 178 177
3 108 71 107
3 70 69 107
3 180 143 142
3 144 106 143
3 179 142 141
3 179 180 142
3 218 181 180
3 219 220 183
3 30 68 31
3 31 68 32
3 32 69 33
3 107 69 106
3 70 33 69
3 34 72 35
3 35 73 36
3 35 72 73
3 145 108 107
3 72 34 71
3 182 183 146
3 109 71 108
3 73 110 74
3 36 73 74
3 37 36 74
3 74 110 111
3 148 147 184
3 111 110 147
3 111 147 148
3 185 184 221
3 146 108 145
3 148 184 185
3 147 146 184
3 147 110 146
3 219 183 182
3 184 146 183
3 144 182 145
3 181 218 219
3 222 221 258
3 184 183 221
3 181 219 182
3 256 257 220
3 255 293 256
3 295 296 258
3 219 255 256
3 254 216 253
3 256 293 257
3 255 291 292
3 185 221 222
3 258 220 257
3 221 183 220
3 220 258 221
3 257 293 294
3 257 295 258
3 370 369 406
3 259 258 296
3 295 332 296
3 331 368 369
3 332 333 296
3 370 406 407
3 332 369 333
3 332 331 369
3 257 294 295
3 293 330 294
3 330 292 329
3 293 255 292
3 367 330 366
3 331 294 330
3 330 367 331
3 403 402 439
3 254 290 291
3 253 252 289
3 327 328 290
3 365 366 329
3 291 329 292
3 328 365 329
3 363 327 326
3 363 364 327
3 216 217 180
3 255 219 218
3 215 216 179
3 254 291 255
3 218 217 255
3 218 180 217
3 216 254 217
3 253 290 254
3 250 214 213
3 215 177 214
3 289 252 251
3 252 215 251
3 286 287 249
3 288 251 250
3 288 289 251
3 253 216 252
3 325 287 324
3 288 250 287
3 325 289 288
3 326 327 289
3 361 325 324
3 326 289 325
3 325 362 326
3 401 438 402
3 400 362 399
3 363 326 362
3 438 437 474
3 438 400 437
3 360 397 398
3 471 509 472
3 434 471 435
3 473 474 437
3 510 474 473
3 474 512 475
3 509 473 472
3 512 549 550
3 509 510 473
3 621 584 620
3 510 511 474
3 510 548 511
3 439 438 475
3 402 364 401
3 476 439 475
3 403 404 366
3 474 475 438
3 474 511 512
3 477 478 440
3 479 480 443
3 327 365 328
3 402 403 365
3 327 364 365
3 363 400 401
3 363 401 364
3 400 438 401
3 440 404 403
3 404 368 367
3 369 368 406
3 367 366 404
3 440 441 404
3 441 405 404
3 439 477 440
3 442 405 441
3 439 440 403
3 439 476 477
3 333 369 370
3 368 405 406
3 368 404 405
3 407 406 444
3 406 443 444
3 480 517 481
3 444 443 481
3 442 479 443
3 442 441 478
3 478 479 442
3 516 517 479
3 481 517 518
3 440 478 441
3 476 513 514
3 514 477 476
3 515 516 478
3 477 515 478
3 553 517 516
3 514 515 477
3 552 516 515
3 550 551 514
3 551 588 589
3 589 552 551
3 553 516 552
3 587 588 550
3 625 662 663
3 663 627 626
3 590 554 553
3 518 554 555
3 627 590 589
3 591 592 554
3 555 554 592
3 627 591 590
3 628 629 591
3 626 627 589
3 665 628 627
3 592 591 629
3 627 628 591
3 665 666 628
3 629 628 666
3 625 626 589
3 664 701 702
3 588 625 589
3 624 661 625
3 625 663 626
3 662 699 663
3 627 664 665
3 663 700 664
3 622 623 586
3 624 625 587
3 549 585 586
3 621 659 622
3 587 623 624
3 622 660 623
3 625 661 662
3 660 659 697
3 475 512 513
3 511 549 512
3 512 550 513
3 549 586 550
3 550 588 551
3 587 625 588
3 550 586 587
3 549 548 585
3 585 548 547
3 549 511 548
3 510 547 548
3 509 545 546
3 584 585 547
3 622 586 585
3 546 584 547
3 583 620 584
3 585 621 622
3 620 657 658
3 583 582 619
3 695 659 658
3 620 658 621
3 657 656 693
3 657 695 658
3 694 731 732
3 619 618 655
3 732 731 768
3 694 657 693
3 657 620 656
3 653 654 617
3 691 729 692
3 691 692 654
3 729 767 730
3 618 617 654
3 654 655 618
3 652 653 616
3 690 727 691
3 652 690 653
3 727 728 691
3 690 691 653
3 728 729 691
3 504 541 505
3 579 617 580
3 582 544 581
3 542 579 580
3 541 579 542
3 616 653 617
3 619 581 618
3 581 617 618
3 507 544 508
3 582 583 546
3 582 546 545
3 583 584 546
3 545 544 582
3 580 617 581
3 656 619 655
3 656 620 619
3 395 394 431
3 470 507 508
3 396 433 434
3 469 506 470
3 509 471 508
3 472 435 471
3 506 543 507
3 580 581 544
3 395 396 359
3 396 397 359
3 358 395 359
3 433 470 434
3 359 397 360
3 396 434 397
3 360 398 361
3 397 434 398
3 395 357 394
3 358 320 357
3 357 395 358
3 395 431 432
3 395 433 396
3 432 470 433
3 432 431 469
3 394 393 430
3 470 432 469
3 433 395 432
3 431 468 469
3 467 504 468
3 542 543 505
3 507 470 506
3 505 543 506
3 542 580 543
3 355 392 393
3 429 428 466
3 430 429 467
3 428 391 427
3 576 539 538
3 427 391 390
3 541 504 503
3 505 468 504
3 318 355 356
3 354 391 392
3 393 392 429
3 355 354 392
3 465 428 464
3 466 467 429
3 393 429 430
3 392 428 429
3 352 353 316
3 389 390 353
3 463 427 426
3 464 428 427
3 462 463 425
3 427 389 426
3 463 501 464
3 465 466 428
3 427 463 464
3 426 425 463
3 501 465 464
3 502 466 465
3 501 500 537
3 463 499 500
3 539 501 538
3 502 465 501
3 613 540 576
3 540 541 503
3 501 537 538
3 500 499 537
3 611 574 573
3 575 576 538
3 611 575 574
3 612 650 613
3 540 503 539
3 504 466 503
3 578 541 577
3 542 505 541
3 576 540 539
3 577 541 540
3 541 578 579
3 577 614 578
3 615 616 579
3 615 652 616
3 614 651 615
3 650 687 688
3 651 652 615
3 689 726 690
3 651 689 652
3 651 650 688
3 686 687 649
3 688 689 651
3 612 613 575
3 650 614 613
3 611 612 575
3 649 685 686
3 611 648 612
3 611 647 648
3 685 649 648
3 687 650 649
3 760 723 759
3 685 648 684
3 687 686 724
3 722 759 723
3 798 760 797
3 721 684 720
3 796 760 759
3 761 723 760
3 724 688 687
3 725 726 689
3 723 686 685
3 723 724 686
3 724 725 688
3 724 762 725
3 725 762 763
3 724 761 762
3 834 798 797
3 799 837 800
3 762 799 763
3 837 838 800
3 836 799 798
3 800 763 799
3 872 836 835
3 837 799 836
3 793 830 794
3 759 722 721
3 798 834 835
3 797 833 834
3 871 833 870
3 797 796 833
3 907 871 870
3 908 909 872
3 873 872 910
3 835 871 872
3 945 909 908
3 983 1020 1021
3 909 946 910
3 909 945 946
3 908 944 945
3 980 1017 981
3 945 983 946
3 945 982 983
3 983 982 1019
3 945 944 982
3 943 980 944
3 1017 1018 981
3 1022 1021 1058
3 984 983 1021
3 946 947 910
3 950 988 951
3 986 949 985
3 947 946 984
3 983 984 946
3 1021 1022 984
3 985 1022 1023
3 985 984 1022
3 836 874 837
3 910 947 911
3 911 873 910
3 874 836 873
3 874 911 912
3 874 873 911
3 985 947 984
3 948 911 947
3 876 875 912
3 911 948 949
3 839 875 876
3 912 911 949
3 986 950 949
3 913 912 950
3 1023 986 985
3 950 912 949
3 1024 987 986
3 988 950 987
3 1024 986 1023
3 987 950 986
3 1059 1060 1023
3 989 990 952
3 1098 1099 1061
3 1025 987 1024
3 1025 988 987
3 1065 1064 1101
3 1025 989 988
3 954 990 991
3 1025 1026 989
3 1025 1062 1026
3 991 1028 1029
3 1026 1064 1027
3 878 916 879
3 878 915 916
3 913 914 877
3 913 950 914
3 950 951 914
3 988 952 951
3 1028 990 1026
3 953 952 990
3 878 879 841
3 844 845 808
3 804 840 841
3 839 802 838
3 841 879 842
3 955 954 992
3 877 915 878
3 914 952 915
3 800 838 801
3 837 874 875
3 875 839 838
3 877 840 839
3 837 875 838
3 912 913 876
3 877 876 913
3 877 839 876
3 726 727 690
3 726 763 764
3 800 764 763
3 801 765 764
3 766 802 803
3 801 838 802
3 768 804 805
3 803 840 804
3 692 693 656
3 692 729 693
3 657 694 695
3 693 731 694
3 729 730 693
3 767 731 730
3 733 732 770
3 731 767 768
3 697 696 733
3 659 695 696
3 805 769 768
3 696 695 732
3 732 769 770
3 732 768 769
3 733 770 734
3 769 805 806
3 846 809 808
3 770 769 806
3 843 806 805
3 807 770 806
3 879 880 842
3 881 882 845
3 843 844 806
3 917 879 916
3 735 772 773
3 735 734 771
3 772 810 773
3 809 846 847
3 772 809 810
3 772 771 809
3 846 808 845
3 809 771 808
3 736 698 735
3 736 699 698
3 735 697 734
3 698 661 697
3 697 733 734
3 696 732 733
3 770 771 734
3 770 807 771
3 661 699 662
3 736 737 699
3 738 702 701
3 703 666 702
3 774 737 773
3 700 699 737
3 812 849 850
3 739 702 738
3 739 703 702
3 776 739 738
3 740 703 739
3 776 812 813
3 777 740 776
3 813 777 776
3 813 814 777
3 738 775 776
3 850 851 813
3 776 775 812
3 812 811 848
3 850 849 886
3 850 813 812
3 737 774 738
3 811 810 847
3 738 774 775
3 773 810 774
3 774 811 775
3 774 810 811
3 848 811 847
3 812 775 811
3 849 848 886
3 849 812 848
3 923 885 922
3 848 847 885
3 960 923 922
3 885 847 884
3 995 1031 1032
3 922 885 921
3 885 923 886
3 888 851 887
3 925 888 887
3 959 960 922
3 924 887 923
3 961 960 997
3 961 924 960
3 999 962 998
3 995 996 959
3 997 960 959
3 1035 999 998
3 1034 1035 998
3 1034 1072 1035
3 994 995 957
3 959 922 921
3 995 959 958
3 996 997 959
3 1069 1070 1033
3 1034 996 1033
3 1034 1070 1071
3 1068 1031 1030
3 918 956 919
3 993 1030 994
3 1031 995 994
3 1033 996 995
3 1033 1032 1069
3 1033 995 1032
3 1031 1069 1032
3 1107 1144 1108
3 882 883 846
3 921 885 884
3 920 882 919
3 846 845 882
3 920 883 882
3 884 846 883
3 957 920 919
3 921 883 920
3 843 881 844
3 917 916 954
3 843 880 881
3 843 842 880
3 880 917 881
3 880 879 917
3 882 918 919
3 917 954 918
3 954 955 918
3 992 993 955
3 955 993 956
3 992 1030 993
3 992 991 1029
3 992 954 991
3 1065 1028 1027
3 991 990 1028
3 1066 1065 1103
3 1027 1064 1065
3 1102 1101 1138
3 1102 1065 1101
3 1177 1140 1176
3 1140 1103 1139
3 1174 1211 1175
3 1138 1101 1100
3 1213 1177 1176
3 1140 1104 1103
3 1136 1174 1137
3 1211 1212 1175
3 1178 1140 1177
3 1176 1175 1213
3 1212 1213 1175
3 1214 1215 1178
3 1176 1140 1139
3 1177 1214 1178
3 1216 1179 1215
3 1142 1105 1141
3 1142 1179 1180
3 1178 1215 1179
3 1287 1325 1288
3 1105 1067 1104
3 1068 1030 1067
3 1030 1066 1067
3 1029 1065 1066
3 1141 1105 1104
3 1142 1143 1106
3 1142 1141 1178
3 1104 1140 1141
3 1105 1068 1067
3 1105 1106 1068
3 1068 1106 1069
3 1105 1142 1106
3 1069 1107 1070
3 1106 1144 1107
3 1145 1146 1109
3 1109 1110 1072
3 1108 1109 1072
3 1144 1145 1108
3 1146 1110 1109
3 1183 1184 1147
3 1147 1110 1146
3 1181 1145 1144
3 1181 1182 1145
3 1221 1184 1183
3 1219 1220 1182
3 1220 1221 1183
3 1182 1220 1183
3 1257 1256 1294
3 1258 1221 1257
3 1106 1143 1144
3 1142 1180 1143
3 1146 1182 1183
3 1181 1218 1182
3 1180 1217 1181
3 1180 1179 1217
3 1217 1218 1181
3 1217 1216 1254
3 1290 1291 1254
3 1291 1292 1255
3 1254 1255 1218
3 1291 1328 1329
3 1330 1294 1293
3 1294 1295 1257
3 1254 1291 1255
3 1254 1253 1290
3 1218 1219 1182
3 1256 1257 1219
3 1220 1257 1221
3 1256 1293 1294
3 1295 1258 1257
3 1332 1295 1294
3 1330 1331 1294
3 1331 1332 1294
3 1369 1332 1331
3 1367 1331 1330
3 1368 1369 1331
3 1330 1292 1329
3 1293 1255 1292
3 1292 1330 1293
3 1329 1366 1367
3 1367 1330 1329
3 1368 1331 1367
3 1289 1326 1327
3 1325 1287 1324
3 1289 1288 1326
3 1250 1251 1213
3 1326 1363 1327
3 1363 1364 1327
3 1251 1288 1252
3 1288 1289 1252
3 1326 1288 1325
3 1252 1214 1251
3 1328 1290 1327
3 1253 1252 1289
3 1289 1290 1253
3 1289 1327 1290
3 1247 1285 1248
3 1250 1287 1251
3 1213 1251 1214
3 1213 1212 1250
3 1249 1250 1212
3 1249 1287 1250
3 1211 1248 1212
3 1286 1287 1249
3 1324 1286 1323
3 1249 1212 1248
3 1324 1287 1286
3 1288 1251 1287
3 1361 1324 1323
3 1361 1362 1324
3 1325 1362 1363
3 1325 1324 1362
3 1247 1284 1285
3 1283 1320 1321
3 1322 1285 1284
3 1322 1323 1285
3 1321 1284 1283
3 1322 1359 1360
3 1322 1358 1359
3 1320 1319 1356
3 1283 1282 1319
3 1358 1321 1357
3 1283 1319 1320
3 1357 1321 1320
3 1358 1322 1321
3 1320 1356 1357
3 1319 1318 1356
3 1244 1245 1207
3 1246 1283 1284
3 1207 1245 1208
3 1282 1283 1246
3 1243 1244 1206
3 1281 1282 1245
3 1280 1281 1244
3 1318 1282 1281
3 1173 1209 1210
3 1208 1245 1209
3 1247 1248 1211
3 1285 1286 1248
3 1210 1247 1211
3 1210 1209 1246
3 1282 1246 1245
3 1284 1247 1246
3 1173 1136 1135
3 1100 1101 1064
3 1209 1173 1172
3 1060 1061 1024
3 1172 1173 1135
3 1210 1211 1174
3 1137 1174 1175
3 1173 1210 1174
3 1024 1062 1025
3 1100 1137 1138
3 1026 1062 1063
3 1096 1059 1095
3 1062 1100 1063
3 1062 1099 1100
3 1136 1099 1135
3 1136 1100 1099
3 1097 1060 1059
3 1024 1023 1060
3 1062 1061 1099
3 1062 1024 1061
3 1099 1098 1135
3 1061 1060 1098
3 1096 1097 1059
3 1133 1134 1097
3 1132 1133 1095
3 1134 1171 1172
3 1095 1133 1096
3 1170 1171 1134
3 1097 1134 1135
3 1133 1170 1134
3 1134 1172 1135
3 1171 1209 1172
3 1133 1132 1169
3 1095 1058 1057
3 1205 1168 1167
3 1018 1056 1019
3 1133 1169 1170
3 1132 1168 1169
3 1242 1206 1205
3 1206 1207 1170
3 1059 1058 1095
3 1059 1022 1058
3 1132 1095 1094
3 1094 1095 1057
3 1132 1094 1131
3 1056 1020 1019
3 1132 1131 1168
3 1093 1056 1092
3 1056 1055 1092
3 1018 1017 1054
3 1057 1056 1094
3 1057 1020 1056
3 1054 1091 1055
3 1130 1131 1094
3 1056 1093 1094
3 1092 1129 1093
3 1129 1130 1093
3 1167 1168 1130
3 1166 1129 1128
3 1166 1130 1129
3 1164 1165 1127
3 1129 1092 1091
3 1165 1166 1128
3 1167 1130 1166
3 1204 1203 1240
3 1167 1166 1203
3 1242 1204 1241
3 1167 1203 1204
3 1278 1240 1277
3 1241 1204 1240
3 1315 1278 1314
3 1239 1202 1238
3 1204 1242 1205
3 1244 1207 1206
3 1278 1279 1242
3 1243 1206 1242
3 1241 1278 1242
3 1280 1244 1243
3 1242 1279 1243
3 1318 1281 1280
3 1315 1316 1278
3 1317 1354 1318
3 1316 1353 1317
3 1354 1355 1318
3 1279 1316 1317
3 1353 1354 1317
3 1278 1316 1279
3 1352 1353 1316
3 1240 1278 1241
3 1277 1314 1278
3 1276 1313 1277
3 1350 1351 1313
3 1351 1315 1314
3 1352 1316 1315
3 1315 1351 1352
3 1314 1313 1351
3 1237 1275 1238
3 1276 1312 1313
3 1274 1311 1275
3 1312 1349 1313
3 1237 1274 1275
3 1349 1350 1313
3 1311 1348 1312
3 1237 1238 1201
3 1275 1276 1238
3 1203 1239 1240
3 1238 1276 1239
3 1200 1199 1236
3 1307 1271 1270
3 1236 1274 1237
3 1273 1311 1274
3 1201 1200 1237
3 1233 1196 1195
3 1310 1273 1309
3 1198 1161 1160
3 1309 1273 1272
3 1274 1236 1273
3 1347 1348 1310
3 1312 1275 1311
3 1347 1310 1309
3 1311 1273 1310
3 1347 1309 1346
3 1272 1271 1308
3 1348 1311 1310
3 1349 1312 1348
3 1307 1308 1271
3 1345 1309 1308
3 1345 1307 1344
3 1270 1269 1306
3 1307 1270 1306
3 1309 1345 1346
3 1308 1307 1345
3 1230 1268 1231
3 1306 1343 1307
3 1232 1268 1269
3 1268 1305 1306
3 1341 1342 1304
3 1342 1343 1306
3 1271 1235 1234
3 1158 1157 1194
3 1194 1195 1158
3 1232 1233 1195
3 1192 1230 1193
3 1232 1195 1231
3 1268 1232 1231
3 1269 1270 1233
3 1235 1197 1234
3 1161 1124 1160
3 1272 1235 1271
3 1197 1196 1234
3 1236 1235 1272
3 1199 1162 1161
3 1269 1233 1232
3 1234 1196 1233
3 1122 1160 1123
3 1124 1125 1088
3 1197 1160 1196
3 1123 1085 1122
3 1235 1198 1197
3 1124 1123 1160
3 1197 1198 1160
3 1235 1236 1199
3 1157 1158 1121
3 1195 1196 1158
3 1122 1159 1160
3 1158 1196 1159
3 1084 1083 1120
3 1193 1231 1194
3 1193 1194 1157
3 1231 1195 1194
3 1084 1085 1047
3 902 940 903
3 1120 1046 1082
3 1047 1010 1046
3 1120 1083 1046
3 1084 1047 1083
3 1118 1119 1082
3 1157 1121 1120
3 1049 1012 1048
3 1051 1052 1015
3 1085 1049 1048
3 1087 1050 1049
3 1121 1085 1084
3 1086 1049 1085
3 1123 1086 1085
3 1123 1087 1086
3 1014 1051 1015
3 1050 1088 1051
3 1049 1050 1012
3 1087 1088 1050
3 1051 1088 1089
3 1087 1124 1088
3 1162 1125 1161
3 1089 1088 1125
3 1202 1165 1164
3 1126 1125 1163
3 1163 1162 1199
3 1163 1125 1162
3 1235 1199 1198
3 1236 1237 1200
3 1164 1200 1201
3 1163 1199 1200
3 1200 1164 1163
3 1127 1090 1126
3 1163 1164 1126
3 1053 1091 1054
3 1202 1164 1201
3 1127 1126 1164
3 1127 1165 1128
3 1202 1203 1165
3 1016 1053 1017
3 1053 1090 1091
3 1017 1053 1054
3 1052 1089 1053
3 1128 1091 1127
3 1053 1089 1090
3 1055 1091 1092
3 1090 1127 1091
3 907 906 944
3 942 979 980
3 944 980 981
3 943 942 980
3 941 978 942
3 1016 1017 980
3 1015 1016 979
3 1015 1053 1016
3 906 907 869
3 791 829 792
3 942 978 979
3 940 977 978
3 1015 977 1014
3 974 938 937
3 940 976 977
3 1050 1051 1014
3 905 869 868
3 795 796 758
3 904 867 866
3 792 755 754
3 941 903 940
3 865 828 864
3 941 904 903
3 941 942 905
3 904 905 867
3 832 796 795
3 833 869 870
3 868 867 905
3 941 905 904
3 942 943 906
3 942 906 905
3 943 944 906
3 721 758 759
3 796 759 758
3 757 795 758
3 831 869 832
3 793 794 757
3 831 832 794
3 796 832 833
3 795 794 832
3 646 684 647
3 683 720 684
3 646 683 684
3 719 718 755
3 756 720 719
3 757 758 720
3 684 721 722
3 720 758 721
3 682 719 720
3 682 718 719
3 755 793 756
3 757 720 756
3 755 792 793
3 794 795 757
3 866 830 829
3 831 868 869
3 756 793 757
3 792 829 793
3 791 828 829
3 866 867 830
3 829 830 793
3 867 868 830
3 830 831 794
3 830 868 831
3 827 790 826
3 791 753 790
3 827 828 790
3 865 829 828
3 863 864 827
3 865 866 829
3 900 901 864
3 902 866 865
3 716 679 715
3 680 642 679
3 680 717 718
3 716 754 717
3 754 716 753
3 717 680 716
3 753 791 754
3 790 828 791
3 677 715 678
3 751 788 752
3 752 714 751
3 677 676 714
3 715 752 753
3 715 714 752
3 753 789 790
3 752 788 789
3 789 825 826
3 788 751 787
3 825 824 862
3 825 788 824
3 863 827 826
3 864 828 827
3 825 863 826
3 862 898 899
3 862 899 863
3 901 938 902
3 935 973 936
3 900 863 899
3 974 975 938
3 938 939 902
3 899 936 937
3 899 898 936
3 866 902 903
3 974 937 936
3 865 901 902
3 900 937 901
3 937 938 901
3 976 1013 977
3 940 939 976
3 940 902 939
3 938 976 939
3 975 1013 976
3 1013 975 1012
3 976 938 975
3 1050 1013 1012
3 1014 977 1013
3 1047 1011 1010
3 1048 1012 1011
3 1011 974 973
3 1011 975 974
3 1011 973 1010
3 974 936 973
3 934 933 971
3 1009 1010 972
3 971 1008 972
3 1046 1010 1009
3 898 897 935
3 823 824 786
3 1006 1007 970
3 971 935 934
3 969 1006 970
3 972 935 971
3 1009 1008 1045
3 971 970 1008
3 894 893 931
3 968 967 1005
3 894 857 893
3 929 966 930
3 930 967 931
3 1004 966 1003
3 1005 1006 969
3 1005 1042 1043
3 821 820 858
3 855 818 817
3 897 860 896
3 859 858 896
3 932 895 931
3 896 858 895
3 895 894 931
3 895 857 894
3 897 861 860
3 860 823 859
3 823 861 824
3 898 862 861
3 896 860 859
3 896 934 897
3 935 897 934
3 898 861 897
3 786 787 749
3 824 788 787
3 822 786 785
3 824 787 786
3 748 784 785
3 745 709 708
3 859 823 822
3 860 861 823
3 747 711 710
3 712 674 711
3 712 749 750
3 712 711 749
3 748 747 784
3 710 709 746
3 749 748 785
3 749 711 748
3 673 672 709
3 636 635 672
3 711 673 710
3 636 672 673
3 673 709 710
3 672 671 709
3 745 746 709
3 747 710 746
3 785 784 821
3 747 746 783
3 820 783 782
3 784 747 783
3 819 782 781
3 783 746 782
3 858 820 857
3 821 783 820
3 743 744 707
3 745 782 746
3 780 781 744
3 855 854 891
3 780 818 781
3 856 820 819
3 781 818 819
3 780 779 816
3 669 670 633
3 669 706 707
3 669 707 670
3 744 745 707
3 707 745 708
3 781 782 745
3 706 743 707
3 742 779 743
3 631 667 668
3 668 706 669
3 668 667 705
3 668 705 706
3 704 741 742
3 667 704 705
3 705 742 743
3 705 704 742
3 779 741 778
3 778 816 779
3 892 891 928
3 853 815 852
3 816 778 815
3 815 853 816
3 852 889 890
3 817 854 855
3 853 890 854
3 927 963 964
3 926 890 889
3 928 891 890
3 780 817 818
3 816 853 817
3 820 856 857
3 819 818 856
3 930 893 929
3 856 818 855
3 856 893 857
3 855 892 893
3 893 892 929
3 855 891 892
3 931 967 968
3 930 966 967
3 1042 1004 1041
3 967 966 1004
3 928 965 966
3 1002 1001 1039
3 963 1000 964
3 890 927 928
3 926 963 927
3 1001 1038 1039
3 1001 1002 965
3 1003 966 965
3 1037 1038 1001
3 1074 1038 1037
3 1075 1038 1074
3 1148 1112 1111
3 1149 1113 1112
3 1112 1075 1111
3 1185 1149 1148
3 1149 1150 1113
3 1185 1186 1149
3 1186 1150 1149
3 1222 1223 1185
3 1187 1150 1186
3 1040 1077 1041
3 1113 1150 1151
3 1115 1114 1151
3 1077 1113 1114
3 1153 1117 1116
3 1078 1114 1115
3 1115 1151 1152
3 1114 1113 1151
3 964 1001 965
3 1039 1040 1002
3 1000 1001 964
3 1000 1037 1001
3 1003 1040 1004
3 1039 1076 1040
3 1113 1076 1075
3 1077 1040 1076
3 1004 1042 1005
3 1078 1115 1116
3 1005 1043 1006
3 1042 1079 1043
3 1041 1079 1042
3 1117 1118 1080
3 1041 1078 1079
3 1041 1077 1078
3 1043 1007 1006
3 1044 1080 1081
3 1009 1045 1046
3 1044 1043 1080
3 1007 1044 1045
3 1007 1043 1044
3 1118 1081 1080
3 1118 1082 1081
3 1079 1117 1080
3 1155 1193 1156
3 1082 1119 1120
3 1118 1155 1119
3 1117 1154 1118
3 1155 1154 1191
3 1157 1156 1193
3 1157 1119 1156
3 1078 1116 1079
3 1188 1189 1151
3 1079 1116 1117
3 1115 1152 1116
3 1152 1153 1116
3 1155 1118 1154
3 1154 1153 1190
3 1154 1117 1153
3 1191 1190 1228
3 1153 1152 1190
3 1229 1191 1228
3 1192 1155 1191
3 1229 1265 1266
3 1227 1190 1189
3 1228 1227 1265
3 1263 1300 1264
3 1191 1229 1192
3 1228 1265 1229
3 1193 1230 1231
3 1229 1266 1230
3 1269 1268 1306
3 1230 1266 1267
3 1305 1267 1304
3 1268 1230 1267
3 1306 1305 1342
3 1268 1267 1305
3 1339 1340 1303
3 1342 1305 1304
3 1303 1302 1339
3 1340 1341 1304
3 1304 1303 1340
3 1265 1264 1302
3 1267 1303 1304
3 1266 1302 1303
3 1337 1338 1301
3 1301 1339 1302
3 1152 1189 1190
3 1189 1225 1226
3 1265 1227 1264
3 1226 1262 1263
3 1301 1300 1337
3 1301 1264 1300
3 1337 1299 1336
3 1262 1261 1299
3 1224 1225 1188
3 1189 1152 1151
3 1225 1189 1188
3 1226 1227 1189
3 1262 1225 1224
3 1262 1226 1225
3 1264 1227 1263
3 1228 1190 1227
3 1185 1223 1186
3 1262 1224 1261
3 1187 1186 1224
3 1223 1224 1186
3 1259 1223 1222
3 1259 1296 1260
3 1260 1296 1297
3 1298 1260 1297
3 1261 1224 1260
3 1299 1335 1336
3 1297 1334 1335
3 1297 1296 1334
# indices of nodes located on the boundary
1 2 3 4 5 6 7 8 9 10 11 12 13 14 15 16 17 18 19 20 21 22 23 24 25 26 27 28 29 30 31 32 33 34 35 36 37 38 74 75 111 112 148 149 185 186 222 223 259 260 296 297 333 334 370 371 407 408 444 445 481 482 518 519 555 556 592 593 629 630 666 667 703 704 740 741 777 778 814 815 851 852 888 889 925 926 962 963 999 1000 1036 1037 1073 1074 1110 1111 1147 1148 1184 1185 1221 1222 1258 1259 1295 1296 1332 1333 1334 1335 1336 1337 1338 1339 1340 1341 1342 1343 1344 1345 1346 1347 1348 1349 1350 1351 1352 1353 1354 1355 1356 1357 1358 1359 1360 1361 1362 1363 1364 1365 1366 1367 1368 1369 
