# domain type
Triangular
# nodal coordinates: number of nodes followed by the coordinates
196
0.0000000000000000 0.0000000000000000
0.0000000000000000 0.0769230769230769
0.0000000000000000 0.1538461538461539
0.0000000000000000 0.2307692307692308
0.0000000000000000 0.3076923076923077
0.0000000000000000 0.3846153846153846
0.0000000000000000 0.4615384615384616
0.0000000000000000 0.5384615384615384
0.0000000000000000 0.6153846153846154
0.0000000000000000 0.6923076923076923
0.0000000000000000 0.7692307692307693
0.0000000000000000 0.8461538461538461
0.0000000000000000 0.9230769230769231
0.0000000000000000 1.0000000000000000
0.0769230769230769 0.0000000000000000
0.0655065306921245 0.0683289789727172
0.0555254240514683 0.1734355997917350
0.0606074274629826 0.2455931810492585
0.0588058257279037 0.3138155612589814
0.0692989786072826 0.3592740641580198
0.0698598357272985 0.4653652342023056
0.0618048402849428 0.5418480068045824
0.0810382195752956 0.6006870509774132
0.0788995013693111 0.6693854374968994
0.0918988262884857 0.7915542066363281
0.0661532868043846 0.8543979765192213
0.1003515610498870 0.9151981801840934
0.0769230769230769 1.0000000000000000
0.1538461538461539 0.0000000000000000
0.1331214897715740 0.0529030155481955
0.1457349632275557 0.1590835347644032
0.1446817583819942 0.2506853927467524
0.1460958110019164 0.3105292073634693
0.1534211751042442 0.4071685472221309
0.1583434264745656 0.4551877775031730
0.1386574775474432 0.5387632397223675
0.1421812184469267 0.6044706288674256
0.1404973440646118 0.6765713271484245
0.1723060093028772 0.7760095750531087
0.1666521322756065 0.8689021111912012
0.1443612383397482 0.9032111422214316
0.1538461538461539 1.0000000000000000
0.2307692307692308 0.0000000000000000
0.2242125660361149 0.0957042302042363
0.2456248211091586 0.1585341440226196
0.2158160869677730 0.2300779424146606
0.2112845581144106 0.3090269642093397
0.2237194589482508 0.3606914873693545
0.2310112256845099 0.4576650197021310
0.2313849365083162 0.5212966375743464
0.2492009481768946 0.6074646451760306
0.2075224620888949 0.6983341638651753
0.2411035754453476 0.7477894410243255
0.2463103824365379 0.8525031652702368
0.2106444078394800 0.9167041447710034
0.2307692307692308 1.0000000000000000
0.3076923076923077 0.0000000000000000
0.3111404820339726 0.0806689083150711
0.3272735798416856 0.1382027202363420
0.3290124919278297 0.2456117589929689
0.3195919151019286 0.3102278953356096
0.3261437977799671 0.3836996756778889
0.3232515349760939 0.4702863123516209
0.2960367216303876 0.5555844559731635
0.3144369943372556 0.6304419849642963
0.2838333102282465 0.6669445650512896
0.2892241606675746 0.7470612033081027
0.2837702795537649 0.8478227587500970
0.3013063591067801 0.9344979527795005
0.3076923076923077 1.0000000000000000
0.3846153846153846 0.0000000000000000
0.3634309268788873 0.0665752959536400
0.3856011618061059 0.1313148799914980
0.3839094851668084 0.2409049984497946
0.3772862514946519 0.2834677929841721
0.4067075505975616 0.3689386734624633
0.3820216350040777 0.4395164736490622
0.3628062451740667 0.5200784698571376
0.3646630835940960 0.6382547966682788
0.4016636273647863 0.6940165448631427
0.3760981034980267 0.7490113095311643
0.4015604185732969 0.8692540018101589
0.3633635479261103 0.9081736213596643
0.3846153846153846 1.0000000000000000
0.4615384615384616 0.0000000000000000
0.4484170353873932 0.0834360156138720
0.4513799452896144 0.1486534382411579
0.4670562180074840 0.2312204829956767
0.4723272798039684 0.3330126922582263
0.4793179509732488 0.3792362591134117
0.4522992669790670 0.4594291238595593
0.4806950795466347 0.5282960270112482
0.4838888265434517 0.5978290990072470
0.4421629928085097 0.7038825667029426
0.4527456235437106 0.7682152199166447
0.4833674359177367 0.8571705114107010
0.4659058285175857 0.9479016716237076
0.4615384615384616 1.0000000000000000
0.5384615384615384 0.0000000000000000
0.5135360287835615 0.0965084495829554
0.5168268739045582 0.1407590572189307
0.5375284994457331 0.2141860804263016
0.5300413906462091 0.3012301967895859
0.5417891341389265 0.3617757174598408
0.5167686148216828 0.4767917148920142
0.5432914458899210 0.5496799893440032
0.5529258302196930 0.6078492378229020
0.5185135842344064 0.7059161681651915
0.5236347955443597 0.7548035544827226
0.5188200045757551 0.8358456335372930
0.5475725183940741 0.9486023014551447
0.5384615384615384 1.0000000000000000
0.6153846153846154 0.0000000000000000
0.6017903821312304 0.0574851026635009
0.6244022801084532 0.1583189693505341
0.6289009100335619 0.2102456337423417
0.5945341734813061 0.3075066862796978
0.6112909599977958 0.4084576478848297
0.6217821948200638 0.4533924564904163
0.6408830887794964 0.5458698427633933
0.6308351514323242 0.6393805930895454
0.6236128451676595 0.6978613313116365
0.6131771708760145 0.7531188058497358
0.6391053805701268 0.8245706614608479
0.5905145846510164 0.9214138642163250
0.6153846153846154 1.0000000000000000
0.6923076923076923 0.0000000000000000
0.6688946050627455 0.0706713553211354
0.6723611827207573 0.1757732134995555
0.6669273393879186 0.2113492075926700
0.6815009185161702 0.3282293930709562
0.7062565297931651 0.3630712266788386
0.7029506190261096 0.4451569848036940
0.7151370320164425 0.5613782986861275
0.7020522448361805 0.6251249116181339
0.6735727627850845 0.6718569951172448
0.6699535814220415 0.7619141802970846
0.7045172453454235 0.8616642956185929
0.7113992358334112 0.9035049468680245
0.6923076923076923 1.0000000000000000
0.7692307692307693 0.0000000000000000
0.7876478452201134 0.0879572667387965
0.7744866760218105 0.1644892341436159
0.7637806254141009 0.2342521040469430
0.7834358816638004 0.2949699899814351
0.7712472375614733 0.3813777150415586
0.7576688333197086 0.4385553762716704
0.7541498536711203 0.5162462329772225
0.7780215849746843 0.5956385015808847
0.7527483410704915 0.6889473287939969
0.7659395798666349 0.7447573988437801
0.7769253594003953 0.8215415455544132
0.7901979898057984 0.9242066031896018
0.7692307692307693 1.0000000000000000
0.8461538461538461 0.0000000000000000
0.8522414252936718 0.0684018868418295
0.8620279375569704 0.1354966747348239
0.8421182451856096 0.2459941391783495
0.8709155728204985 0.2898286440882790
0.8533181138206392 0.3934322194689630
0.8327782328337574 0.4570131063540396
0.8582964683913753 0.5403953343946090
0.8711969729587499 0.6140239634584620
0.8329077041255160 0.7072038278733402
0.8514021659899008 0.7467364539537468
0.8637029498410368 0.8448205368860463
0.8466789056238203 0.9211347518720016
0.8461538461538461 1.0000000000000000
0.9230769230769231 0.0000000000000000
0.9038430423311673 0.0611275153395276
0.9360253139413393 0.1473731646194769
0.9120899487599192 0.2184167221417835
0.9387079263669152 0.3102535097189176
0.9196924304014837 0.4092059980889228
0.9073486972529443 0.4530125728210754
0.9070294428561222 0.5264377181590769
0.9074028392945047 0.6095307763191954
0.9441199334842918 0.6711014925938698
0.9065237575634438 0.7773049656686558
0.9033332992145917 0.8547491838076348
0.9394666762803920 0.9048073493763840
0.9230769230769231 1.0000000000000000
1.0000000000000000 0.0000000000000000
1.0000000000000000 0.0769230769230769
1.0000000000000000 0.1538461538461539
1.0000000000000000 0.2307692307692308
1.0000000000000000 0.3076923076923077
1.0000000000000000 0.3846153846153846
1.0000000000000000 0.4615384615384616
1.0000000000000000 0.5384615384615384
1.0000000000000000 0.6153846153846154
1.0000000000000000 0.6923076923076923
1.0000000000000000 0.7692307692307693
1.0000000000000000 0.8461538461538461
1.0000000000000000 0.9230769230769231
1.0000000000000000 1.0000000000000000
# element connectivity: number of elements followed by the connectivity
338
3 46 60 61
3 22 21 36
3 22 8 21
3 13 27 28
3 83 69 68
3 51 66 52
3 25 40 26
3 82 95 96
3 79 64 78
3 42 41 55
3 17 31 32
3 127 141 128
3 121 107 120
3 48 61 62
3 161 160 175
3 6 21 7
3 131 130 144
3 60 75 61
3 89 75 88
3 47 46 61
3 114 128 115
3 73 72 86
3 86 100 87
3 34 35 21
3 106 92 105
3 40 39 54
3 19 18 32
3 75 89 76
3 66 80 81
3 62 76 77
3 92 93 78
3 21 8 7
3 26 41 27
3 24 23 37
3 13 26 27
3 81 80 94
3 27 41 42
3 41 26 40
3 54 68 69
3 124 110 123
3 55 54 69
3 37 51 52
3 65 79 66
3 35 49 50
3 63 78 64
3 68 81 82
3 80 79 93
3 107 93 106
3 108 94 93
3 109 108 123
3 94 80 93
3 111 96 110
3 125 140 126
3 118 119 105
3 167 181 182
3 152 138 137
3 165 151 164
3 122 108 107
3 179 166 165
3 134 120 133
3 178 192 193
3 166 167 153
3 147 146 161
3 74 75 60
3 178 163 177
3 150 151 137
3 161 176 162
3 77 91 78
3 146 160 161
3 149 164 150
3 128 141 142
3 131 132 118
3 102 101 115
3 100 85 99
3 100 114 101
3 129 143 144
3 102 88 101
3 101 114 115
3 186 172 171
3 158 143 157
3 170 169 184
3 17 18 4
3 1 15 16
3 2 16 3
3 58 44 43
3 3 16 17
3 58 57 72
3 16 30 31
3 30 29 44
3 17 16 31
3 2 1 16
3 31 30 44
3 16 15 30
3 30 15 29
3 44 29 43
3 72 57 71
3 58 43 57
3 86 72 71
3 59 45 58
3 86 71 85
3 86 87 73
3 87 88 74
3 87 100 101
3 86 85 100
3 60 45 59
3 31 44 45
3 73 59 72
3 45 44 58
3 72 59 58
3 59 74 60
3 91 90 105
3 35 36 21
3 48 47 61
3 59 73 74
3 87 74 73
3 87 101 88
3 117 118 104
3 75 74 88
3 119 120 106
3 77 78 63
3 104 118 105
3 105 92 91
3 49 48 62
3 46 32 31
3 49 62 63
3 61 75 76
3 61 76 62
3 89 90 76
3 6 5 20
3 46 31 45
3 33 47 48
3 33 32 47
3 19 32 33
3 18 17 32
3 60 46 45
3 47 32 46
3 3 17 4
3 4 18 5
3 34 33 48
3 5 19 20
3 5 18 19
3 6 20 21
3 19 33 20
3 37 23 36
3 23 9 22
3 36 23 22
3 20 34 21
3 20 33 34
3 48 49 34
3 50 64 51
3 24 37 38
3 50 49 63
3 37 52 38
3 66 67 53
3 8 22 9
3 23 24 9
3 39 53 54
3 10 9 24
3 24 11 10
3 39 38 52
3 11 26 12
3 11 24 25
3 12 26 13
3 13 28 14
3 27 42 28
3 55 56 42
3 11 25 26
3 24 38 25
3 41 40 55
3 53 52 66
3 25 39 40
3 25 38 39
3 40 54 55
3 84 83 97
3 53 68 54
3 67 81 68
3 55 69 56
3 68 82 83
3 69 70 56
3 69 84 70
3 97 98 84
3 97 83 82
3 84 69 83
3 82 81 95
3 67 66 81
3 82 96 97
3 95 108 109
3 93 79 78
3 80 66 79
3 95 94 108
3 95 81 94
3 68 53 67
3 39 52 53
3 36 50 37
3 64 65 51
3 51 65 66
3 64 79 65
3 64 50 63
3 35 34 49
3 37 50 51
3 36 35 50
3 62 77 63
3 76 90 91
3 78 91 92
3 77 76 91
3 104 105 90
3 119 106 105
3 107 106 120
3 93 92 106
3 135 136 121
3 108 93 107
3 149 150 135
3 122 123 108
3 162 149 148
3 135 120 134
3 150 136 135
3 137 138 124
3 134 149 135
3 164 151 150
3 150 137 136
3 110 96 95
3 121 122 107
3 136 137 122
3 135 121 120
3 136 122 121
3 124 125 110
3 125 126 111
3 110 109 123
3 110 95 109
3 97 112 98
3 97 96 111
3 112 111 126
3 112 97 111
3 140 125 139
3 111 110 125
3 139 154 140
3 137 124 123
3 138 125 124
3 122 137 123
3 138 139 125
3 151 152 137
3 152 165 166
3 153 167 168
3 153 139 152
3 179 180 166
3 180 167 166
3 139 153 154
3 139 138 152
3 153 168 154
3 167 182 168
3 181 195 182
3 194 180 179
3 181 167 180
3 181 180 194
3 182 195 196
3 181 194 195
3 178 165 164
3 193 179 178
3 165 152 151
3 166 153 152
3 178 179 165
3 193 194 179
3 163 178 164
3 191 192 178
3 148 149 134
3 162 163 149
3 149 163 164
3 162 176 177
3 189 190 176
3 177 163 162
3 190 177 176
3 191 178 177
3 191 177 190
3 175 174 189
3 175 189 176
3 157 172 158
3 187 188 173
3 172 186 173
3 158 145 144
3 159 173 160
3 158 159 145
3 174 188 189
3 148 161 162
3 148 133 147
3 161 175 176
3 160 173 174
3 160 174 175
3 173 188 174
3 147 133 132
3 148 134 133
3 145 146 132
3 161 148 147
3 89 103 104
3 132 133 118
3 133 119 118
3 133 120 119
3 88 103 89
3 117 131 118
3 89 104 90
3 103 117 104
3 102 117 103
3 144 143 158
3 102 116 117
3 145 132 131
3 132 146 147
3 145 160 146
3 117 130 131
3 115 128 129
3 131 144 145
3 130 129 144
3 116 102 115
3 103 88 102
3 129 116 115
3 130 117 116
3 114 99 113
3 114 100 99
3 113 128 114
3 155 169 170
3 116 129 130
3 128 143 129
3 113 127 128
3 142 141 155
3 156 155 170
3 171 170 184
3 157 142 156
3 143 142 157
3 143 128 142
3 157 156 170
3 142 155 156
3 145 159 160
3 158 172 159
3 159 172 173
3 187 173 186
3 157 171 172
3 157 170 171
3 169 183 184
3 171 185 186
3 171 184 185
# indices of nodes located on the boundary
1 2 3 4 5 6 7 8 9 10 11 12 13 14 15 28 29 42 43 56 57 70 71 84 85 98 99 112 113 126 127 140 141 154 155 168 169 182 183 184 185 186 187 188 189 190 191 192 193 194 195 196 
