# domain type
Triangular
# nodal coordinates: number of nodes followed by the coordinates
391
0.0000000000000000 0.0000000000000000
0.2000000000000000 0.0000000000000000
0.4000000000000000 0.0000000000000000
0.6000000000000001 0.0000000000000000
0.8000000000000000 0.0000000000000000
1.0000000000000000 0.0000000000000000
0.0000000000000000 0.0285714285714286
0.2000000000000000 0.0285714285714286
0.4000000000000000 0.0285714285714286
0.6000000000000001 0.0285714285714286
0.8000000000000000 0.0285714285714286
1.0000000000000000 0.0285714285714286
0.0000000000000000 0.0571428571428571
0.2000000000000000 0.0571428571428571
0.4000000000000000 0.0571428571428571
0.6000000000000001 0.0571428571428571
0.8000000000000000 0.0571428571428571
1.0000000000000000 0.0571428571428571
0.0000000000000000 0.0857142857142857
0.2000000000000000 0.0857142857142857
0.4000000000000000 0.0857142857142857
0.6000000000000001 0.0857142857142857
0.8000000000000000 0.0857142857142857
1.0000000000000000 0.0857142857142857
0.0000000000000000 0.1142857142857143
0.2000000000000000 0.1142857142857143
0.4000000000000000 0.1142857142857143
0.6000000000000001 0.1142857142857143
0.8000000000000000 0.1142857142857143
1.0000000000000000 0.1142857142857143
0.0000000000000000 0.1428571428571428
0.2000000000000000 0.1428571428571428
0.4000000000000000 0.1428571428571428
0.6000000000000001 0.1428571428571428
0.8000000000000000 0.1428571428571428
1.0000000000000000 0.1428571428571428
0.0000000000000000 0.1714285714285714
0.2000000000000000 0.1714285714285714
0.4000000000000000 0.1714285714285714
0.6000000000000001 0.1714285714285714
0.8000000000000000 0.1714285714285714
1.0000000000000000 0.1714285714285714
0.0000000000000000 0.2000000000000000
0.2000000000000000 0.2000000000000000
0.4000000000000000 0.2000000000000000
0.6000000000000001 0.2000000000000000
0.8000000000000000 0.2000000000000000
1.0000000000000000 0.2000000000000000
0.0000000000000000 0.2285714285714286
0.2000000000000000 0.2285714285714286
0.4000000000000000 0.2285714285714286
0.6000000000000001 0.2285714285714286
0.8000000000000000 0.2285714285714286
1.0000000000000000 0.2285714285714286
0.0000000000000000 0.2571428571428571
0.2000000000000000 0.2571428571428571
0.4000000000000000 0.2571428571428571
0.6000000000000001 0.2571428571428571
0.8000000000000000 0.2571428571428571
1.0000000000000000 0.2571428571428571
0.0000000000000000 0.2857142857142857
0.2000000000000000 0.2857142857142857
0.4000000000000000 0.2857142857142857
0.6000000000000001 0.2857142857142857
0.8000000000000000 0.2857142857142857
1.0000000000000000 0.2857142857142857
0.0000000000000000 0.3142857142857143
0.2000000000000000 0.3142857142857143
0.4000000000000000 0.3142857142857143
0.6000000000000001 0.3142857142857143
0.8000000000000000 0.3142857142857143
1.0000000000000000 0.3142857142857143
0.0000000000000000 0.3428571428571429
0.2000000000000000 0.3428571428571429
0.4000000000000000 0.3428571428571429
0.6000000000000001 0.3428571428571429
0.8000000000000000 0.3428571428571429
1.0000000000000000 0.3428571428571429
0.0000000000000000 0.3714285714285714
0.2000000000000000 0.3714285714285714
0.4000000000000000 0.3714285714285714
0.6000000000000001 0.3714285714285714
0.8000000000000000 0.3714285714285714
1.0000000000000000 0.3714285714285714
0.0000000000000000 0.4000000000000000
0.2000000000000000 0.4000000000000000
0.4000000000000000 0.4000000000000000
0.6000000000000001 0.4000000000000000
0.8000000000000000 0.4000000000000000
1.0000000000000000 0.4000000000000000
0.0000000000000000 0.4285714285714285
0.2000000000000000 0.4285714285714285
0.4000000000000000 0.4285714285714285
0.6000000000000001 0.4285714285714285
0.8000000000000000 0.4285714285714285
1.0000000000000000 0.4285714285714285
0.0000000000000000 0.4571428571428571
0.2000000000000000 0.4571428571428571
0.4000000000000000 0.4571428571428571
0.6000000000000001 0.4571428571428571
0.8000000000000000 0.4571428571428571
1.0000000000000000 0.4571428571428571
0.0000000000000000 0.4857142857142857
0.2000000000000000 0.4857142857142857
0.4000000000000000 0.4857142857142857
0.6000000000000001 0.4857142857142857
0.8000000000000000 0.4857142857142857
1.0000000000000000 0.4857142857142857
0.0000000000000000 0.5142857142857142
0.2000000000000000 0.5142857142857142
0.4000000000000000 0.5142857142857142
0.6000000000000001 0.5142857142857142
0.8000000000000000 0.5142857142857142
1.0000000000000000 0.5142857142857142
0.0000000000000000 0.5428571428571428
0.2000000000000000 0.5428571428571428
0.4000000000000000 0.5428571428571428
0.6000000000000001 0.5428571428571428
0.8000000000000000 0.5428571428571428
1.0000000000000000 0.5428571428571428
0.0000000000000000 0.5714285714285714
0.2000000000000000 0.5714285714285714
0.4000000000000000 0.5714285714285714
0.6000000000000001 0.5714285714285714
0.8000000000000000 0.5714285714285714
1.0000000000000000 0.5714285714285714
0.0000000000000000 0.6000000000000000
0.2000000000000000 0.6000000000000000
0.4000000000000000 0.6000000000000000
0.6000000000000001 0.6000000000000000
0.8000000000000000 0.6000000000000000
1.0000000000000000 0.6000000000000000
0.0000000000000000 0.6285714285714286
0.2000000000000000 0.6285714285714286
0.4000000000000000 0.6285714285714286
0.6000000000000001 0.6285714285714286
0.8000000000000000 0.6285714285714286
1.0000000000000000 0.6285714285714286
0.0000000000000000 0.6571428571428571
0.2000000000000000 0.6571428571428571
0.4000000000000000 0.6571428571428571
0.6000000000000001 0.6571428571428571
0.8000000000000000 0.6571428571428571
1.0000000000000000 0.6571428571428571
0.0000000000000000 0.6857142857142857
0.2000000000000000 0.6857142857142857
0.4000000000000000 0.6857142857142857
0.6000000000000001 0.6857142857142857
0.8000000000000000 0.6857142857142857
1.0000000000000000 0.6857142857142857
0.0000000000000000 0.7142857142857143
0.2000000000000000 0.7142857142857143
0.4000000000000000 0.7142857142857143
0.6000000000000001 0.7142857142857143
0.8000000000000000 0.7142857142857143
1.0000000000000000 0.7142857142857143
0.0000000000000000 0.7428571428571429
0.2000000000000000 0.7428571428571429
0.4000000000000000 0.7428571428571429
0.6000000000000001 0.7428571428571429
0.8000000000000000 0.7428571428571429
1.0000000000000000 0.7428571428571429
0.0000000000000000 0.7714285714285714
0.2000000000000000 0.7714285714285714
0.4000000000000000 0.7714285714285714
0.6000000000000001 0.7714285714285714
0.8000000000000000 0.7714285714285714
1.0000000000000000 0.7714285714285714
0.0000000000000000 0.7999999999999999
0.2000000000000000 0.7999999999999999
0.4000000000000000 0.7999999999999999
0.6000000000000001 0.7999999999999999
0.8000000000000000 0.7999999999999999
1.0000000000000000 0.7999999999999999
0.0000000000000000 0.8285714285714285
0.2000000000000000 0.8285714285714285
0.4000000000000000 0.8285714285714285
0.6000000000000001 0.8285714285714285
0.8000000000000000 0.8285714285714285
1.0000000000000000 0.8285714285714285
0.0000000000000000 0.8571428571428571
0.2000000000000000 0.8571428571428571
0.4000000000000000 0.8571428571428571
0.6000000000000001 0.8571428571428571
0.8000000000000000 0.8571428571428571
1.0000000000000000 0.8571428571428571
0.0000000000000000 0.8857142857142857
0.2000000000000000 0.8857142857142857
0.4000000000000000 0.8857142857142857
0.6000000000000001 0.8857142857142857
0.8000000000000000 0.8857142857142857
1.0000000000000000 0.8857142857142857
0.0000000000000000 0.9142857142857143
0.2000000000000000 0.9142857142857143
0.4000000000000000 0.9142857142857143
0.6000000000000001 0.9142857142857143
0.8000000000000000 0.9142857142857143
1.0000000000000000 0.9142857142857143
0.0000000000000000 0.9428571428571428
0.2000000000000000 0.9428571428571428
0.4000000000000000 0.9428571428571428
0.6000000000000001 0.9428571428571428
0.8000000000000000 0.9428571428571428
1.0000000000000000 0.9428571428571428
0.0000000000000000 0.9714285714285714
0.2000000000000000 0.9714285714285714
0.4000000000000000 0.9714285714285714
0.6000000000000001 0.9714285714285714
0.8000000000000000 0.9714285714285714
1.0000000000000000 0.9714285714285714
0.0000000000000000 1.0000000000000000
0.2000000000000000 1.0000000000000000
0.4000000000000000 1.0000000000000000
0.6000000000000001 1.0000000000000000
0.8000000000000000 1.0000000000000000
1.0000000000000000 1.0000000000000000
0.1000000000000000 0.0142857142857143
0.3000000000000000 0.0142857142857143
0.5000000000000000 0.0142857142857143
0.7000000000000001 0.0142857142857143
0.9000000000000000 0.0142857142857143
0.1000000000000000 0.0428571428571429
0.3000000000000000 0.0428571428571429
0.5000000000000000 0.0428571428571429
0.7000000000000001 0.0428571428571429
0.9000000000000000 0.0428571428571429
0.1000000000000000 0.0714285714285714
0.3000000000000000 0.0714285714285714
0.5000000000000000 0.0714285714285714
0.7000000000000001 0.0714285714285714
0.9000000000000000 0.0714285714285714
0.1000000000000000 0.1000000000000000
0.3000000000000000 0.1000000000000000
0.5000000000000000 0.1000000000000000
0.7000000000000001 0.1000000000000000
0.9000000000000000 0.1000000000000000
0.1000000000000000 0.1285714285714286
0.3000000000000000 0.1285714285714286
0.5000000000000000 0.1285714285714286
0.7000000000000001 0.1285714285714286
0.9000000000000000 0.1285714285714286
0.1000000000000000 0.1571428571428571
0.3000000000000000 0.1571428571428571
0.5000000000000000 0.1571428571428571
0.7000000000000001 0.1571428571428571
0.9000000000000000 0.1571428571428571
0.1000000000000000 0.1857142857142857
0.3000000000000000 0.1857142857142857
0.5000000000000000 0.1857142857142857
0.7000000000000001 0.1857142857142857
0.9000000000000000 0.1857142857142857
0.1000000000000000 0.2142857142857143
0.3000000000000000 0.2142857142857143
0.5000000000000000 0.2142857142857143
0.7000000000000001 0.2142857142857143
0.9000000000000000 0.2142857142857143
0.1000000000000000 0.2428571428571429
0.3000000000000000 0.2428571428571429
0.5000000000000000 0.2428571428571429
0.7000000000000001 0.2428571428571429
0.9000000000000000 0.2428571428571429
0.1000000000000000 0.2714285714285714
0.3000000000000000 0.2714285714285714
0.5000000000000000 0.2714285714285714
0.7000000000000001 0.2714285714285714
0.9000000000000000 0.2714285714285714
0.1000000000000000 0.3000000000000000
0.3000000000000000 0.3000000000000000
0.5000000000000000 0.3000000000000000
0.7000000000000001 0.3000000000000000
0.9000000000000000 0.3000000000000000
0.1000000000000000 0.3285714285714286
0.3000000000000000 0.3285714285714286
0.5000000000000000 0.3285714285714286
0.7000000000000001 0.3285714285714286
0.9000000000000000 0.3285714285714286
0.1000000000000000 0.3571428571428572
0.3000000000000000 0.3571428571428572
0.5000000000000000 0.3571428571428572
0.7000000000000001 0.3571428571428572
0.9000000000000000 0.3571428571428572
0.1000000000000000 0.3857142857142857
0.3000000000000000 0.3857142857142857
0.5000000000000000 0.3857142857142857
0.7000000000000001 0.3857142857142857
0.9000000000000000 0.3857142857142857
0.1000000000000000 0.4142857142857143
0.3000000000000000 0.4142857142857143
0.5000000000000000 0.4142857142857143
0.7000000000000001 0.4142857142857143
0.9000000000000000 0.4142857142857143
0.1000000000000000 0.4428571428571428
0.3000000000000000 0.4428571428571428
0.5000000000000000 0.4428571428571428
0.7000000000000001 0.4428571428571428
0.9000000000000000 0.4428571428571428
0.1000000000000000 0.4714285714285714
0.3000000000000000 0.4714285714285714
0.5000000000000000 0.4714285714285714
0.7000000000000001 0.4714285714285714
0.9000000000000000 0.4714285714285714
0.1000000000000000 0.5000000000000000
0.3000000000000000 0.5000000000000000
0.5000000000000000 0.5000000000000000
0.7000000000000001 0.5000000000000000
0.9000000000000000 0.5000000000000000
0.1000000000000000 0.5285714285714286
0.3000000000000000 0.5285714285714286
0.5000000000000000 0.5285714285714286
0.7000000000000001 0.5285714285714286
0.9000000000000000 0.5285714285714286
0.1000000000000000 0.5571428571428572
0.3000000000000000 0.5571428571428572
0.5000000000000000 0.5571428571428572
0.7000000000000001 0.5571428571428572
0.9000000000000000 0.5571428571428572
0.1000000000000000 0.5857142857142857
0.3000000000000000 0.5857142857142857
0.5000000000000000 0.5857142857142857
0.7000000000000001 0.5857142857142857
0.9000000000000000 0.5857142857142857
0.1000000000000000 0.6142857142857142
0.3000000000000000 0.6142857142857142
0.5000000000000000 0.6142857142857142
0.7000000000000001 0.6142857142857142
0.9000000000000000 0.6142857142857142
0.1000000000000000 0.6428571428571428
0.3000000000000000 0.6428571428571428
0.5000000000000000 0.6428571428571428
0.7000000000000001 0.6428571428571428
0.9000000000000000 0.6428571428571428
0.1000000000000000 0.6714285714285714
0.3000000000000000 0.6714285714285714
0.5000000000000000 0.6714285714285714
0.7000000000000001 0.6714285714285714
0.9000000000000000 0.6714285714285714
0.1000000000000000 0.7000000000000000
0.3000000000000000 0.7000000000000000
0.5000000000000000 0.7000000000000000
0.7000000000000001 0.7000000000000000
0.9000000000000000 0.7000000000000000
0.1000000000000000 0.7285714285714285
0.3000000000000000 0.7285714285714285
0.5000000000000000 0.7285714285714285
0.7000000000000001 0.7285714285714285
0.9000000000000000 0.7285714285714285
0.1000000000000000 0.7571428571428571
0.3000000000000000 0.7571428571428571
0.5000000000000000 0.7571428571428571
0.7000000000000001 0.7571428571428571
0.9000000000000000 0.7571428571428571
0.1000000000000000 0.7857142857142857
0.3000000000000000 0.7857142857142857
0.5000000000000000 0.7857142857142857
0.7000000000000001 0.7857142857142857
0.9000000000000000 0.7857142857142857
0.1000000000000000 0.8142857142857143
0.3000000000000000 0.8142857142857143
0.5000000000000000 0.8142857142857143
0.7000000000000001 0.8142857142857143
0.9000000000000000 0.8142857142857143
0.1000000000000000 0.8428571428571429
0.3000000000000000 0.8428571428571429
0.5000000000000000 0.8428571428571429
0.7000000000000001 0.8428571428571429
0.9000000000000000 0.8428571428571429
0.1000000000000000 0.8714285714285714
0.3000000000000000 0.8714285714285714
0.5000000000000000 0.8714285714285714
0.7000000000000001 0.8714285714285714
0.9000000000000000 0.8714285714285714
0.1000000000000000 0.9000000000000000
0.3000000000000000 0.9000000000000000
0.5000000000000000 0.9000000000000000
0.7000000000000001 0.9000000000000000
0.9000000000000000 0.9000000000000000
0.1000000000000000 0.9285714285714285
0.3000000000000000 0.9285714285714285
0.5000000000000000 0.9285714285714285
0.7000000000000001 0.9285714285714285
0.9000000000000000 0.9285714285714285
0.1000000000000000 0.9571428571428571
0.3000000000000000 0.9571428571428571
0.5000000000000000 0.9571428571428571
0.7000000000000001 0.9571428571428571
0.9000000000000000 0.9571428571428571
0.1000000000000000 0.9857142857142857
0.3000000000000000 0.9857142857142857
0.5000000000000000 0.9857142857142857
0.7000000000000001 0.9857142857142857
0.9000000000000000 0.9857142857142857
# element connectivity: number of elements followed by the connectivity
700
3 1 2 217 
3 2 8 217 
3 8 7 217 
3 7 1 217 
3 2 3 218 
3 3 9 218 
3 9 8 218 
3 8 2 218 
3 3 4 219 
3 4 10 219 
3 10 9 219 
3 9 3 219 
3 4 5 220 
3 5 11 220 
3 11 10 220 
3 10 4 220 
3 5 6 221 
3 6 12 221 
3 12 11 221 
3 11 5 221 
3 7 8 222 
3 8 14 222 
3 14 13 222 
3 13 7 222 
3 8 9 223 
3 9 15 223 
3 15 14 223 
3 14 8 223 
3 9 10 224 
3 10 16 224 
3 16 15 224 
3 15 9 224 
3 10 11 225 
3 11 17 225 
3 17 16 225 
3 16 10 225 
3 11 12 226 
3 12 18 226 
3 18 17 226 
3 17 11 226 
3 13 14 227 
3 14 20 227 
3 20 19 227 
3 19 13 227 
3 14 15 228 
3 15 21 228 
3 21 20 228 
3 20 14 228 
3 15 16 229 
3 16 22 229 
3 22 21 229 
3 21 15 229 
3 16 17 230 
3 17 23 230 
3 23 22 230 
3 22 16 230 
3 17 18 231 
3 18 24 231 
3 24 23 231 
3 23 17 231 
3 19 20 232 
3 20 26 232 
3 26 25 232 
3 25 19 232 
3 20 21 233 
3 21 27 233 
3 27 26 233 
3 26 20 233 
3 21 22 234 
3 22 28 234 
3 28 27 234 
3 27 21 234 
3 22 23 235 
3 23 29 235 
3 29 28 235 
3 28 22 235 
3 23 24 236 
3 24 30 236 
3 30 29 236 
3 29 23 236 
3 25 26 237 
3 26 32 237 
3 32 31 237 
3 31 25 237 
3 26 27 238 
3 27 33 238 
3 33 32 238 
3 32 26 238 
3 27 28 239 
3 28 34 239 
3 34 33 239 
3 33 27 239 
3 28 29 240 
3 29 35 240 
3 35 34 240 
3 34 28 240 
3 29 30 241 
3 30 36 241 
3 36 35 241 
3 35 29 241 
3 31 32 242 
3 32 38 242 
3 38 37 242 
3 37 31 242 
3 32 33 243 
3 33 39 243 
3 39 38 243 
3 38 32 243 
3 33 34 244 
3 34 40 244 
3 40 39 244 
3 39 33 244 
3 34 35 245 
3 35 41 245 
3 41 40 245 
3 40 34 245 
3 35 36 246 
3 36 42 246 
3 42 41 246 
3 41 35 246 
3 37 38 247 
3 38 44 247 
3 44 43 247 
3 43 37 247 
3 38 39 248 
3 39 45 248 
3 45 44 248 
3 44 38 248 
3 39 40 249 
3 40 46 249 
3 46 45 249 
3 45 39 249 
3 40 41 250 
3 41 47 250 
3 47 46 250 
3 46 40 250 
3 41 42 251 
3 42 48 251 
3 48 47 251 
3 47 41 251 
3 43 44 252 
3 44 50 252 
3 50 49 252 
3 49 43 252 
3 44 45 253 
3 45 51 253 
3 51 50 253 
3 50 44 253 
3 45 46 254 
3 46 52 254 
3 52 51 254 
3 51 45 254 
3 46 47 255 
3 47 53 255 
3 53 52 255 
3 52 46 255 
3 47 48 256 
3 48 54 256 
3 54 53 256 
3 53 47 256 
3 49 50 257 
3 50 56 257 
3 56 55 257 
3 55 49 257 
3 50 51 258 
3 51 57 258 
3 57 56 258 
3 56 50 258 
3 51 52 259 
3 52 58 259 
3 58 57 259 
3 57 51 259 
3 52 53 260 
3 53 59 260 
3 59 58 260 
3 58 52 260 
3 53 54 261 
3 54 60 261 
3 60 59 261 
3 59 53 261 
3 55 56 262 
3 56 62 262 
3 62 61 262 
3 61 55 262 
3 56 57 263 
3 57 63 263 
3 63 62 263 
3 62 56 263 
3 57 58 264 
3 58 64 264 
3 64 63 264 
3 63 57 264 
3 58 59 265 
3 59 65 265 
3 65 64 265 
3 64 58 265 
3 59 60 266 
3 60 66 266 
3 66 65 266 
3 65 59 266 
3 61 62 267 
3 62 68 267 
3 68 67 267 
3 67 61 267 
3 62 63 268 
3 63 69 268 
3 69 68 268 
3 68 62 268 
3 63 64 269 
3 64 70 269 
3 70 69 269 
3 69 63 269 
3 64 65 270 
3 65 71 270 
3 71 70 270 
3 70 64 270 
3 65 66 271 
3 66 72 271 
3 72 71 271 
3 71 65 271 
3 67 68 272 
3 68 74 272 
3 74 73 272 
3 73 67 272 
3 68 69 273 
3 69 75 273 
3 75 74 273 
3 74 68 273 
3 69 70 274 
3 70 76 274 
3 76 75 274 
3 75 69 274 
3 70 71 275 
3 71 77 275 
3 77 76 275 
3 76 70 275 
3 71 72 276 
3 72 78 276 
3 78 77 276 
3 77 71 276 
3 73 74 277 
3 74 80 277 
3 80 79 277 
3 79 73 277 
3 74 75 278 
3 75 81 278 
3 81 80 278 
3 80 74 278 
3 75 76 279 
3 76 82 279 
3 82 81 279 
3 81 75 279 
3 76 77 280 
3 77 83 280 
3 83 82 280 
3 82 76 280 
3 77 78 281 
3 78 84 281 
3 84 83 281 
3 83 77 281 
3 79 80 282 
3 80 86 282 
3 86 85 282 
3 85 79 282 
3 80 81 283 
3 81 87 283 
3 87 86 283 
3 86 80 283 
3 81 82 284 
3 82 88 284 
3 88 87 284 
3 87 81 284 
3 82 83 285 
3 83 89 285 
3 89 88 285 
3 88 82 285 
3 83 84 286 
3 84 90 286 
3 90 89 286 
3 89 83 286 
3 85 86 287 
3 86 92 287 
3 92 91 287 
3 91 85 287 
3 86 87 288 
3 87 93 288 
3 93 92 288 
3 92 86 288 
3 87 88 289 
3 88 94 289 
3 94 93 289 
3 93 87 289 
3 88 89 290 
3 89 95 290 
3 95 94 290 
3 94 88 290 
3 89 90 291 
3 90 96 291 
3 96 95 291 
3 95 89 291 
3 91 92 292 
3 92 98 292 
3 98 97 292 
3 97 91 292 
3 92 93 293 
3 93 99 293 
3 99 98 293 
3 98 92 293 
3 93 94 294 
3 94 100 294 
3 100 99 294 
3 99 93 294 
3 94 95 295 
3 95 101 295 
3 101 100 295 
3 100 94 295 
3 95 96 296 
3 96 102 296 
3 102 101 296 
3 101 95 296 
3 97 98 297 
3 98 104 297 
3 104 103 297 
3 103 97 297 
3 98 99 298 
3 99 105 298 
3 105 104 298 
3 104 98 298 
3 99 100 299 
3 100 106 299 
3 106 105 299 
3 105 99 299 
3 100 101 300 
3 101 107 300 
3 107 106 300 
3 106 100 300 
3 101 102 301 
3 102 108 301 
3 108 107 301 
3 107 101 301 
3 103 104 302 
3 104 110 302 
3 110 109 302 
3 109 103 302 
3 104 105 303 
3 105 111 303 
3 111 110 303 
3 110 104 303 
3 105 106 304 
3 106 112 304 
3 112 111 304 
3 111 105 304 
3 106 107 305 
3 107 113 305 
3 113 112 305 
3 112 106 305 
3 107 108 306 
3 108 114 306 
3 114 113 306 
3 113 107 306 
3 109 110 307 
3 110 116 307 
3 116 115 307 
3 115 109 307 
3 110 111 308 
3 111 117 308 
3 117 116 308 
3 116 110 308 
3 111 112 309 
3 112 118 309 
3 118 117 309 
3 117 111 309 
3 112 113 310 
3 113 119 310 
3 119 118 310 
3 118 112 310 
3 113 114 311 
3 114 120 311 
3 120 119 311 
3 119 113 311 
3 115 116 312 
3 116 122 312 
3 122 121 312 
3 121 115 312 
3 116 117 313 
3 117 123 313 
3 123 122 313 
3 122 116 313 
3 117 118 314 
3 118 124 314 
3 124 123 314 
3 123 117 314 
3 118 119 315 
3 119 125 315 
3 125 124 315 
3 124 118 315 
3 119 120 316 
3 120 126 316 
3 126 125 316 
3 125 119 316 
3 121 122 317 
3 122 128 317 
3 128 127 317 
3 127 121 317 
3 122 123 318 
3 123 129 318 
3 129 128 318 
3 128 122 318 
3 123 124 319 
3 124 130 319 
3 130 129 319 
3 129 123 319 
3 124 125 320 
3 125 131 320 
3 131 130 320 
3 130 124 320 
3 125 126 321 
3 126 132 321 
3 132 131 321 
3 131 125 321 
3 127 128 322 
3 128 134 322 
3 134 133 322 
3 133 127 322 
3 128 129 323 
3 129 135 323 
3 135 134 323 
3 134 128 323 
3 129 130 324 
3 130 136 324 
3 136 135 324 
3 135 129 324 
3 130 131 325 
3 131 137 325 
3 137 136 325 
3 136 130 325 
3 131 132 326 
3 132 138 326 
3 138 137 326 
3 137 131 326 
3 133 134 327 
3 134 140 327 
3 140 139 327 
3 139 133 327 
3 134 135 328 
3 135 141 328 
3 141 140 328 
3 140 134 328 
3 135 136 329 
3 136 142 329 
3 142 141 329 
3 141 135 329 
3 136 137 330 
3 137 143 330 
3 143 142 330 
3 142 136 330 
3 137 138 331 
3 138 144 331 
3 144 143 331 
3 143 137 331 
3 139 140 332 
3 140 146 332 
3 146 145 332 
3 145 139 332 
3 140 141 333 
3 141 147 333 
3 147 146 333 
3 146 140 333 
3 141 142 334 
3 142 148 334 
3 148 147 334 
3 147 141 334 
3 142 143 335 
3 143 149 335 
3 149 148 335 
3 148 142 335 
3 143 144 336 
3 144 150 336 
3 150 149 336 
3 149 143 336 
3 145 146 337 
3 146 152 337 
3 152 151 337 
3 151 145 337 
3 146 147 338 
3 147 153 338 
3 153 152 338 
3 152 146 338 
3 147 148 339 
3 148 154 339 
3 154 153 339 
3 153 147 339 
3 148 149 340 
3 149 155 340 
3 155 154 340 
3 154 148 340 
3 149 150 341 
3 150 156 341 
3 156 155 341 
3 155 149 341 
3 151 152 342 
3 152 158 342 
3 158 157 342 
3 157 151 342 
3 152 153 343 
3 153 159 343 
3 159 158 343 
3 158 152 343 
3 153 154 344 
3 154 160 344 
3 160 159 344 
3 159 153 344 
3 154 155 345 
3 155 161 345 
3 161 160 345 
3 160 154 345 
3 155 156 346 
3 156 162 346 
3 162 161 346 
3 161 155 346 
3 157 158 347 
3 158 164 347 
3 164 163 347 
3 163 157 347 
3 158 159 348 
3 159 165 348 
3 165 164 348 
3 164 158 348 
3 159 160 349 
3 160 166 349 
3 166 165 349 
3 165 159 349 
3 160 161 350 
3 161 167 350 
3 167 166 350 
3 166 160 350 
3 161 162 351 
3 162 168 351 
3 168 167 351 
3 167 161 351 
3 163 164 352 
3 164 170 352 
3 170 169 352 
3 169 163 352 
3 164 165 353 
3 165 171 353 
3 171 170 353 
3 170 164 353 
3 165 166 354 
3 166 172 354 
3 172 171 354 
3 171 165 354 
3 166 167 355 
3 167 173 355 
3 173 172 355 
3 172 166 355 
3 167 168 356 
3 168 174 356 
3 174 173 356 
3 173 167 356 
3 169 170 357 
3 170 176 357 
3 176 175 357 
3 175 169 357 
3 170 171 358 
3 171 177 358 
3 177 176 358 
3 176 170 358 
3 171 172 359 
3 172 178 359 
3 178 177 359 
3 177 171 359 
3 172 173 360 
3 173 179 360 
3 179 178 360 
3 178 172 360 
3 173 174 361 
3 174 180 361 
3 180 179 361 
3 179 173 361 
3 175 176 362 
3 176 182 362 
3 182 181 362 
3 181 175 362 
3 176 177 363 
3 177 183 363 
3 183 182 363 
3 182 176 363 
3 177 178 364 
3 178 184 364 
3 184 183 364 
3 183 177 364 
3 178 179 365 
3 179 185 365 
3 185 184 365 
3 184 178 365 
3 179 180 366 
3 180 186 366 
3 186 185 366 
3 185 179 366 
3 181 182 367 
3 182 188 367 
3 188 187 367 
3 187 181 367 
3 182 183 368 
3 183 189 368 
3 189 188 368 
3 188 182 368 
3 183 184 369 
3 184 190 369 
3 190 189 369 
3 189 183 369 
3 184 185 370 
3 185 191 370 
3 191 190 370 
3 190 184 370 
3 185 186 371 
3 186 192 371 
3 192 191 371 
3 191 185 371 
3 187 188 372 
3 188 194 372 
3 194 193 372 
3 193 187 372 
3 188 189 373 
3 189 195 373 
3 195 194 373 
3 194 188 373 
3 189 190 374 
3 190 196 374 
3 196 195 374 
3 195 189 374 
3 190 191 375 
3 191 197 375 
3 197 196 375 
3 196 190 375 
3 191 192 376 
3 192 198 376 
3 198 197 376 
3 197 191 376 
3 193 194 377 
3 194 200 377 
3 200 199 377 
3 199 193 377 
3 194 195 378 
3 195 201 378 
3 201 200 378 
3 200 194 378 
3 195 196 379 
3 196 202 379 
3 202 201 379 
3 201 195 379 
3 196 197 380 
3 197 203 380 
3 203 202 380 
3 202 196 380 
3 197 198 381 
3 198 204 381 
3 204 203 381 
3 203 197 381 
3 199 200 382 
3 200 206 382 
3 206 205 382 
3 205 199 382 
3 200 201 383 
3 201 207 383 
3 207 206 383 
3 206 200 383 
3 201 202 384 
3 202 208 384 
3 208 207 384 
3 207 201 384 
3 202 203 385 
3 203 209 385 
3 209 208 385 
3 208 202 385 
3 203 204 386 
3 204 210 386 
3 210 209 386 
3 209 203 386 
3 205 206 387 
3 206 212 387 
3 212 211 387 
3 211 205 387 
3 206 207 388 
3 207 213 388 
3 213 212 388 
3 212 206 388 
3 207 208 389 
3 208 214 389 
3 214 213 389 
3 213 207 389 
3 208 209 390 
3 209 215 390 
3 215 214 390 
3 214 208 390 
3 209 210 391 
3 210 216 391 
3 216 215 391 
3 215 209 391 
# indices of nodes located on the boundary
1 2 3 4 5 6 7 12 13 18 19 24 25 30 31 36 37 42 43 48 49 54 55 60 61 66 67 72 73 78 79 84 85 90 91 96 97 102 103 108 109 114 115 120 121 126 127 132 133 138 139 144 145 150 151 156 157 162 163 168 169 174 175 180 181 186 187 192 193 198 199 204 205 210 211 212 213 214 215 216 
