# domain type
Triangular
# nodal coordinates: number of nodes followed by the coordinates
689
0.0000000000000000 0.0000000000000000
0.1250000000000000 0.0000000000000000
0.2500000000000000 0.0000000000000000
0.3750000000000000 0.0000000000000000
0.5000000000000000 0.0000000000000000
0.6250000000000000 0.0000000000000000
0.7500000000000000 0.0000000000000000
0.8750000000000000 0.0000000000000000
1.0000000000000000 0.0000000000000000
0.0000000000000000 0.0250000000000000
0.1250000000000000 0.0250000000000000
0.2500000000000000 0.0250000000000000
0.3750000000000000 0.0250000000000000
0.5000000000000000 0.0250000000000000
0.6250000000000000 0.0250000000000000
0.7500000000000000 0.0250000000000000
0.8750000000000000 0.0250000000000000
1.0000000000000000 0.0250000000000000
0.0000000000000000 0.0500000000000000
0.1250000000000000 0.0500000000000000
0.2500000000000000 0.0500000000000000
0.3750000000000000 0.0500000000000000
0.5000000000000000 0.0500000000000000
0.6250000000000000 0.0500000000000000
0.7500000000000000 0.0500000000000000
0.8750000000000000 0.0500000000000000
1.0000000000000000 0.0500000000000000
0.0000000000000000 0.0750000000000000
0.1250000000000000 0.0750000000000000
0.2500000000000000 0.0750000000000000
0.3750000000000000 0.0750000000000000
0.5000000000000000 0.0750000000000000
0.6250000000000000 0.0750000000000000
0.7500000000000000 0.0750000000000000
0.8750000000000000 0.0750000000000000
1.0000000000000000 0.0750000000000000
0.0000000000000000 0.1000000000000000
0.1250000000000000 0.1000000000000000
0.2500000000000000 0.1000000000000000
0.3750000000000000 0.1000000000000000
0.5000000000000000 0.1000000000000000
0.6250000000000000 0.1000000000000000
0.7500000000000000 0.1000000000000000
0.8750000000000000 0.1000000000000000
1.0000000000000000 0.1000000000000000
0.0000000000000000 0.1250000000000000
0.1250000000000000 0.1250000000000000
0.2500000000000000 0.1250000000000000
0.3750000000000000 0.1250000000000000
0.5000000000000000 0.1250000000000000
0.6250000000000000 0.1250000000000000
0.7500000000000000 0.1250000000000000
0.8750000000000000 0.1250000000000000
1.0000000000000000 0.1250000000000000
0.0000000000000000 0.1500000000000000
0.1250000000000000 0.1500000000000000
0.2500000000000000 0.1500000000000000
0.3750000000000000 0.1500000000000000
0.5000000000000000 0.1500000000000000
0.6250000000000000 0.1500000000000000
0.7500000000000000 0.1500000000000000
0.8750000000000000 0.1500000000000000
1.0000000000000000 0.1500000000000000
0.0000000000000000 0.1750000000000000
0.1250000000000000 0.1750000000000000
0.2500000000000000 0.1750000000000000
0.3750000000000000 0.1750000000000000
0.5000000000000000 0.1750000000000000
0.6250000000000000 0.1750000000000000
0.7500000000000000 0.1750000000000000
0.8750000000000000 0.1750000000000000
1.0000000000000000 0.1750000000000000
0.0000000000000000 0.2000000000000000
0.1250000000000000 0.2000000000000000
0.2500000000000000 0.2000000000000000
0.3750000000000000 0.2000000000000000
0.5000000000000000 0.2000000000000000
0.6250000000000000 0.2000000000000000
0.7500000000000000 0.2000000000000000
0.8750000000000000 0.2000000000000000
1.0000000000000000 0.2000000000000000
0.0000000000000000 0.2250000000000000
0.1250000000000000 0.2250000000000000
0.2500000000000000 0.2250000000000000
0.3750000000000000 0.2250000000000000
0.5000000000000000 0.2250000000000000
0.6250000000000000 0.2250000000000000
0.7500000000000000 0.2250000000000000
0.8750000000000000 0.2250000000000000
1.0000000000000000 0.2250000000000000
0.0000000000000000 0.2500000000000000
0.1250000000000000 0.2500000000000000
0.2500000000000000 0.2500000000000000
0.3750000000000000 0.2500000000000000
0.5000000000000000 0.2500000000000000
0.6250000000000000 0.2500000000000000
0.7500000000000000 0.2500000000000000
0.8750000000000000 0.2500000000000000
1.0000000000000000 0.2500000000000000
0.0000000000000000 0.2750000000000000
0.1250000000000000 0.2750000000000000
0.2500000000000000 0.2750000000000000
0.3750000000000000 0.2750000000000000
0.5000000000000000 0.2750000000000000
0.6250000000000000 0.2750000000000000
0.7500000000000000 0.2750000000000000
0.8750000000000000 0.2750000000000000
1.0000000000000000 0.2750000000000000
0.0000000000000000 0.3000000000000000
0.1250000000000000 0.3000000000000000
0.2500000000000000 0.3000000000000000
0.3750000000000000 0.3000000000000000
0.5000000000000000 0.3000000000000000
0.6250000000000000 0.3000000000000000
0.7500000000000000 0.3000000000000000
0.8750000000000000 0.3000000000000000
1.0000000000000000 0.3000000000000000
0.0000000000000000 0.3250000000000000
0.1250000000000000 0.3250000000000000
0.2500000000000000 0.3250000000000000
0.3750000000000000 0.3250000000000000
0.5000000000000000 0.3250000000000000
0.6250000000000000 0.3250000000000000
0.7500000000000000 0.3250000000000000
0.8750000000000000 0.3250000000000000
1.0000000000000000 0.3250000000000000
0.0000000000000000 0.3500000000000000
0.1250000000000000 0.3500000000000000
0.2500000000000000 0.3500000000000000
0.3750000000000000 0.3500000000000000
0.5000000000000000 0.3500000000000000
0.6250000000000000 0.3500000000000000
0.7500000000000000 0.3500000000000000
0.8750000000000000 0.3500000000000000
1.0000000000000000 0.3500000000000000
0.0000000000000000 0.3750000000000000
0.1250000000000000 0.3750000000000000
0.2500000000000000 0.3750000000000000
0.3750000000000000 0.3750000000000000
0.5000000000000000 0.3750000000000000
0.6250000000000000 0.3750000000000000
0.7500000000000000 0.3750000000000000
0.8750000000000000 0.3750000000000000
1.0000000000000000 0.3750000000000000
0.0000000000000000 0.4000000000000000
0.1250000000000000 0.4000000000000000
0.2500000000000000 0.4000000000000000
0.3750000000000000 0.4000000000000000
0.5000000000000000 0.4000000000000000
0.6250000000000000 0.4000000000000000
0.7500000000000000 0.4000000000000000
0.8750000000000000 0.4000000000000000
1.0000000000000000 0.4000000000000000
0.0000000000000000 0.4250000000000000
0.1250000000000000 0.4250000000000000
0.2500000000000000 0.4250000000000000
0.3750000000000000 0.4250000000000000
0.5000000000000000 0.4250000000000000
0.6250000000000000 0.4250000000000000
0.7500000000000000 0.4250000000000000
0.8750000000000000 0.4250000000000000
1.0000000000000000 0.4250000000000000
0.0000000000000000 0.4500000000000000
0.1250000000000000 0.4500000000000000
0.2500000000000000 0.4500000000000000
0.3750000000000000 0.4500000000000000
0.5000000000000000 0.4500000000000000
0.6250000000000000 0.4500000000000000
0.7500000000000000 0.4500000000000000
0.8750000000000000 0.4500000000000000
1.0000000000000000 0.4500000000000000
0.0000000000000000 0.4750000000000000
0.1250000000000000 0.4750000000000000
0.2500000000000000 0.4750000000000000
0.3750000000000000 0.4750000000000000
0.5000000000000000 0.4750000000000000
0.6250000000000000 0.4750000000000000
0.7500000000000000 0.4750000000000000
0.8750000000000000 0.4750000000000000
1.0000000000000000 0.4750000000000000
0.0000000000000000 0.5000000000000000
0.1250000000000000 0.5000000000000000
0.2500000000000000 0.5000000000000000
0.3750000000000000 0.5000000000000000
0.5000000000000000 0.5000000000000000
0.6250000000000000 0.5000000000000000
0.7500000000000000 0.5000000000000000
0.8750000000000000 0.5000000000000000
1.0000000000000000 0.5000000000000000
0.0000000000000000 0.5250000000000000
0.1250000000000000 0.5250000000000000
0.2500000000000000 0.5250000000000000
0.3750000000000000 0.5250000000000000
0.5000000000000000 0.5250000000000000
0.6250000000000000 0.5250000000000000
0.7500000000000000 0.5250000000000000
0.8750000000000000 0.5250000000000000
1.0000000000000000 0.5250000000000000
0.0000000000000000 0.5500000000000000
0.1250000000000000 0.5500000000000000
0.2500000000000000 0.5500000000000000
0.3750000000000000 0.5500000000000000
0.5000000000000000 0.5500000000000000
0.6250000000000000 0.5500000000000000
0.7500000000000000 0.5500000000000000
0.8750000000000000 0.5500000000000000
1.0000000000000000 0.5500000000000000
0.0000000000000000 0.5750000000000001
0.1250000000000000 0.5750000000000001
0.2500000000000000 0.5750000000000001
0.3750000000000000 0.5750000000000001
0.5000000000000000 0.5750000000000001
0.6250000000000000 0.5750000000000001
0.7500000000000000 0.5750000000000001
0.8750000000000000 0.5750000000000001
1.0000000000000000 0.5750000000000001
0.0000000000000000 0.6000000000000001
0.1250000000000000 0.6000000000000001
0.2500000000000000 0.6000000000000001
0.3750000000000000 0.6000000000000001
0.5000000000000000 0.6000000000000001
0.6250000000000000 0.6000000000000001
0.7500000000000000 0.6000000000000001
0.8750000000000000 0.6000000000000001
1.0000000000000000 0.6000000000000001
0.0000000000000000 0.6250000000000000
0.1250000000000000 0.6250000000000000
0.2500000000000000 0.6250000000000000
0.3750000000000000 0.6250000000000000
0.5000000000000000 0.6250000000000000
0.6250000000000000 0.6250000000000000
0.7500000000000000 0.6250000000000000
0.8750000000000000 0.6250000000000000
1.0000000000000000 0.6250000000000000
0.0000000000000000 0.6500000000000000
0.1250000000000000 0.6500000000000000
0.2500000000000000 0.6500000000000000
0.3750000000000000 0.6500000000000000
0.5000000000000000 0.6500000000000000
0.6250000000000000 0.6500000000000000
0.7500000000000000 0.6500000000000000
0.8750000000000000 0.6500000000000000
1.0000000000000000 0.6500000000000000
0.0000000000000000 0.6750000000000000
0.1250000000000000 0.6750000000000000
0.2500000000000000 0.6750000000000000
0.3750000000000000 0.6750000000000000
0.5000000000000000 0.6750000000000000
0.6250000000000000 0.6750000000000000
0.7500000000000000 0.6750000000000000
0.8750000000000000 0.6750000000000000
1.0000000000000000 0.6750000000000000
0.0000000000000000 0.7000000000000001
0.1250000000000000 0.7000000000000001
0.2500000000000000 0.7000000000000001
0.3750000000000000 0.7000000000000001
0.5000000000000000 0.7000000000000001
0.6250000000000000 0.7000000000000001
0.7500000000000000 0.7000000000000001
0.8750000000000000 0.7000000000000001
1.0000000000000000 0.7000000000000001
0.0000000000000000 0.7250000000000001
0.1250000000000000 0.7250000000000001
0.2500000000000000 0.7250000000000001
0.3750000000000000 0.7250000000000001
0.5000000000000000 0.7250000000000001
0.6250000000000000 0.7250000000000001
0.7500000000000000 0.7250000000000001
0.8750000000000000 0.7250000000000001
1.0000000000000000 0.7250000000000001
0.0000000000000000 0.7500000000000000
0.1250000000000000 0.7500000000000000
0.2500000000000000 0.7500000000000000
0.3750000000000000 0.7500000000000000
0.5000000000000000 0.7500000000000000
0.6250000000000000 0.7500000000000000
0.7500000000000000 0.7500000000000000
0.8750000000000000 0.7500000000000000
1.0000000000000000 0.7500000000000000
0.0000000000000000 0.7750000000000000
0.1250000000000000 0.7750000000000000
0.2500000000000000 0.7750000000000000
0.3750000000000000 0.7750000000000000
0.5000000000000000 0.7750000000000000
0.6250000000000000 0.7750000000000000
0.7500000000000000 0.7750000000000000
0.8750000000000000 0.7750000000000000
1.0000000000000000 0.7750000000000000
0.0000000000000000 0.8000000000000000
0.1250000000000000 0.8000000000000000
0.2500000000000000 0.8000000000000000
0.3750000000000000 0.8000000000000000
0.5000000000000000 0.8000000000000000
0.6250000000000000 0.8000000000000000
0.7500000000000000 0.8000000000000000
0.8750000000000000 0.8000000000000000
1.0000000000000000 0.8000000000000000
0.0000000000000000 0.8250000000000001
0.1250000000000000 0.8250000000000001
0.2500000000000000 0.8250000000000001
0.3750000000000000 0.8250000000000001
0.5000000000000000 0.8250000000000001
0.6250000000000000 0.8250000000000001
0.7500000000000000 0.8250000000000001
0.8750000000000000 0.8250000000000001
1.0000000000000000 0.8250000000000001
0.0000000000000000 0.8500000000000001
0.1250000000000000 0.8500000000000001
0.2500000000000000 0.8500000000000001
0.3750000000000000 0.8500000000000001
0.5000000000000000 0.8500000000000001
0.6250000000000000 0.8500000000000001
0.7500000000000000 0.8500000000000001
0.8750000000000000 0.8500000000000001
1.0000000000000000 0.8500000000000001
0.0000000000000000 0.8750000000000000
0.1250000000000000 0.8750000000000000
0.2500000000000000 0.8750000000000000
0.3750000000000000 0.8750000000000000
0.5000000000000000 0.8750000000000000
0.6250000000000000 0.8750000000000000
0.7500000000000000 0.8750000000000000
0.8750000000000000 0.8750000000000000
1.0000000000000000 0.8750000000000000
0.0000000000000000 0.9000000000000000
0.1250000000000000 0.9000000000000000
0.2500000000000000 0.9000000000000000
0.3750000000000000 0.9000000000000000
0.5000000000000000 0.9000000000000000
0.6250000000000000 0.9000000000000000
0.7500000000000000 0.9000000000000000
0.8750000000000000 0.9000000000000000
1.0000000000000000 0.9000000000000000
0.0000000000000000 0.9250000000000000
0.1250000000000000 0.9250000000000000
0.2500000000000000 0.9250000000000000
0.3750000000000000 0.9250000000000000
0.5000000000000000 0.9250000000000000
0.6250000000000000 0.9250000000000000
0.7500000000000000 0.9250000000000000
0.8750000000000000 0.9250000000000000
1.0000000000000000 0.9250000000000000
0.0000000000000000 0.9500000000000001
0.1250000000000000 0.9500000000000001
0.2500000000000000 0.9500000000000001
0.3750000000000000 0.9500000000000001
0.5000000000000000 0.9500000000000001
0.6250000000000000 0.9500000000000001
0.7500000000000000 0.9500000000000001
0.8750000000000000 0.9500000000000001
1.0000000000000000 0.9500000000000001
0.0000000000000000 0.9750000000000001
0.1250000000000000 0.9750000000000001
0.2500000000000000 0.9750000000000001
0.3750000000000000 0.9750000000000001
0.5000000000000000 0.9750000000000001
0.6250000000000000 0.9750000000000001
0.7500000000000000 0.9750000000000001
0.8750000000000000 0.9750000000000001
1.0000000000000000 0.9750000000000001
0.0000000000000000 1.0000000000000000
0.1250000000000000 1.0000000000000000
0.2500000000000000 1.0000000000000000
0.3750000000000000 1.0000000000000000
0.5000000000000000 1.0000000000000000
0.6250000000000000 1.0000000000000000
0.7500000000000000 1.0000000000000000
0.8750000000000000 1.0000000000000000
1.0000000000000000 1.0000000000000000
0.0625000000000000 0.0125000000000000
0.1875000000000000 0.0125000000000000
0.3125000000000000 0.0125000000000000
0.4375000000000000 0.0125000000000000
0.5625000000000000 0.0125000000000000
0.6875000000000000 0.0125000000000000
0.8125000000000000 0.0125000000000000
0.9375000000000000 0.0125000000000000
0.0625000000000000 0.0375000000000000
0.1875000000000000 0.0375000000000000
0.3125000000000000 0.0375000000000000
0.4375000000000000 0.0375000000000000
0.5625000000000000 0.0375000000000000
0.6875000000000000 0.0375000000000000
0.8125000000000000 0.0375000000000000
0.9375000000000000 0.0375000000000000
0.0625000000000000 0.0625000000000000
0.1875000000000000 0.0625000000000000
0.3125000000000000 0.0625000000000000
0.4375000000000000 0.0625000000000000
0.5625000000000000 0.0625000000000000
0.6875000000000000 0.0625000000000000
0.8125000000000000 0.0625000000000000
0.9375000000000000 0.0625000000000000
0.0625000000000000 0.0875000000000000
0.1875000000000000 0.0875000000000000
0.3125000000000000 0.0875000000000000
0.4375000000000000 0.0875000000000000
0.5625000000000000 0.0875000000000000
0.6875000000000000 0.0875000000000000
0.8125000000000000 0.0875000000000000
0.9375000000000000 0.0875000000000000
0.0625000000000000 0.1125000000000000
0.1875000000000000 0.1125000000000000
0.3125000000000000 0.1125000000000000
0.4375000000000000 0.1125000000000000
0.5625000000000000 0.1125000000000000
0.6875000000000000 0.1125000000000000
0.8125000000000000 0.1125000000000000
0.9375000000000000 0.1125000000000000
0.0625000000000000 0.1375000000000000
0.1875000000000000 0.1375000000000000
0.3125000000000000 0.1375000000000000
0.4375000000000000 0.1375000000000000
0.5625000000000000 0.1375000000000000
0.6875000000000000 0.1375000000000000
0.8125000000000000 0.1375000000000000
0.9375000000000000 0.1375000000000000
0.0625000000000000 0.1625000000000000
0.1875000000000000 0.1625000000000000
0.3125000000000000 0.1625000000000000
0.4375000000000000 0.1625000000000000
0.5625000000000000 0.1625000000000000
0.6875000000000000 0.1625000000000000
0.8125000000000000 0.1625000000000000
0.9375000000000000 0.1625000000000000
0.0625000000000000 0.1875000000000000
0.1875000000000000 0.1875000000000000
0.3125000000000000 0.1875000000000000
0.4375000000000000 0.1875000000000000
0.5625000000000000 0.1875000000000000
0.6875000000000000 0.1875000000000000
0.8125000000000000 0.1875000000000000
0.9375000000000000 0.1875000000000000
0.0625000000000000 0.2125000000000000
0.1875000000000000 0.2125000000000000
0.3125000000000000 0.2125000000000000
0.4375000000000000 0.2125000000000000
0.5625000000000000 0.2125000000000000
0.6875000000000000 0.2125000000000000
0.8125000000000000 0.2125000000000000
0.9375000000000000 0.2125000000000000
0.0625000000000000 0.2375000000000000
0.1875000000000000 0.2375000000000000
0.3125000000000000 0.2375000000000000
0.4375000000000000 0.2375000000000000
0.5625000000000000 0.2375000000000000
0.6875000000000000 0.2375000000000000
0.8125000000000000 0.2375000000000000
0.9375000000000000 0.2375000000000000
0.0625000000000000 0.2625000000000000
0.1875000000000000 0.2625000000000000
0.3125000000000000 0.2625000000000000
0.4375000000000000 0.2625000000000000
0.5625000000000000 0.2625000000000000
0.6875000000000000 0.2625000000000000
0.8125000000000000 0.2625000000000000
0.9375000000000000 0.2625000000000000
0.0625000000000000 0.2875000000000000
0.1875000000000000 0.2875000000000000
0.3125000000000000 0.2875000000000000
0.4375000000000000 0.2875000000000000
0.5625000000000000 0.2875000000000000
0.6875000000000000 0.2875000000000000
0.8125000000000000 0.2875000000000000
0.9375000000000000 0.2875000000000000
0.0625000000000000 0.3125000000000000
0.1875000000000000 0.3125000000000000
0.3125000000000000 0.3125000000000000
0.4375000000000000 0.3125000000000000
0.5625000000000000 0.3125000000000000
0.6875000000000000 0.3125000000000000
0.8125000000000000 0.3125000000000000
0.9375000000000000 0.3125000000000000
0.0625000000000000 0.3375000000000000
0.1875000000000000 0.3375000000000000
0.3125000000000000 0.3375000000000000
0.4375000000000000 0.3375000000000000
0.5625000000000000 0.3375000000000000
0.6875000000000000 0.3375000000000000
0.8125000000000000 0.3375000000000000
0.9375000000000000 0.3375000000000000
0.0625000000000000 0.3625000000000000
0.1875000000000000 0.3625000000000000
0.3125000000000000 0.3625000000000000
0.4375000000000000 0.3625000000000000
0.5625000000000000 0.3625000000000000
0.6875000000000000 0.3625000000000000
0.8125000000000000 0.3625000000000000
0.9375000000000000 0.3625000000000000
0.0625000000000000 0.3875000000000000
0.1875000000000000 0.3875000000000000
0.3125000000000000 0.3875000000000000
0.4375000000000000 0.3875000000000000
0.5625000000000000 0.3875000000000000
0.6875000000000000 0.3875000000000000
0.8125000000000000 0.3875000000000000
0.9375000000000000 0.3875000000000000
0.0625000000000000 0.4125000000000000
0.1875000000000000 0.4125000000000000
0.3125000000000000 0.4125000000000000
0.4375000000000000 0.4125000000000000
0.5625000000000000 0.4125000000000000
0.6875000000000000 0.4125000000000000
0.8125000000000000 0.4125000000000000
0.9375000000000000 0.4125000000000000
0.0625000000000000 0.4375000000000000
0.1875000000000000 0.4375000000000000
0.3125000000000000 0.4375000000000000
0.4375000000000000 0.4375000000000000
0.5625000000000000 0.4375000000000000
0.6875000000000000 0.4375000000000000
0.8125000000000000 0.4375000000000000
0.9375000000000000 0.4375000000000000
0.0625000000000000 0.4625000000000000
0.1875000000000000 0.4625000000000000
0.3125000000000000 0.4625000000000000
0.4375000000000000 0.4625000000000000
0.5625000000000000 0.4625000000000000
0.6875000000000000 0.4625000000000000
0.8125000000000000 0.4625000000000000
0.9375000000000000 0.4625000000000000
0.0625000000000000 0.4875000000000000
0.1875000000000000 0.4875000000000000
0.3125000000000000 0.4875000000000000
0.4375000000000000 0.4875000000000000
0.5625000000000000 0.4875000000000000
0.6875000000000000 0.4875000000000000
0.8125000000000000 0.4875000000000000
0.9375000000000000 0.4875000000000000
0.0625000000000000 0.5125000000000001
0.1875000000000000 0.5125000000000001
0.3125000000000000 0.5125000000000001
0.4375000000000000 0.5125000000000001
0.5625000000000000 0.5125000000000001
0.6875000000000000 0.5125000000000001
0.8125000000000000 0.5125000000000001
0.9375000000000000 0.5125000000000001
0.0625000000000000 0.5375000000000000
0.1875000000000000 0.5375000000000000
0.3125000000000000 0.5375000000000000
0.4375000000000000 0.5375000000000000
0.5625000000000000 0.5375000000000000
0.6875000000000000 0.5375000000000000
0.8125000000000000 0.5375000000000000
0.9375000000000000 0.5375000000000000
0.0625000000000000 0.5625000000000000
0.1875000000000000 0.5625000000000000
0.3125000000000000 0.5625000000000000
0.4375000000000000 0.5625000000000000
0.5625000000000000 0.5625000000000000
0.6875000000000000 0.5625000000000000
0.8125000000000000 0.5625000000000000
0.9375000000000000 0.5625000000000000
0.0625000000000000 0.5875000000000000
0.1875000000000000 0.5875000000000000
0.3125000000000000 0.5875000000000000
0.4375000000000000 0.5875000000000000
0.5625000000000000 0.5875000000000000
0.6875000000000000 0.5875000000000000
0.8125000000000000 0.5875000000000000
0.9375000000000000 0.5875000000000000
0.0625000000000000 0.6125000000000000
0.1875000000000000 0.6125000000000000
0.3125000000000000 0.6125000000000000
0.4375000000000000 0.6125000000000000
0.5625000000000000 0.6125000000000000
0.6875000000000000 0.6125000000000000
0.8125000000000000 0.6125000000000000
0.9375000000000000 0.6125000000000000
0.0625000000000000 0.6375000000000001
0.1875000000000000 0.6375000000000001
0.3125000000000000 0.6375000000000001
0.4375000000000000 0.6375000000000001
0.5625000000000000 0.6375000000000001
0.6875000000000000 0.6375000000000001
0.8125000000000000 0.6375000000000001
0.9375000000000000 0.6375000000000001
0.0625000000000000 0.6625000000000001
0.1875000000000000 0.6625000000000001
0.3125000000000000 0.6625000000000001
0.4375000000000000 0.6625000000000001
0.5625000000000000 0.6625000000000001
0.6875000000000000 0.6625000000000001
0.8125000000000000 0.6625000000000001
0.9375000000000000 0.6625000000000001
0.0625000000000000 0.6875000000000000
0.1875000000000000 0.6875000000000000
0.3125000000000000 0.6875000000000000
0.4375000000000000 0.6875000000000000
0.5625000000000000 0.6875000000000000
0.6875000000000000 0.6875000000000000
0.8125000000000000 0.6875000000000000
0.9375000000000000 0.6875000000000000
0.0625000000000000 0.7125000000000000
0.1875000000000000 0.7125000000000000
0.3125000000000000 0.7125000000000000
0.4375000000000000 0.7125000000000000
0.5625000000000000 0.7125000000000000
0.6875000000000000 0.7125000000000000
0.8125000000000000 0.7125000000000000
0.9375000000000000 0.7125000000000000
0.0625000000000000 0.7375000000000000
0.1875000000000000 0.7375000000000000
0.3125000000000000 0.7375000000000000
0.4375000000000000 0.7375000000000000
0.5625000000000000 0.7375000000000000
0.6875000000000000 0.7375000000000000
0.8125000000000000 0.7375000000000000
0.9375000000000000 0.7375000000000000
0.0625000000000000 0.7625000000000001
0.1875000000000000 0.7625000000000001
0.3125000000000000 0.7625000000000001
0.4375000000000000 0.7625000000000001
0.5625000000000000 0.7625000000000001
0.6875000000000000 0.7625000000000001
0.8125000000000000 0.7625000000000001
0.9375000000000000 0.7625000000000001
0.0625000000000000 0.7875000000000001
0.1875000000000000 0.7875000000000001
0.3125000000000000 0.7875000000000001
0.4375000000000000 0.7875000000000001
0.5625000000000000 0.7875000000000001
0.6875000000000000 0.7875000000000001
0.8125000000000000 0.7875000000000001
0.9375000000000000 0.7875000000000001
0.0625000000000000 0.8125000000000000
0.1875000000000000 0.8125000000000000
0.3125000000000000 0.8125000000000000
0.4375000000000000 0.8125000000000000
0.5625000000000000 0.8125000000000000
0.6875000000000000 0.8125000000000000
0.8125000000000000 0.8125000000000000
0.9375000000000000 0.8125000000000000
0.0625000000000000 0.8375000000000000
0.1875000000000000 0.8375000000000000
0.3125000000000000 0.8375000000000000
0.4375000000000000 0.8375000000000000
0.5625000000000000 0.8375000000000000
0.6875000000000000 0.8375000000000000
0.8125000000000000 0.8375000000000000
0.9375000000000000 0.8375000000000000
0.0625000000000000 0.8625000000000000
0.1875000000000000 0.8625000000000000
0.3125000000000000 0.8625000000000000
0.4375000000000000 0.8625000000000000
0.5625000000000000 0.8625000000000000
0.6875000000000000 0.8625000000000000
0.8125000000000000 0.8625000000000000
0.9375000000000000 0.8625000000000000
0.0625000000000000 0.8875000000000001
0.1875000000000000 0.8875000000000001
0.3125000000000000 0.8875000000000001
0.4375000000000000 0.8875000000000001
0.5625000000000000 0.8875000000000001
0.6875000000000000 0.8875000000000001
0.8125000000000000 0.8875000000000001
0.9375000000000000 0.8875000000000001
0.0625000000000000 0.9125000000000001
0.1875000000000000 0.9125000000000001
0.3125000000000000 0.9125000000000001
0.4375000000000000 0.9125000000000001
0.5625000000000000 0.9125000000000001
0.6875000000000000 0.9125000000000001
0.8125000000000000 0.9125000000000001
0.9375000000000000 0.9125000000000001
0.0625000000000000 0.9375000000000000
0.1875000000000000 0.9375000000000000
0.3125000000000000 0.9375000000000000
0.4375000000000000 0.9375000000000000
0.5625000000000000 0.9375000000000000
0.6875000000000000 0.9375000000000000
0.8125000000000000 0.9375000000000000
0.9375000000000000 0.9375000000000000
0.0625000000000000 0.9625000000000000
0.1875000000000000 0.9625000000000000
0.3125000000000000 0.9625000000000000
0.4375000000000000 0.9625000000000000
0.5625000000000000 0.9625000000000000
0.6875000000000000 0.9625000000000000
0.8125000000000000 0.9625000000000000
0.9375000000000000 0.9625000000000000
0.0625000000000000 0.9875000000000000
0.1875000000000000 0.9875000000000000
0.3125000000000000 0.9875000000000000
0.4375000000000000 0.9875000000000000
0.5625000000000000 0.9875000000000000
0.6875000000000000 0.9875000000000000
0.8125000000000000 0.9875000000000000
0.9375000000000000 0.9875000000000000
# element connectivity: number of elements followed by the connectivity
1280
3 1 2 370 
3 2 11 370 
3 11 10 370 
3 10 1 370 
3 2 3 371 
3 3 12 371 
3 12 11 371 
3 11 2 371 
3 3 4 372 
3 4 13 372 
3 13 12 372 
3 12 3 372 
3 4 5 373 
3 5 14 373 
3 14 13 373 
3 13 4 373 
3 5 6 374 
3 6 15 374 
3 15 14 374 
3 14 5 374 
3 6 7 375 
3 7 16 375 
3 16 15 375 
3 15 6 375 
3 7 8 376 
3 8 17 376 
3 17 16 376 
3 16 7 376 
3 8 9 377 
3 9 18 377 
3 18 17 377 
3 17 8 377 
3 10 11 378 
3 11 20 378 
3 20 19 378 
3 19 10 378 
3 11 12 379 
3 12 21 379 
3 21 20 379 
3 20 11 379 
3 12 13 380 
3 13 22 380 
3 22 21 380 
3 21 12 380 
3 13 14 381 
3 14 23 381 
3 23 22 381 
3 22 13 381 
3 14 15 382 
3 15 24 382 
3 24 23 382 
3 23 14 382 
3 15 16 383 
3 16 25 383 
3 25 24 383 
3 24 15 383 
3 16 17 384 
3 17 26 384 
3 26 25 384 
3 25 16 384 
3 17 18 385 
3 18 27 385 
3 27 26 385 
3 26 17 385 
3 19 20 386 
3 20 29 386 
3 29 28 386 
3 28 19 386 
3 20 21 387 
3 21 30 387 
3 30 29 387 
3 29 20 387 
3 21 22 388 
3 22 31 388 
3 31 30 388 
3 30 21 388 
3 22 23 389 
3 23 32 389 
3 32 31 389 
3 31 22 389 
3 23 24 390 
3 24 33 390 
3 33 32 390 
3 32 23 390 
3 24 25 391 
3 25 34 391 
3 34 33 391 
3 33 24 391 
3 25 26 392 
3 26 35 392 
3 35 34 392 
3 34 25 392 
3 26 27 393 
3 27 36 393 
3 36 35 393 
3 35 26 393 
3 28 29 394 
3 29 38 394 
3 38 37 394 
3 37 28 394 
3 29 30 395 
3 30 39 395 
3 39 38 395 
3 38 29 395 
3 30 31 396 
3 31 40 396 
3 40 39 396 
3 39 30 396 
3 31 32 397 
3 32 41 397 
3 41 40 397 
3 40 31 397 
3 32 33 398 
3 33 42 398 
3 42 41 398 
3 41 32 398 
3 33 34 399 
3 34 43 399 
3 43 42 399 
3 42 33 399 
3 34 35 400 
3 35 44 400 
3 44 43 400 
3 43 34 400 
3 35 36 401 
3 36 45 401 
3 45 44 401 
3 44 35 401 
3 37 38 402 
3 38 47 402 
3 47 46 402 
3 46 37 402 
3 38 39 403 
3 39 48 403 
3 48 47 403 
3 47 38 403 
3 39 40 404 
3 40 49 404 
3 49 48 404 
3 48 39 404 
3 40 41 405 
3 41 50 405 
3 50 49 405 
3 49 40 405 
3 41 42 406 
3 42 51 406 
3 51 50 406 
3 50 41 406 
3 42 43 407 
3 43 52 407 
3 52 51 407 
3 51 42 407 
3 43 44 408 
3 44 53 408 
3 53 52 408 
3 52 43 408 
3 44 45 409 
3 45 54 409 
3 54 53 409 
3 53 44 409 
3 46 47 410 
3 47 56 410 
3 56 55 410 
3 55 46 410 
3 47 48 411 
3 48 57 411 
3 57 56 411 
3 56 47 411 
3 48 49 412 
3 49 58 412 
3 58 57 412 
3 57 48 412 
3 49 50 413 
3 50 59 413 
3 59 58 413 
3 58 49 413 
3 50 51 414 
3 51 60 414 
3 60 59 414 
3 59 50 414 
3 51 52 415 
3 52 61 415 
3 61 60 415 
3 60 51 415 
3 52 53 416 
3 53 62 416 
3 62 61 416 
3 61 52 416 
3 53 54 417 
3 54 63 417 
3 63 62 417 
3 62 53 417 
3 55 56 418 
3 56 65 418 
3 65 64 418 
3 64 55 418 
3 56 57 419 
3 57 66 419 
3 66 65 419 
3 65 56 419 
3 57 58 420 
3 58 67 420 
3 67 66 420 
3 66 57 420 
3 58 59 421 
3 59 68 421 
3 68 67 421 
3 67 58 421 
3 59 60 422 
3 60 69 422 
3 69 68 422 
3 68 59 422 
3 60 61 423 
3 61 70 423 
3 70 69 423 
3 69 60 423 
3 61 62 424 
3 62 71 424 
3 71 70 424 
3 70 61 424 
3 62 63 425 
3 63 72 425 
3 72 71 425 
3 71 62 425 
3 64 65 426 
3 65 74 426 
3 74 73 426 
3 73 64 426 
3 65 66 427 
3 66 75 427 
3 75 74 427 
3 74 65 427 
3 66 67 428 
3 67 76 428 
3 76 75 428 
3 75 66 428 
3 67 68 429 
3 68 77 429 
3 77 76 429 
3 76 67 429 
3 68 69 430 
3 69 78 430 
3 78 77 430 
3 77 68 430 
3 69 70 431 
3 70 79 431 
3 79 78 431 
3 78 69 431 
3 70 71 432 
3 71 80 432 
3 80 79 432 
3 79 70 432 
3 71 72 433 
3 72 81 433 
3 81 80 433 
3 80 71 433 
3 73 74 434 
3 74 83 434 
3 83 82 434 
3 82 73 434 
3 74 75 435 
3 75 84 435 
3 84 83 435 
3 83 74 435 
3 75 76 436 
3 76 85 436 
3 85 84 436 
3 84 75 436 
3 76 77 437 
3 77 86 437 
3 86 85 437 
3 85 76 437 
3 77 78 438 
3 78 87 438 
3 87 86 438 
3 86 77 438 
3 78 79 439 
3 79 88 439 
3 88 87 439 
3 87 78 439 
3 79 80 440 
3 80 89 440 
3 89 88 440 
3 88 79 440 
3 80 81 441 
3 81 90 441 
3 90 89 441 
3 89 80 441 
3 82 83 442 
3 83 92 442 
3 92 91 442 
3 91 82 442 
3 83 84 443 
3 84 93 443 
3 93 92 443 
3 92 83 443 
3 84 85 444 
3 85 94 444 
3 94 93 444 
3 93 84 444 
3 85 86 445 
3 86 95 445 
3 95 94 445 
3 94 85 445 
3 86 87 446 
3 87 96 446 
3 96 95 446 
3 95 86 446 
3 87 88 447 
3 88 97 447 
3 97 96 447 
3 96 87 447 
3 88 89 448 
3 89 98 448 
3 98 97 448 
3 97 88 448 
3 89 90 449 
3 90 99 449 
3 99 98 449 
3 98 89 449 
3 91 92 450 
3 92 101 450 
3 101 100 450 
3 100 91 450 
3 92 93 451 
3 93 102 451 
3 102 101 451 
3 101 92 451 
3 93 94 452 
3 94 103 452 
3 103 102 452 
3 102 93 452 
3 94 95 453 
3 95 104 453 
3 104 103 453 
3 103 94 453 
3 95 96 454 
3 96 105 454 
3 105 104 454 
3 104 95 454 
3 96 97 455 
3 97 106 455 
3 106 105 455 
3 105 96 455 
3 97 98 456 
3 98 107 456 
3 107 106 456 
3 106 97 456 
3 98 99 457 
3 99 108 457 
3 108 107 457 
3 107 98 457 
3 100 101 458 
3 101 110 458 
3 110 109 458 
3 109 100 458 
3 101 102 459 
3 102 111 459 
3 111 110 459 
3 110 101 459 
3 102 103 460 
3 103 112 460 
3 112 111 460 
3 111 102 460 
3 103 104 461 
3 104 113 461 
3 113 112 461 
3 112 103 461 
3 104 105 462 
3 105 114 462 
3 114 113 462 
3 113 104 462 
3 105 106 463 
3 106 115 463 
3 115 114 463 
3 114 105 463 
3 106 107 464 
3 107 116 464 
3 116 115 464 
3 115 106 464 
3 107 108 465 
3 108 117 465 
3 117 116 465 
3 116 107 465 
3 109 110 466 
3 110 119 466 
3 119 118 466 
3 118 109 466 
3 110 111 467 
3 111 120 467 
3 120 119 467 
3 119 110 467 
3 111 112 468 
3 112 121 468 
3 121 120 468 
3 120 111 468 
3 112 113 469 
3 113 122 469 
3 122 121 469 
3 121 112 469 
3 113 114 470 
3 114 123 470 
3 123 122 470 
3 122 113 470 
3 114 115 471 
3 115 124 471 
3 124 123 471 
3 123 114 471 
3 115 116 472 
3 116 125 472 
3 125 124 472 
3 124 115 472 
3 116 117 473 
3 117 126 473 
3 126 125 473 
3 125 116 473 
3 118 119 474 
3 119 128 474 
3 128 127 474 
3 127 118 474 
3 119 120 475 
3 120 129 475 
3 129 128 475 
3 128 119 475 
3 120 121 476 
3 121 130 476 
3 130 129 476 
3 129 120 476 
3 121 122 477 
3 122 131 477 
3 131 130 477 
3 130 121 477 
3 122 123 478 
3 123 132 478 
3 132 131 478 
3 131 122 478 
3 123 124 479 
3 124 133 479 
3 133 132 479 
3 132 123 479 
3 124 125 480 
3 125 134 480 
3 134 133 480 
3 133 124 480 
3 125 126 481 
3 126 135 481 
3 135 134 481 
3 134 125 481 
3 127 128 482 
3 128 137 482 
3 137 136 482 
3 136 127 482 
3 128 129 483 
3 129 138 483 
3 138 137 483 
3 137 128 483 
3 129 130 484 
3 130 139 484 
3 139 138 484 
3 138 129 484 
3 130 131 485 
3 131 140 485 
3 140 139 485 
3 139 130 485 
3 131 132 486 
3 132 141 486 
3 141 140 486 
3 140 131 486 
3 132 133 487 
3 133 142 487 
3 142 141 487 
3 141 132 487 
3 133 134 488 
3 134 143 488 
3 143 142 488 
3 142 133 488 
3 134 135 489 
3 135 144 489 
3 144 143 489 
3 143 134 489 
3 136 137 490 
3 137 146 490 
3 146 145 490 
3 145 136 490 
3 137 138 491 
3 138 147 491 
3 147 146 491 
3 146 137 491 
3 138 139 492 
3 139 148 492 
3 148 147 492 
3 147 138 492 
3 139 140 493 
3 140 149 493 
3 149 148 493 
3 148 139 493 
3 140 141 494 
3 141 150 494 
3 150 149 494 
3 149 140 494 
3 141 142 495 
3 142 151 495 
3 151 150 495 
3 150 141 495 
3 142 143 496 
3 143 152 496 
3 152 151 496 
3 151 142 496 
3 143 144 497 
3 144 153 497 
3 153 152 497 
3 152 143 497 
3 145 146 498 
3 146 155 498 
3 155 154 498 
3 154 145 498 
3 146 147 499 
3 147 156 499 
3 156 155 499 
3 155 146 499 
3 147 148 500 
3 148 157 500 
3 157 156 500 
3 156 147 500 
3 148 149 501 
3 149 158 501 
3 158 157 501 
3 157 148 501 
3 149 150 502 
3 150 159 502 
3 159 158 502 
3 158 149 502 
3 150 151 503 
3 151 160 503 
3 160 159 503 
3 159 150 503 
3 151 152 504 
3 152 161 504 
3 161 160 504 
3 160 151 504 
3 152 153 505 
3 153 162 505 
3 162 161 505 
3 161 152 505 
3 154 155 506 
3 155 164 506 
3 164 163 506 
3 163 154 506 
3 155 156 507 
3 156 165 507 
3 165 164 507 
3 164 155 507 
3 156 157 508 
3 157 166 508 
3 166 165 508 
3 165 156 508 
3 157 158 509 
3 158 167 509 
3 167 166 509 
3 166 157 509 
3 158 159 510 
3 159 168 510 
3 168 167 510 
3 167 158 510 
3 159 160 511 
3 160 169 511 
3 169 168 511 
3 168 159 511 
3 160 161 512 
3 161 170 512 
3 170 169 512 
3 169 160 512 
3 161 162 513 
3 162 171 513 
3 171 170 513 
3 170 161 513 
3 163 164 514 
3 164 173 514 
3 173 172 514 
3 172 163 514 
3 164 165 515 
3 165 174 515 
3 174 173 515 
3 173 164 515 
3 165 166 516 
3 166 175 516 
3 175 174 516 
3 174 165 516 
3 166 167 517 
3 167 176 517 
3 176 175 517 
3 175 166 517 
3 167 168 518 
3 168 177 518 
3 177 176 518 
3 176 167 518 
3 168 169 519 
3 169 178 519 
3 178 177 519 
3 177 168 519 
3 169 170 520 
3 170 179 520 
3 179 178 520 
3 178 169 520 
3 170 171 521 
3 171 180 521 
3 180 179 521 
3 179 170 521 
3 172 173 522 
3 173 182 522 
3 182 181 522 
3 181 172 522 
3 173 174 523 
3 174 183 523 
3 183 182 523 
3 182 173 523 
3 174 175 524 
3 175 184 524 
3 184 183 524 
3 183 174 524 
3 175 176 525 
3 176 185 525 
3 185 184 525 
3 184 175 525 
3 176 177 526 
3 177 186 526 
3 186 185 526 
3 185 176 526 
3 177 178 527 
3 178 187 527 
3 187 186 527 
3 186 177 527 
3 178 179 528 
3 179 188 528 
3 188 187 528 
3 187 178 528 
3 179 180 529 
3 180 189 529 
3 189 188 529 
3 188 179 529 
3 181 182 530 
3 182 191 530 
3 191 190 530 
3 190 181 530 
3 182 183 531 
3 183 192 531 
3 192 191 531 
3 191 182 531 
3 183 184 532 
3 184 193 532 
3 193 192 532 
3 192 183 532 
3 184 185 533 
3 185 194 533 
3 194 193 533 
3 193 184 533 
3 185 186 534 
3 186 195 534 
3 195 194 534 
3 194 185 534 
3 186 187 535 
3 187 196 535 
3 196 195 535 
3 195 186 535 
3 187 188 536 
3 188 197 536 
3 197 196 536 
3 196 187 536 
3 188 189 537 
3 189 198 537 
3 198 197 537 
3 197 188 537 
3 190 191 538 
3 191 200 538 
3 200 199 538 
3 199 190 538 
3 191 192 539 
3 192 201 539 
3 201 200 539 
3 200 191 539 
3 192 193 540 
3 193 202 540 
3 202 201 540 
3 201 192 540 
3 193 194 541 
3 194 203 541 
3 203 202 541 
3 202 193 541 
3 194 195 542 
3 195 204 542 
3 204 203 542 
3 203 194 542 
3 195 196 543 
3 196 205 543 
3 205 204 543 
3 204 195 543 
3 196 197 544 
3 197 206 544 
3 206 205 544 
3 205 196 544 
3 197 198 545 
3 198 207 545 
3 207 206 545 
3 206 197 545 
3 199 200 546 
3 200 209 546 
3 209 208 546 
3 208 199 546 
3 200 201 547 
3 201 210 547 
3 210 209 547 
3 209 200 547 
3 201 202 548 
3 202 211 548 
3 211 210 548 
3 210 201 548 
3 202 203 549 
3 203 212 549 
3 212 211 549 
3 211 202 549 
3 203 204 550 
3 204 213 550 
3 213 212 550 
3 212 203 550 
3 204 205 551 
3 205 214 551 
3 214 213 551 
3 213 204 551 
3 205 206 552 
3 206 215 552 
3 215 214 552 
3 214 205 552 
3 206 207 553 
3 207 216 553 
3 216 215 553 
3 215 206 553 
3 208 209 554 
3 209 218 554 
3 218 217 554 
3 217 208 554 
3 209 210 555 
3 210 219 555 
3 219 218 555 
3 218 209 555 
3 210 211 556 
3 211 220 556 
3 220 219 556 
3 219 210 556 
3 211 212 557 
3 212 221 557 
3 221 220 557 
3 220 211 557 
3 212 213 558 
3 213 222 558 
3 222 221 558 
3 221 212 558 
3 213 214 559 
3 214 223 559 
3 223 222 559 
3 222 213 559 
3 214 215 560 
3 215 224 560 
3 224 223 560 
3 223 214 560 
3 215 216 561 
3 216 225 561 
3 225 224 561 
3 224 215 561 
3 217 218 562 
3 218 227 562 
3 227 226 562 
3 226 217 562 
3 218 219 563 
3 219 228 563 
3 228 227 563 
3 227 218 563 
3 219 220 564 
3 220 229 564 
3 229 228 564 
3 228 219 564 
3 220 221 565 
3 221 230 565 
3 230 229 565 
3 229 220 565 
3 221 222 566 
3 222 231 566 
3 231 230 566 
3 230 221 566 
3 222 223 567 
3 223 232 567 
3 232 231 567 
3 231 222 567 
3 223 224 568 
3 224 233 568 
3 233 232 568 
3 232 223 568 
3 224 225 569 
3 225 234 569 
3 234 233 569 
3 233 224 569 
3 226 227 570 
3 227 236 570 
3 236 235 570 
3 235 226 570 
3 227 228 571 
3 228 237 571 
3 237 236 571 
3 236 227 571 
3 228 229 572 
3 229 238 572 
3 238 237 572 
3 237 228 572 
3 229 230 573 
3 230 239 573 
3 239 238 573 
3 238 229 573 
3 230 231 574 
3 231 240 574 
3 240 239 574 
3 239 230 574 
3 231 232 575 
3 232 241 575 
3 241 240 575 
3 240 231 575 
3 232 233 576 
3 233 242 576 
3 242 241 576 
3 241 232 576 
3 233 234 577 
3 234 243 577 
3 243 242 577 
3 242 233 577 
3 235 236 578 
3 236 245 578 
3 245 244 578 
3 244 235 578 
3 236 237 579 
3 237 246 579 
3 246 245 579 
3 245 236 579 
3 237 238 580 
3 238 247 580 
3 247 246 580 
3 246 237 580 
3 238 239 581 
3 239 248 581 
3 248 247 581 
3 247 238 581 
3 239 240 582 
3 240 249 582 
3 249 248 582 
3 248 239 582 
3 240 241 583 
3 241 250 583 
3 250 249 583 
3 249 240 583 
3 241 242 584 
3 242 251 584 
3 251 250 584 
3 250 241 584 
3 242 243 585 
3 243 252 585 
3 252 251 585 
3 251 242 585 
3 244 245 586 
3 245 254 586 
3 254 253 586 
3 253 244 586 
3 245 246 587 
3 246 255 587 
3 255 254 587 
3 254 245 587 
3 246 247 588 
3 247 256 588 
3 256 255 588 
3 255 246 588 
3 247 248 589 
3 248 257 589 
3 257 256 589 
3 256 247 589 
3 248 249 590 
3 249 258 590 
3 258 257 590 
3 257 248 590 
3 249 250 591 
3 250 259 591 
3 259 258 591 
3 258 249 591 
3 250 251 592 
3 251 260 592 
3 260 259 592 
3 259 250 592 
3 251 252 593 
3 252 261 593 
3 261 260 593 
3 260 251 593 
3 253 254 594 
3 254 263 594 
3 263 262 594 
3 262 253 594 
3 254 255 595 
3 255 264 595 
3 264 263 595 
3 263 254 595 
3 255 256 596 
3 256 265 596 
3 265 264 596 
3 264 255 596 
3 256 257 597 
3 257 266 597 
3 266 265 597 
3 265 256 597 
3 257 258 598 
3 258 267 598 
3 267 266 598 
3 266 257 598 
3 258 259 599 
3 259 268 599 
3 268 267 599 
3 267 258 599 
3 259 260 600 
3 260 269 600 
3 269 268 600 
3 268 259 600 
3 260 261 601 
3 261 270 601 
3 270 269 601 
3 269 260 601 
3 262 263 602 
3 263 272 602 
3 272 271 602 
3 271 262 602 
3 263 264 603 
3 264 273 603 
3 273 272 603 
3 272 263 603 
3 264 265 604 
3 265 274 604 
3 274 273 604 
3 273 264 604 
3 265 266 605 
3 266 275 605 
3 275 274 605 
3 274 265 605 
3 266 267 606 
3 267 276 606 
3 276 275 606 
3 275 266 606 
3 267 268 607 
3 268 277 607 
3 277 276 607 
3 276 267 607 
3 268 269 608 
3 269 278 608 
3 278 277 608 
3 277 268 608 
3 269 270 609 
3 270 279 609 
3 279 278 609 
3 278 269 609 
3 271 272 610 
3 272 281 610 
3 281 280 610 
3 280 271 610 
3 272 273 611 
3 273 282 611 
3 282 281 611 
3 281 272 611 
3 273 274 612 
3 274 283 612 
3 283 282 612 
3 282 273 612 
3 274 275 613 
3 275 284 613 
3 284 283 613 
3 283 274 613 
3 275 276 614 
3 276 285 614 
3 285 284 614 
3 284 275 614 
3 276 277 615 
3 277 286 615 
3 286 285 615 
3 285 276 615 
3 277 278 616 
3 278 287 616 
3 287 286 616 
3 286 277 616 
3 278 279 617 
3 279 288 617 
3 288 287 617 
3 287 278 617 
3 280 281 618 
3 281 290 618 
3 290 289 618 
3 289 280 618 
3 281 282 619 
3 282 291 619 
3 291 290 619 
3 290 281 619 
3 282 283 620 
3 283 292 620 
3 292 291 620 
3 291 282 620 
3 283 284 621 
3 284 293 621 
3 293 292 621 
3 292 283 621 
3 284 285 622 
3 285 294 622 
3 294 293 622 
3 293 284 622 
3 285 286 623 
3 286 295 623 
3 295 294 623 
3 294 285 623 
3 286 287 624 
3 287 296 624 
3 296 295 624 
3 295 286 624 
3 287 288 625 
3 288 297 625 
3 297 296 625 
3 296 287 625 
3 289 290 626 
3 290 299 626 
3 299 298 626 
3 298 289 626 
3 290 291 627 
3 291 300 627 
3 300 299 627 
3 299 290 627 
3 291 292 628 
3 292 301 628 
3 301 300 628 
3 300 291 628 
3 292 293 629 
3 293 302 629 
3 302 301 629 
3 301 292 629 
3 293 294 630 
3 294 303 630 
3 303 302 630 
3 302 293 630 
3 294 295 631 
3 295 304 631 
3 304 303 631 
3 303 294 631 
3 295 296 632 
3 296 305 632 
3 305 304 632 
3 304 295 632 
3 296 297 633 
3 297 306 633 
3 306 305 633 
3 305 296 633 
3 298 299 634 
3 299 308 634 
3 308 307 634 
3 307 298 634 
3 299 300 635 
3 300 309 635 
3 309 308 635 
3 308 299 635 
3 300 301 636 
3 301 310 636 
3 310 309 636 
3 309 300 636 
3 301 302 637 
3 302 311 637 
3 311 310 637 
3 310 301 637 
3 302 303 638 
3 303 312 638 
3 312 311 638 
3 311 302 638 
3 303 304 639 
3 304 313 639 
3 313 312 639 
3 312 303 639 
3 304 305 640 
3 305 314 640 
3 314 313 640 
3 313 304 640 
3 305 306 641 
3 306 315 641 
3 315 314 641 
3 314 305 641 
3 307 308 642 
3 308 317 642 
3 317 316 642 
3 316 307 642 
3 308 309 643 
3 309 318 643 
3 318 317 643 
3 317 308 643 
3 309 310 644 
3 310 319 644 
3 319 318 644 
3 318 309 644 
3 310 311 645 
3 311 320 645 
3 320 319 645 
3 319 310 645 
3 311 312 646 
3 312 321 646 
3 321 320 646 
3 320 311 646 
3 312 313 647 
3 313 322 647 
3 322 321 647 
3 321 312 647 
3 313 314 648 
3 314 323 648 
3 323 322 648 
3 322 313 648 
3 314 315 649 
3 315 324 649 
3 324 323 649 
3 323 314 649 
3 316 317 650 
3 317 326 650 
3 326 325 650 
3 325 316 650 
3 317 318 651 
3 318 327 651 
3 327 326 651 
3 326 317 651 
3 318 319 652 
3 319 328 652 
3 328 327 652 
3 327 318 652 
3 319 320 653 
3 320 329 653 
3 329 328 653 
3 328 319 653 
3 320 321 654 
3 321 330 654 
3 330 329 654 
3 329 320 654 
3 321 322 655 
3 322 331 655 
3 331 330 655 
3 330 321 655 
3 322 323 656 
3 323 332 656 
3 332 331 656 
3 331 322 656 
3 323 324 657 
3 324 333 657 
3 333 332 657 
3 332 323 657 
3 325 326 658 
3 326 335 658 
3 335 334 658 
3 334 325 658 
3 326 327 659 
3 327 336 659 
3 336 335 659 
3 335 326 659 
3 327 328 660 
3 328 337 660 
3 337 336 660 
3 336 327 660 
3 328 329 661 
3 329 338 661 
3 338 337 661 
3 337 328 661 
3 329 330 662 
3 330 339 662 
3 339 338 662 
3 338 329 662 
3 330 331 663 
3 331 340 663 
3 340 339 663 
3 339 330 663 
3 331 332 664 
3 332 341 664 
3 341 340 664 
3 340 331 664 
3 332 333 665 
3 333 342 665 
3 342 341 665 
3 341 332 665 
3 334 335 666 
3 335 344 666 
3 344 343 666 
3 343 334 666 
3 335 336 667 
3 336 345 667 
3 345 344 667 
3 344 335 667 
3 336 337 668 
3 337 346 668 
3 346 345 668 
3 345 336 668 
3 337 338 669 
3 338 347 669 
3 347 346 669 
3 346 337 669 
3 338 339 670 
3 339 348 670 
3 348 347 670 
3 347 338 670 
3 339 340 671 
3 340 349 671 
3 349 348 671 
3 348 339 671 
3 340 341 672 
3 341 350 672 
3 350 349 672 
3 349 340 672 
3 341 342 673 
3 342 351 673 
3 351 350 673 
3 350 341 673 
3 343 344 674 
3 344 353 674 
3 353 352 674 
3 352 343 674 
3 344 345 675 
3 345 354 675 
3 354 353 675 
3 353 344 675 
3 345 346 676 
3 346 355 676 
3 355 354 676 
3 354 345 676 
3 346 347 677 
3 347 356 677 
3 356 355 677 
3 355 346 677 
3 347 348 678 
3 348 357 678 
3 357 356 678 
3 356 347 678 
3 348 349 679 
3 349 358 679 
3 358 357 679 
3 357 348 679 
3 349 350 680 
3 350 359 680 
3 359 358 680 
3 358 349 680 
3 350 351 681 
3 351 360 681 
3 360 359 681 
3 359 350 681 
3 352 353 682 
3 353 362 682 
3 362 361 682 
3 361 352 682 
3 353 354 683 
3 354 363 683 
3 363 362 683 
3 362 353 683 
3 354 355 684 
3 355 364 684 
3 364 363 684 
3 363 354 684 
3 355 356 685 
3 356 365 685 
3 365 364 685 
3 364 355 685 
3 356 357 686 
3 357 366 686 
3 366 365 686 
3 365 356 686 
3 357 358 687 
3 358 367 687 
3 367 366 687 
3 366 357 687 
3 358 359 688 
3 359 368 688 
3 368 367 688 
3 367 358 688 
3 359 360 689 
3 360 369 689 
3 369 368 689 
3 368 359 689 
# indices of nodes located on the boundary
1 2 3 4 5 6 7 8 9 10 18 19 27 28 36 37 45 46 54 55 63 64 72 73 81 82 90 91 99 100 108 109 117 118 126 127 135 136 144 145 153 154 162 163 171 172 180 181 189 190 198 199 207 208 216 217 225 226 234 235 243 244 252 253 261 262 270 271 279 280 288 289 297 298 306 307 315 316 324 325 333 334 342 343 351 352 360 361 362 363 364 365 366 367 368 369 
