# domain type
Triangular
# nodal coordinates: number of nodes followed by the coordinates
185
0.0000000000000000 0.0000000000000000
0.2500000000000000 0.0000000000000000
0.5000000000000000 0.0000000000000000
0.7500000000000000 0.0000000000000000
1.0000000000000000 0.0000000000000000
0.0000000000000000 0.0500000000000000
0.2500000000000000 0.0500000000000000
0.5000000000000000 0.0500000000000000
0.7500000000000000 0.0500000000000000
1.0000000000000000 0.0500000000000000
0.0000000000000000 0.1000000000000000
0.2500000000000000 0.1000000000000000
0.5000000000000000 0.1000000000000000
0.7500000000000000 0.1000000000000000
1.0000000000000000 0.1000000000000000
0.0000000000000000 0.1500000000000000
0.2500000000000000 0.1500000000000000
0.5000000000000000 0.1500000000000000
0.7500000000000000 0.1500000000000000
1.0000000000000000 0.1500000000000000
0.0000000000000000 0.2000000000000000
0.2500000000000000 0.2000000000000000
0.5000000000000000 0.2000000000000000
0.7500000000000000 0.2000000000000000
1.0000000000000000 0.2000000000000000
0.0000000000000000 0.2500000000000000
0.2500000000000000 0.2500000000000000
0.5000000000000000 0.2500000000000000
0.7500000000000000 0.2500000000000000
1.0000000000000000 0.2500000000000000
0.0000000000000000 0.3000000000000000
0.2500000000000000 0.3000000000000000
0.5000000000000000 0.3000000000000000
0.7500000000000000 0.3000000000000000
1.0000000000000000 0.3000000000000000
0.0000000000000000 0.3500000000000000
0.2500000000000000 0.3500000000000000
0.5000000000000000 0.3500000000000000
0.7500000000000000 0.3500000000000000
1.0000000000000000 0.3500000000000000
0.0000000000000000 0.4000000000000000
0.2500000000000000 0.4000000000000000
0.5000000000000000 0.4000000000000000
0.7500000000000000 0.4000000000000000
1.0000000000000000 0.4000000000000000
0.0000000000000000 0.4500000000000000
0.2500000000000000 0.4500000000000000
0.5000000000000000 0.4500000000000000
0.7500000000000000 0.4500000000000000
1.0000000000000000 0.4500000000000000
0.0000000000000000 0.5000000000000000
0.2500000000000000 0.5000000000000000
0.5000000000000000 0.5000000000000000
0.7500000000000000 0.5000000000000000
1.0000000000000000 0.5000000000000000
0.0000000000000000 0.5500000000000000
0.2500000000000000 0.5500000000000000
0.5000000000000000 0.5500000000000000
0.7500000000000000 0.5500000000000000
1.0000000000000000 0.5500000000000000
0.0000000000000000 0.6000000000000001
0.2500000000000000 0.6000000000000001
0.5000000000000000 0.6000000000000001
0.7500000000000000 0.6000000000000001
1.0000000000000000 0.6000000000000001
0.0000000000000000 0.6500000000000000
0.2500000000000000 0.6500000000000000
0.5000000000000000 0.6500000000000000
0.7500000000000000 0.6500000000000000
1.0000000000000000 0.6500000000000000
0.0000000000000000 0.7000000000000001
0.2500000000000000 0.7000000000000001
0.5000000000000000 0.7000000000000001
0.7500000000000000 0.7000000000000001
1.0000000000000000 0.7000000000000001
0.0000000000000000 0.7500000000000000
0.2500000000000000 0.7500000000000000
0.5000000000000000 0.7500000000000000
0.7500000000000000 0.7500000000000000
1.0000000000000000 0.7500000000000000
0.0000000000000000 0.8000000000000000
0.2500000000000000 0.8000000000000000
0.5000000000000000 0.8000000000000000
0.7500000000000000 0.8000000000000000
1.0000000000000000 0.8000000000000000
0.0000000000000000 0.8500000000000001
0.2500000000000000 0.8500000000000001
0.5000000000000000 0.8500000000000001
0.7500000000000000 0.8500000000000001
1.0000000000000000 0.8500000000000001
0.0000000000000000 0.9000000000000000
0.2500000000000000 0.9000000000000000
0.5000000000000000 0.9000000000000000
0.7500000000000000 0.9000000000000000
1.0000000000000000 0.9000000000000000
0.0000000000000000 0.9500000000000001
0.2500000000000000 0.9500000000000001
0.5000000000000000 0.9500000000000001
0.7500000000000000 0.9500000000000001
1.0000000000000000 0.9500000000000001
0.0000000000000000 1.0000000000000000
0.2500000000000000 1.0000000000000000
0.5000000000000000 1.0000000000000000
0.7500000000000000 1.0000000000000000
1.0000000000000000 1.0000000000000000
0.1250000000000000 0.0250000000000000
0.3750000000000000 0.0250000000000000
0.6250000000000000 0.0250000000000000
0.8750000000000000 0.0250000000000000
0.1250000000000000 0.0750000000000000
0.3750000000000000 0.0750000000000000
0.6250000000000000 0.0750000000000000
0.8750000000000000 0.0750000000000000
0.1250000000000000 0.1250000000000000
0.3750000000000000 0.1250000000000000
0.6250000000000000 0.1250000000000000
0.8750000000000000 0.1250000000000000
0.1250000000000000 0.1750000000000000
0.3750000000000000 0.1750000000000000
0.6250000000000000 0.1750000000000000
0.8750000000000000 0.1750000000000000
0.1250000000000000 0.2250000000000000
0.3750000000000000 0.2250000000000000
0.6250000000000000 0.2250000000000000
0.8750000000000000 0.2250000000000000
0.1250000000000000 0.2750000000000000
0.3750000000000000 0.2750000000000000
0.6250000000000000 0.2750000000000000
0.8750000000000000 0.2750000000000000
0.1250000000000000 0.3250000000000000
0.3750000000000000 0.3250000000000000
0.6250000000000000 0.3250000000000000
0.8750000000000000 0.3250000000000000
0.1250000000000000 0.3750000000000000
0.3750000000000000 0.3750000000000000
0.6250000000000000 0.3750000000000000
0.8750000000000000 0.3750000000000000
0.1250000000000000 0.4250000000000000
0.3750000000000000 0.4250000000000000
0.6250000000000000 0.4250000000000000
0.8750000000000000 0.4250000000000000
0.1250000000000000 0.4750000000000000
0.3750000000000000 0.4750000000000000
0.6250000000000000 0.4750000000000000
0.8750000000000000 0.4750000000000000
0.1250000000000000 0.5250000000000000
0.3750000000000000 0.5250000000000000
0.6250000000000000 0.5250000000000000
0.8750000000000000 0.5250000000000000
0.1250000000000000 0.5750000000000001
0.3750000000000000 0.5750000000000001
0.6250000000000000 0.5750000000000001
0.8750000000000000 0.5750000000000001
0.1250000000000000 0.6250000000000000
0.3750000000000000 0.6250000000000000
0.6250000000000000 0.6250000000000000
0.8750000000000000 0.6250000000000000
0.1250000000000000 0.6750000000000000
0.3750000000000000 0.6750000000000000
0.6250000000000000 0.6750000000000000
0.8750000000000000 0.6750000000000000
0.1250000000000000 0.7250000000000001
0.3750000000000000 0.7250000000000001
0.6250000000000000 0.7250000000000001
0.8750000000000000 0.7250000000000001
0.1250000000000000 0.7750000000000000
0.3750000000000000 0.7750000000000000
0.6250000000000000 0.7750000000000000
0.8750000000000000 0.7750000000000000
0.1250000000000000 0.8250000000000001
0.3750000000000000 0.8250000000000001
0.6250000000000000 0.8250000000000001
0.8750000000000000 0.8250000000000001
0.1250000000000000 0.8750000000000000
0.3750000000000000 0.8750000000000000
0.6250000000000000 0.8750000000000000
0.8750000000000000 0.8750000000000000
0.1250000000000000 0.9250000000000000
0.3750000000000000 0.9250000000000000
0.6250000000000000 0.9250000000000000
0.8750000000000000 0.9250000000000000
0.1250000000000000 0.9750000000000001
0.3750000000000000 0.9750000000000001
0.6250000000000000 0.9750000000000001
0.8750000000000000 0.9750000000000001
# element connectivity: number of elements followed by the connectivity
320
3 1 2 106 
3 2 7 106 
3 7 6 106 
3 6 1 106 
3 2 3 107 
3 3 8 107 
3 8 7 107 
3 7 2 107 
3 3 4 108 
3 4 9 108 
3 9 8 108 
3 8 3 108 
3 4 5 109 
3 5 10 109 
3 10 9 109 
3 9 4 109 
3 6 7 110 
3 7 12 110 
3 12 11 110 
3 11 6 110 
3 7 8 111 
3 8 13 111 
3 13 12 111 
3 12 7 111 
3 8 9 112 
3 9 14 112 
3 14 13 112 
3 13 8 112 
3 9 10 113 
3 10 15 113 
3 15 14 113 
3 14 9 113 
3 11 12 114 
3 12 17 114 
3 17 16 114 
3 16 11 114 
3 12 13 115 
3 13 18 115 
3 18 17 115 
3 17 12 115 
3 13 14 116 
3 14 19 116 
3 19 18 116 
3 18 13 116 
3 14 15 117 
3 15 20 117 
3 20 19 117 
3 19 14 117 
3 16 17 118 
3 17 22 118 
3 22 21 118 
3 21 16 118 
3 17 18 119 
3 18 23 119 
3 23 22 119 
3 22 17 119 
3 18 19 120 
3 19 24 120 
3 24 23 120 
3 23 18 120 
3 19 20 121 
3 20 25 121 
3 25 24 121 
3 24 19 121 
3 21 22 122 
3 22 27 122 
3 27 26 122 
3 26 21 122 
3 22 23 123 
3 23 28 123 
3 28 27 123 
3 27 22 123 
3 23 24 124 
3 24 29 124 
3 29 28 124 
3 28 23 124 
3 24 25 125 
3 25 30 125 
3 30 29 125 
3 29 24 125 
3 26 27 126 
3 27 32 126 
3 32 31 126 
3 31 26 126 
3 27 28 127 
3 28 33 127 
3 33 32 127 
3 32 27 127 
3 28 29 128 
3 29 34 128 
3 34 33 128 
3 33 28 128 
3 29 30 129 
3 30 35 129 
3 35 34 129 
3 34 29 129 
3 31 32 130 
3 32 37 130 
3 37 36 130 
3 36 31 130 
3 32 33 131 
3 33 38 131 
3 38 37 131 
3 37 32 131 
3 33 34 132 
3 34 39 132 
3 39 38 132 
3 38 33 132 
3 34 35 133 
3 35 40 133 
3 40 39 133 
3 39 34 133 
3 36 37 134 
3 37 42 134 
3 42 41 134 
3 41 36 134 
3 37 38 135 
3 38 43 135 
3 43 42 135 
3 42 37 135 
3 38 39 136 
3 39 44 136 
3 44 43 136 
3 43 38 136 
3 39 40 137 
3 40 45 137 
3 45 44 137 
3 44 39 137 
3 41 42 138 
3 42 47 138 
3 47 46 138 
3 46 41 138 
3 42 43 139 
3 43 48 139 
3 48 47 139 
3 47 42 139 
3 43 44 140 
3 44 49 140 
3 49 48 140 
3 48 43 140 
3 44 45 141 
3 45 50 141 
3 50 49 141 
3 49 44 141 
3 46 47 142 
3 47 52 142 
3 52 51 142 
3 51 46 142 
3 47 48 143 
3 48 53 143 
3 53 52 143 
3 52 47 143 
3 48 49 144 
3 49 54 144 
3 54 53 144 
3 53 48 144 
3 49 50 145 
3 50 55 145 
3 55 54 145 
3 54 49 145 
3 51 52 146 
3 52 57 146 
3 57 56 146 
3 56 51 146 
3 52 53 147 
3 53 58 147 
3 58 57 147 
3 57 52 147 
3 53 54 148 
3 54 59 148 
3 59 58 148 
3 58 53 148 
3 54 55 149 
3 55 60 149 
3 60 59 149 
3 59 54 149 
3 56 57 150 
3 57 62 150 
3 62 61 150 
3 61 56 150 
3 57 58 151 
3 58 63 151 
3 63 62 151 
3 62 57 151 
3 58 59 152 
3 59 64 152 
3 64 63 152 
3 63 58 152 
3 59 60 153 
3 60 65 153 
3 65 64 153 
3 64 59 153 
3 61 62 154 
3 62 67 154 
3 67 66 154 
3 66 61 154 
3 62 63 155 
3 63 68 155 
3 68 67 155 
3 67 62 155 
3 63 64 156 
3 64 69 156 
3 69 68 156 
3 68 63 156 
3 64 65 157 
3 65 70 157 
3 70 69 157 
3 69 64 157 
3 66 67 158 
3 67 72 158 
3 72 71 158 
3 71 66 158 
3 67 68 159 
3 68 73 159 
3 73 72 159 
3 72 67 159 
3 68 69 160 
3 69 74 160 
3 74 73 160 
3 73 68 160 
3 69 70 161 
3 70 75 161 
3 75 74 161 
3 74 69 161 
3 71 72 162 
3 72 77 162 
3 77 76 162 
3 76 71 162 
3 72 73 163 
3 73 78 163 
3 78 77 163 
3 77 72 163 
3 73 74 164 
3 74 79 164 
3 79 78 164 
3 78 73 164 
3 74 75 165 
3 75 80 165 
3 80 79 165 
3 79 74 165 
3 76 77 166 
3 77 82 166 
3 82 81 166 
3 81 76 166 
3 77 78 167 
3 78 83 167 
3 83 82 167 
3 82 77 167 
3 78 79 168 
3 79 84 168 
3 84 83 168 
3 83 78 168 
3 79 80 169 
3 80 85 169 
3 85 84 169 
3 84 79 169 
3 81 82 170 
3 82 87 170 
3 87 86 170 
3 86 81 170 
3 82 83 171 
3 83 88 171 
3 88 87 171 
3 87 82 171 
3 83 84 172 
3 84 89 172 
3 89 88 172 
3 88 83 172 
3 84 85 173 
3 85 90 173 
3 90 89 173 
3 89 84 173 
3 86 87 174 
3 87 92 174 
3 92 91 174 
3 91 86 174 
3 87 88 175 
3 88 93 175 
3 93 92 175 
3 92 87 175 
3 88 89 176 
3 89 94 176 
3 94 93 176 
3 93 88 176 
3 89 90 177 
3 90 95 177 
3 95 94 177 
3 94 89 177 
3 91 92 178 
3 92 97 178 
3 97 96 178 
3 96 91 178 
3 92 93 179 
3 93 98 179 
3 98 97 179 
3 97 92 179 
3 93 94 180 
3 94 99 180 
3 99 98 180 
3 98 93 180 
3 94 95 181 
3 95 100 181 
3 100 99 181 
3 99 94 181 
3 96 97 182 
3 97 102 182 
3 102 101 182 
3 101 96 182 
3 97 98 183 
3 98 103 183 
3 103 102 183 
3 102 97 183 
3 98 99 184 
3 99 104 184 
3 104 103 184 
3 103 98 184 
3 99 100 185 
3 100 105 185 
3 105 104 185 
3 104 99 185 
# indices of nodes located on the boundary
1 2 3 4 5 6 10 11 15 16 20 21 25 26 30 31 35 36 40 41 45 46 50 51 55 56 60 61 65 66 70 71 75 76 80 81 85 86 90 91 95 96 100 101 102 103 104 105 
