# domain type
Triangular
# nodal coordinates: number of nodes followed by the coordinates
53
0.0000000000000000 0.0000000000000000
0.5000000000000000 0.0000000000000000
1.0000000000000000 0.0000000000000000
0.0000000000000000 0.1000000000000000
0.5000000000000000 0.1000000000000000
1.0000000000000000 0.1000000000000000
0.0000000000000000 0.2000000000000000
0.5000000000000000 0.2000000000000000
1.0000000000000000 0.2000000000000000
0.0000000000000000 0.3000000000000000
0.5000000000000000 0.3000000000000000
1.0000000000000000 0.3000000000000000
0.0000000000000000 0.4000000000000000
0.5000000000000000 0.4000000000000000
1.0000000000000000 0.4000000000000000
0.0000000000000000 0.5000000000000000
0.5000000000000000 0.5000000000000000
1.0000000000000000 0.5000000000000000
0.0000000000000000 0.6000000000000001
0.5000000000000000 0.6000000000000001
1.0000000000000000 0.6000000000000001
0.0000000000000000 0.7000000000000001
0.5000000000000000 0.7000000000000001
1.0000000000000000 0.7000000000000001
0.0000000000000000 0.8000000000000000
0.5000000000000000 0.8000000000000000
1.0000000000000000 0.8000000000000000
0.0000000000000000 0.9000000000000000
0.5000000000000000 0.9000000000000000
1.0000000000000000 0.9000000000000000
0.0000000000000000 1.0000000000000000
0.5000000000000000 1.0000000000000000
1.0000000000000000 1.0000000000000000
0.2500000000000000 0.0500000000000000
0.7500000000000000 0.0500000000000000
0.2500000000000000 0.1500000000000000
0.7500000000000000 0.1500000000000000
0.2500000000000000 0.2500000000000000
0.7500000000000000 0.2500000000000000
0.2500000000000000 0.3500000000000000
0.7500000000000000 0.3500000000000000
0.2500000000000000 0.4500000000000000
0.7500000000000000 0.4500000000000000
0.2500000000000000 0.5500000000000000
0.7500000000000000 0.5500000000000000
0.2500000000000000 0.6500000000000000
0.7500000000000000 0.6500000000000000
0.2500000000000000 0.7500000000000000
0.7500000000000000 0.7500000000000000
0.2500000000000000 0.8500000000000001
0.7500000000000000 0.8500000000000001
0.2500000000000000 0.9500000000000001
0.7500000000000000 0.9500000000000001
# element connectivity: number of elements followed by the connectivity
80
3 1 2 34 
3 2 5 34 
3 5 4 34 
3 4 1 34 
3 2 3 35 
3 3 6 35 
3 6 5 35 
3 5 2 35 
3 4 5 36 
3 5 8 36 
3 8 7 36 
3 7 4 36 
3 5 6 37 
3 6 9 37 
3 9 8 37 
3 8 5 37 
3 7 8 38 
3 8 11 38 
3 11 10 38 
3 10 7 38 
3 8 9 39 
3 9 12 39 
3 12 11 39 
3 11 8 39 
3 10 11 40 
3 11 14 40 
3 14 13 40 
3 13 10 40 
3 11 12 41 
3 12 15 41 
3 15 14 41 
3 14 11 41 
3 13 14 42 
3 14 17 42 
3 17 16 42 
3 16 13 42 
3 14 15 43 
3 15 18 43 
3 18 17 43 
3 17 14 43 
3 16 17 44 
3 17 20 44 
3 20 19 44 
3 19 16 44 
3 17 18 45 
3 18 21 45 
3 21 20 45 
3 20 17 45 
3 19 20 46 
3 20 23 46 
3 23 22 46 
3 22 19 46 
3 20 21 47 
3 21 24 47 
3 24 23 47 
3 23 20 47 
3 22 23 48 
3 23 26 48 
3 26 25 48 
3 25 22 48 
3 23 24 49 
3 24 27 49 
3 27 26 49 
3 26 23 49 
3 25 26 50 
3 26 29 50 
3 29 28 50 
3 28 25 50 
3 26 27 51 
3 27 30 51 
3 30 29 51 
3 29 26 51 
3 28 29 52 
3 29 32 52 
3 32 31 52 
3 31 28 52 
3 29 30 53 
3 30 33 53 
3 33 32 53 
3 32 29 53 
# indices of nodes located on the boundary
1 2 3 4 6 7 9 10 12 13 15 16 18 19 21 22 24 25 27 28 30 31 32 33 
