# domain type
Triangular
# nodal coordinates: number of nodes followed by the coordinates
676
0.0000000000000000 0.0000000000000000
0.0000000000000000 0.0400000000000000
0.0000000000000000 0.0800000000000000
0.0000000000000000 0.1200000000000000
0.0000000000000000 0.1600000000000000
0.0000000000000000 0.2000000000000000
0.0000000000000000 0.2400000000000000
0.0000000000000000 0.2800000000000000
0.0000000000000000 0.3200000000000000
0.0000000000000000 0.3600000000000000
0.0000000000000000 0.4000000000000000
0.0000000000000000 0.4400000000000000
0.0000000000000000 0.4800000000000000
0.0000000000000000 0.5200000000000000
0.0000000000000000 0.5600000000000001
0.0000000000000000 0.6000000000000000
0.0000000000000000 0.6400000000000000
0.0000000000000000 0.6800000000000000
0.0000000000000000 0.7200000000000000
0.0000000000000000 0.7600000000000000
0.0000000000000000 0.8000000000000000
0.0000000000000000 0.8400000000000000
0.0000000000000000 0.8800000000000000
0.0000000000000000 0.9200000000000000
0.0000000000000000 0.9600000000000000
0.0000000000000000 1.0000000000000000
0.0400000000000000 0.0000000000000000
0.0400000000000000 0.0400000000000000
0.0400000000000000 0.0800000000000000
0.0400000000000000 0.1200000000000000
0.0400000000000000 0.1600000000000000
0.0400000000000000 0.2000000000000000
0.0400000000000000 0.2400000000000000
0.0400000000000000 0.2800000000000000
0.0400000000000000 0.3200000000000000
0.0400000000000000 0.3600000000000000
0.0400000000000000 0.4000000000000000
0.0400000000000000 0.4400000000000000
0.0400000000000000 0.4800000000000000
0.0400000000000000 0.5200000000000000
0.0400000000000000 0.5600000000000001
0.0400000000000000 0.6000000000000000
0.0400000000000000 0.6400000000000000
0.0400000000000000 0.6800000000000000
0.0400000000000000 0.7200000000000000
0.0400000000000000 0.7600000000000000
0.0400000000000000 0.8000000000000000
0.0400000000000000 0.8400000000000000
0.0400000000000000 0.8800000000000000
0.0400000000000000 0.9200000000000000
0.0400000000000000 0.9600000000000000
0.0400000000000000 1.0000000000000000
0.0800000000000000 0.0000000000000000
0.0800000000000000 0.0400000000000000
0.0800000000000000 0.0800000000000000
0.0800000000000000 0.1200000000000000
0.0800000000000000 0.1600000000000000
0.0800000000000000 0.2000000000000000
0.0800000000000000 0.2400000000000000
0.0800000000000000 0.2800000000000000
0.0800000000000000 0.3200000000000000
0.0800000000000000 0.3600000000000000
0.0800000000000000 0.4000000000000000
0.0800000000000000 0.4400000000000000
0.0800000000000000 0.4800000000000000
0.0800000000000000 0.5200000000000000
0.0800000000000000 0.5600000000000001
0.0800000000000000 0.6000000000000000
0.0800000000000000 0.6400000000000000
0.0800000000000000 0.6800000000000000
0.0800000000000000 0.7200000000000000
0.0800000000000000 0.7600000000000000
0.0800000000000000 0.8000000000000000
0.0800000000000000 0.8400000000000000
0.0800000000000000 0.8800000000000000
0.0800000000000000 0.9200000000000000
0.0800000000000000 0.9600000000000000
0.0800000000000000 1.0000000000000000
0.1200000000000000 0.0000000000000000
0.1200000000000000 0.0400000000000000
0.1200000000000000 0.0800000000000000
0.1200000000000000 0.1200000000000000
0.1200000000000000 0.1600000000000000
0.1200000000000000 0.2000000000000000
0.1200000000000000 0.2400000000000000
0.1200000000000000 0.2800000000000000
0.1200000000000000 0.3200000000000000
0.1200000000000000 0.3600000000000000
0.1200000000000000 0.4000000000000000
0.1200000000000000 0.4400000000000000
0.1200000000000000 0.4800000000000000
0.1200000000000000 0.5200000000000000
0.1200000000000000 0.5600000000000001
0.1200000000000000 0.6000000000000000
0.1200000000000000 0.6400000000000000
0.1200000000000000 0.6800000000000000
0.1200000000000000 0.7200000000000000
0.1200000000000000 0.7600000000000000
0.1200000000000000 0.8000000000000000
0.1200000000000000 0.8400000000000000
0.1200000000000000 0.8800000000000000
0.1200000000000000 0.9200000000000000
0.1200000000000000 0.9600000000000000
0.1200000000000000 1.0000000000000000
0.1600000000000000 0.0000000000000000
0.1600000000000000 0.0400000000000000
0.1600000000000000 0.0800000000000000
0.1600000000000000 0.1200000000000000
0.1600000000000000 0.1600000000000000
0.1600000000000000 0.2000000000000000
0.1600000000000000 0.2400000000000000
0.1600000000000000 0.2800000000000000
0.1600000000000000 0.3200000000000000
0.1600000000000000 0.3600000000000000
0.1600000000000000 0.4000000000000000
0.1600000000000000 0.4400000000000000
0.1600000000000000 0.4800000000000000
0.1600000000000000 0.5200000000000000
0.1600000000000000 0.5600000000000001
0.1600000000000000 0.6000000000000000
0.1600000000000000 0.6400000000000000
0.1600000000000000 0.6800000000000000
0.1600000000000000 0.7200000000000000
0.1600000000000000 0.7600000000000000
0.1600000000000000 0.8000000000000000
0.1600000000000000 0.8400000000000000
0.1600000000000000 0.8800000000000000
0.1600000000000000 0.9200000000000000
0.1600000000000000 0.9600000000000000
0.1600000000000000 1.0000000000000000
0.2000000000000000 0.0000000000000000
0.2000000000000000 0.0400000000000000
0.2000000000000000 0.0800000000000000
0.2000000000000000 0.1200000000000000
0.2000000000000000 0.1600000000000000
0.2000000000000000 0.2000000000000000
0.2000000000000000 0.2400000000000000
0.2000000000000000 0.2800000000000000
0.2000000000000000 0.3200000000000000
0.2000000000000000 0.3600000000000000
0.2000000000000000 0.4000000000000000
0.2000000000000000 0.4400000000000000
0.2000000000000000 0.4800000000000000
0.2000000000000000 0.5200000000000000
0.2000000000000000 0.5600000000000001
0.2000000000000000 0.6000000000000000
0.2000000000000000 0.6400000000000000
0.2000000000000000 0.6800000000000000
0.2000000000000000 0.7200000000000000
0.2000000000000000 0.7600000000000000
0.2000000000000000 0.8000000000000000
0.2000000000000000 0.8400000000000000
0.2000000000000000 0.8800000000000000
0.2000000000000000 0.9200000000000000
0.2000000000000000 0.9600000000000000
0.2000000000000000 1.0000000000000000
0.2400000000000000 0.0000000000000000
0.2400000000000000 0.0400000000000000
0.2400000000000000 0.0800000000000000
0.2400000000000000 0.1200000000000000
0.2400000000000000 0.1600000000000000
0.2400000000000000 0.2000000000000000
0.2400000000000000 0.2400000000000000
0.2400000000000000 0.2800000000000000
0.2400000000000000 0.3200000000000000
0.2400000000000000 0.3600000000000000
0.2400000000000000 0.4000000000000000
0.2400000000000000 0.4400000000000000
0.2400000000000000 0.4800000000000000
0.2400000000000000 0.5200000000000000
0.2400000000000000 0.5600000000000001
0.2400000000000000 0.6000000000000000
0.2400000000000000 0.6400000000000000
0.2400000000000000 0.6800000000000000
0.2400000000000000 0.7200000000000000
0.2400000000000000 0.7600000000000000
0.2400000000000000 0.8000000000000000
0.2400000000000000 0.8400000000000000
0.2400000000000000 0.8800000000000000
0.2400000000000000 0.9200000000000000
0.2400000000000000 0.9600000000000000
0.2400000000000000 1.0000000000000000
0.2800000000000000 0.0000000000000000
0.2800000000000000 0.0400000000000000
0.2800000000000000 0.0800000000000000
0.2800000000000000 0.1200000000000000
0.2800000000000000 0.1600000000000000
0.2800000000000000 0.2000000000000000
0.2800000000000000 0.2400000000000000
0.2800000000000000 0.2800000000000000
0.2800000000000000 0.3200000000000000
0.2800000000000000 0.3600000000000000
0.2800000000000000 0.4000000000000000
0.2800000000000000 0.4400000000000000
0.2800000000000000 0.4800000000000000
0.2800000000000000 0.5200000000000000
0.2800000000000000 0.5600000000000001
0.2800000000000000 0.6000000000000000
0.2800000000000000 0.6400000000000000
0.2800000000000000 0.6800000000000000
0.2800000000000000 0.7200000000000000
0.2800000000000000 0.7600000000000000
0.2800000000000000 0.8000000000000000
0.2800000000000000 0.8400000000000000
0.2800000000000000 0.8800000000000000
0.2800000000000000 0.9200000000000000
0.2800000000000000 0.9600000000000000
0.2800000000000000 1.0000000000000000
0.3200000000000000 0.0000000000000000
0.3200000000000000 0.0400000000000000
0.3200000000000000 0.0800000000000000
0.3200000000000000 0.1200000000000000
0.3200000000000000 0.1600000000000000
0.3200000000000000 0.2000000000000000
0.3200000000000000 0.2400000000000000
0.3200000000000000 0.2800000000000000
0.3200000000000000 0.3200000000000000
0.3200000000000000 0.3600000000000000
0.3200000000000000 0.4000000000000000
0.3200000000000000 0.4400000000000000
0.3200000000000000 0.4800000000000000
0.3200000000000000 0.5200000000000000
0.3200000000000000 0.5600000000000001
0.3200000000000000 0.6000000000000000
0.3200000000000000 0.6400000000000000
0.3200000000000000 0.6800000000000000
0.3200000000000000 0.7200000000000000
0.3200000000000000 0.7600000000000000
0.3200000000000000 0.8000000000000000
0.3200000000000000 0.8400000000000000
0.3200000000000000 0.8800000000000000
0.3200000000000000 0.9200000000000000
0.3200000000000000 0.9600000000000000
0.3200000000000000 1.0000000000000000
0.3600000000000000 0.0000000000000000
0.3600000000000000 0.0400000000000000
0.3600000000000000 0.0800000000000000
0.3600000000000000 0.1200000000000000
0.3600000000000000 0.1600000000000000
0.3600000000000000 0.2000000000000000
0.3600000000000000 0.2400000000000000
0.3600000000000000 0.2800000000000000
0.3600000000000000 0.3200000000000000
0.3600000000000000 0.3600000000000000
0.3600000000000000 0.4000000000000000
0.3600000000000000 0.4400000000000000
0.3600000000000000 0.4800000000000000
0.3600000000000000 0.5200000000000000
0.3600000000000000 0.5600000000000001
0.3600000000000000 0.6000000000000000
0.3600000000000000 0.6400000000000000
0.3600000000000000 0.6800000000000000
0.3600000000000000 0.7200000000000000
0.3600000000000000 0.7600000000000000
0.3600000000000000 0.8000000000000000
0.3600000000000000 0.8400000000000000
0.3600000000000000 0.8800000000000000
0.3600000000000000 0.9200000000000000
0.3600000000000000 0.9600000000000000
0.3600000000000000 1.0000000000000000
0.4000000000000000 0.0000000000000000
0.4000000000000000 0.0400000000000000
0.4000000000000000 0.0800000000000000
0.4000000000000000 0.1200000000000000
0.4000000000000000 0.1600000000000000
0.4000000000000000 0.2000000000000000
0.4000000000000000 0.2400000000000000
0.4000000000000000 0.2800000000000000
0.4000000000000000 0.3200000000000000
0.4000000000000000 0.3600000000000000
0.4000000000000000 0.4000000000000000
0.4000000000000000 0.4400000000000000
0.4000000000000000 0.4800000000000000
0.4000000000000000 0.5200000000000000
0.4000000000000000 0.5600000000000001
0.4000000000000000 0.6000000000000000
0.4000000000000000 0.6400000000000000
0.4000000000000000 0.6800000000000000
0.4000000000000000 0.7200000000000000
0.4000000000000000 0.7600000000000000
0.4000000000000000 0.8000000000000000
0.4000000000000000 0.8400000000000000
0.4000000000000000 0.8800000000000000
0.4000000000000000 0.9200000000000000
0.4000000000000000 0.9600000000000000
0.4000000000000000 1.0000000000000000
0.4400000000000000 0.0000000000000000
0.4400000000000000 0.0400000000000000
0.4400000000000000 0.0800000000000000
0.4400000000000000 0.1200000000000000
0.4400000000000000 0.1600000000000000
0.4400000000000000 0.2000000000000000
0.4400000000000000 0.2400000000000000
0.4400000000000000 0.2800000000000000
0.4400000000000000 0.3200000000000000
0.4400000000000000 0.3600000000000000
0.4400000000000000 0.4000000000000000
0.4400000000000000 0.4400000000000000
0.4400000000000000 0.4800000000000000
0.4400000000000000 0.5200000000000000
0.4400000000000000 0.5600000000000001
0.4400000000000000 0.6000000000000000
0.4400000000000000 0.6400000000000000
0.4400000000000000 0.6800000000000000
0.4400000000000000 0.7200000000000000
0.4400000000000000 0.7600000000000000
0.4400000000000000 0.8000000000000000
0.4400000000000000 0.8400000000000000
0.4400000000000000 0.8800000000000000
0.4400000000000000 0.9200000000000000
0.4400000000000000 0.9600000000000000
0.4400000000000000 1.0000000000000000
0.4800000000000000 0.0000000000000000
0.4800000000000000 0.0400000000000000
0.4800000000000000 0.0800000000000000
0.4800000000000000 0.1200000000000000
0.4800000000000000 0.1600000000000000
0.4800000000000000 0.2000000000000000
0.4800000000000000 0.2400000000000000
0.4800000000000000 0.2800000000000000
0.4800000000000000 0.3200000000000000
0.4800000000000000 0.3600000000000000
0.4800000000000000 0.4000000000000000
0.4800000000000000 0.4400000000000000
0.4800000000000000 0.4800000000000000
0.4800000000000000 0.5200000000000000
0.4800000000000000 0.5600000000000001
0.4800000000000000 0.6000000000000000
0.4800000000000000 0.6400000000000000
0.4800000000000000 0.6800000000000000
0.4800000000000000 0.7200000000000000
0.4800000000000000 0.7600000000000000
0.4800000000000000 0.8000000000000000
0.4800000000000000 0.8400000000000000
0.4800000000000000 0.8800000000000000
0.4800000000000000 0.9200000000000000
0.4800000000000000 0.9600000000000000
0.4800000000000000 1.0000000000000000
0.5200000000000000 0.0000000000000000
0.5200000000000000 0.0400000000000000
0.5200000000000000 0.0800000000000000
0.5200000000000000 0.1200000000000000
0.5200000000000000 0.1600000000000000
0.5200000000000000 0.2000000000000000
0.5200000000000000 0.2400000000000000
0.5200000000000000 0.2800000000000000
0.5200000000000000 0.3200000000000000
0.5200000000000000 0.3600000000000000
0.5200000000000000 0.4000000000000000
0.5200000000000000 0.4400000000000000
0.5200000000000000 0.4800000000000000
0.5200000000000000 0.5200000000000000
0.5200000000000000 0.5600000000000001
0.5200000000000000 0.6000000000000000
0.5200000000000000 0.6400000000000000
0.5200000000000000 0.6800000000000000
0.5200000000000000 0.7200000000000000
0.5200000000000000 0.7600000000000000
0.5200000000000000 0.8000000000000000
0.5200000000000000 0.8400000000000000
0.5200000000000000 0.8800000000000000
0.5200000000000000 0.9200000000000000
0.5200000000000000 0.9600000000000000
0.5200000000000000 1.0000000000000000
0.5600000000000001 0.0000000000000000
0.5600000000000001 0.0400000000000000
0.5600000000000001 0.0800000000000000
0.5600000000000001 0.1200000000000000
0.5600000000000001 0.1600000000000000
0.5600000000000001 0.2000000000000000
0.5600000000000001 0.2400000000000000
0.5600000000000001 0.2800000000000000
0.5600000000000001 0.3200000000000000
0.5600000000000001 0.3600000000000000
0.5600000000000001 0.4000000000000000
0.5600000000000001 0.4400000000000000
0.5600000000000001 0.4800000000000000
0.5600000000000001 0.5200000000000000
0.5600000000000001 0.5600000000000001
0.5600000000000001 0.6000000000000000
0.5600000000000001 0.6400000000000000
0.5600000000000001 0.6800000000000000
0.5600000000000001 0.7200000000000000
0.5600000000000001 0.7600000000000000
0.5600000000000001 0.8000000000000000
0.5600000000000001 0.8400000000000000
0.5600000000000001 0.8800000000000000
0.5600000000000001 0.9200000000000000
0.5600000000000001 0.9600000000000000
0.5600000000000001 1.0000000000000000
0.6000000000000000 0.0000000000000000
0.6000000000000000 0.0400000000000000
0.6000000000000000 0.0800000000000000
0.6000000000000000 0.1200000000000000
0.6000000000000000 0.1600000000000000
0.6000000000000000 0.2000000000000000
0.6000000000000000 0.2400000000000000
0.6000000000000000 0.2800000000000000
0.6000000000000000 0.3200000000000000
0.6000000000000000 0.3600000000000000
0.6000000000000000 0.4000000000000000
0.6000000000000000 0.4400000000000000
0.6000000000000000 0.4800000000000000
0.6000000000000000 0.5200000000000000
0.6000000000000000 0.5600000000000001
0.6000000000000000 0.6000000000000000
0.6000000000000000 0.6400000000000000
0.6000000000000000 0.6800000000000000
0.6000000000000000 0.7200000000000000
0.6000000000000000 0.7600000000000000
0.6000000000000000 0.8000000000000000
0.6000000000000000 0.8400000000000000
0.6000000000000000 0.8800000000000000
0.6000000000000000 0.9200000000000000
0.6000000000000000 0.9600000000000000
0.6000000000000000 1.0000000000000000
0.6400000000000000 0.0000000000000000
0.6400000000000000 0.0400000000000000
0.6400000000000000 0.0800000000000000
0.6400000000000000 0.1200000000000000
0.6400000000000000 0.1600000000000000
0.6400000000000000 0.2000000000000000
0.6400000000000000 0.2400000000000000
0.6400000000000000 0.2800000000000000
0.6400000000000000 0.3200000000000000
0.6400000000000000 0.3600000000000000
0.6400000000000000 0.4000000000000000
0.6400000000000000 0.4400000000000000
0.6400000000000000 0.4800000000000000
0.6400000000000000 0.5200000000000000
0.6400000000000000 0.5600000000000001
0.6400000000000000 0.6000000000000000
0.6400000000000000 0.6400000000000000
0.6400000000000000 0.6800000000000000
0.6400000000000000 0.7200000000000000
0.6400000000000000 0.7600000000000000
0.6400000000000000 0.8000000000000000
0.6400000000000000 0.8400000000000000
0.6400000000000000 0.8800000000000000
0.6400000000000000 0.9200000000000000
0.6400000000000000 0.9600000000000000
0.6400000000000000 1.0000000000000000
0.6800000000000000 0.0000000000000000
0.6800000000000000 0.0400000000000000
0.6800000000000000 0.0800000000000000
0.6800000000000000 0.1200000000000000
0.6800000000000000 0.1600000000000000
0.6800000000000000 0.2000000000000000
0.6800000000000000 0.2400000000000000
0.6800000000000000 0.2800000000000000
0.6800000000000000 0.3200000000000000
0.6800000000000000 0.3600000000000000
0.6800000000000000 0.4000000000000000
0.6800000000000000 0.4400000000000000
0.6800000000000000 0.4800000000000000
0.6800000000000000 0.5200000000000000
0.6800000000000000 0.5600000000000001
0.6800000000000000 0.6000000000000000
0.6800000000000000 0.6400000000000000
0.6800000000000000 0.6800000000000000
0.6800000000000000 0.7200000000000000
0.6800000000000000 0.7600000000000000
0.6800000000000000 0.8000000000000000
0.6800000000000000 0.8400000000000000
0.6800000000000000 0.8800000000000000
0.6800000000000000 0.9200000000000000
0.6800000000000000 0.9600000000000000
0.6800000000000000 1.0000000000000000
0.7200000000000000 0.0000000000000000
0.7200000000000000 0.0400000000000000
0.7200000000000000 0.0800000000000000
0.7200000000000000 0.1200000000000000
0.7200000000000000 0.1600000000000000
0.7200000000000000 0.2000000000000000
0.7200000000000000 0.2400000000000000
0.7200000000000000 0.2800000000000000
0.7200000000000000 0.3200000000000000
0.7200000000000000 0.3600000000000000
0.7200000000000000 0.4000000000000000
0.7200000000000000 0.4400000000000000
0.7200000000000000 0.4800000000000000
0.7200000000000000 0.5200000000000000
0.7200000000000000 0.5600000000000001
0.7200000000000000 0.6000000000000000
0.7200000000000000 0.6400000000000000
0.7200000000000000 0.6800000000000000
0.7200000000000000 0.7200000000000000
0.7200000000000000 0.7600000000000000
0.7200000000000000 0.8000000000000000
0.7200000000000000 0.8400000000000000
0.7200000000000000 0.8800000000000000
0.7200000000000000 0.9200000000000000
0.7200000000000000 0.9600000000000000
0.7200000000000000 1.0000000000000000
0.7600000000000000 0.0000000000000000
0.7600000000000000 0.0400000000000000
0.7600000000000000 0.0800000000000000
0.7600000000000000 0.1200000000000000
0.7600000000000000 0.1600000000000000
0.7600000000000000 0.2000000000000000
0.7600000000000000 0.2400000000000000
0.7600000000000000 0.2800000000000000
0.7600000000000000 0.3200000000000000
0.7600000000000000 0.3600000000000000
0.7600000000000000 0.4000000000000000
0.7600000000000000 0.4400000000000000
0.7600000000000000 0.4800000000000000
0.7600000000000000 0.5200000000000000
0.7600000000000000 0.5600000000000001
0.7600000000000000 0.6000000000000000
0.7600000000000000 0.6400000000000000
0.7600000000000000 0.6800000000000000
0.7600000000000000 0.7200000000000000
0.7600000000000000 0.7600000000000000
0.7600000000000000 0.8000000000000000
0.7600000000000000 0.8400000000000000
0.7600000000000000 0.8800000000000000
0.7600000000000000 0.9200000000000000
0.7600000000000000 0.9600000000000000
0.7600000000000000 1.0000000000000000
0.8000000000000000 0.0000000000000000
0.8000000000000000 0.0400000000000000
0.8000000000000000 0.0800000000000000
0.8000000000000000 0.1200000000000000
0.8000000000000000 0.1600000000000000
0.8000000000000000 0.2000000000000000
0.8000000000000000 0.2400000000000000
0.8000000000000000 0.2800000000000000
0.8000000000000000 0.3200000000000000
0.8000000000000000 0.3600000000000000
0.8000000000000000 0.4000000000000000
0.8000000000000000 0.4400000000000000
0.8000000000000000 0.4800000000000000
0.8000000000000000 0.5200000000000000
0.8000000000000000 0.5600000000000001
0.8000000000000000 0.6000000000000000
0.8000000000000000 0.6400000000000000
0.8000000000000000 0.6800000000000000
0.8000000000000000 0.7200000000000000
0.8000000000000000 0.7600000000000000
0.8000000000000000 0.8000000000000000
0.8000000000000000 0.8400000000000000
0.8000000000000000 0.8800000000000000
0.8000000000000000 0.9200000000000000
0.8000000000000000 0.9600000000000000
0.8000000000000000 1.0000000000000000
0.8400000000000000 0.0000000000000000
0.8400000000000000 0.0400000000000000
0.8400000000000000 0.0800000000000000
0.8400000000000000 0.1200000000000000
0.8400000000000000 0.1600000000000000
0.8400000000000000 0.2000000000000000
0.8400000000000000 0.2400000000000000
0.8400000000000000 0.2800000000000000
0.8400000000000000 0.3200000000000000
0.8400000000000000 0.3600000000000000
0.8400000000000000 0.4000000000000000
0.8400000000000000 0.4400000000000000
0.8400000000000000 0.4800000000000000
0.8400000000000000 0.5200000000000000
0.8400000000000000 0.5600000000000001
0.8400000000000000 0.6000000000000000
0.8400000000000000 0.6400000000000000
0.8400000000000000 0.6800000000000000
0.8400000000000000 0.7200000000000000
0.8400000000000000 0.7600000000000000
0.8400000000000000 0.8000000000000000
0.8400000000000000 0.8400000000000000
0.8400000000000000 0.8800000000000000
0.8400000000000000 0.9200000000000000
0.8400000000000000 0.9600000000000000
0.8400000000000000 1.0000000000000000
0.8800000000000000 0.0000000000000000
0.8800000000000000 0.0400000000000000
0.8800000000000000 0.0800000000000000
0.8800000000000000 0.1200000000000000
0.8800000000000000 0.1600000000000000
0.8800000000000000 0.2000000000000000
0.8800000000000000 0.2400000000000000
0.8800000000000000 0.2800000000000000
0.8800000000000000 0.3200000000000000
0.8800000000000000 0.3600000000000000
0.8800000000000000 0.4000000000000000
0.8800000000000000 0.4400000000000000
0.8800000000000000 0.4800000000000000
0.8800000000000000 0.5200000000000000
0.8800000000000000 0.5600000000000001
0.8800000000000000 0.6000000000000000
0.8800000000000000 0.6400000000000000
0.8800000000000000 0.6800000000000000
0.8800000000000000 0.7200000000000000
0.8800000000000000 0.7600000000000000
0.8800000000000000 0.8000000000000000
0.8800000000000000 0.8400000000000000
0.8800000000000000 0.8800000000000000
0.8800000000000000 0.9200000000000000
0.8800000000000000 0.9600000000000000
0.8800000000000000 1.0000000000000000
0.9200000000000000 0.0000000000000000
0.9200000000000000 0.0400000000000000
0.9200000000000000 0.0800000000000000
0.9200000000000000 0.1200000000000000
0.9200000000000000 0.1600000000000000
0.9200000000000000 0.2000000000000000
0.9200000000000000 0.2400000000000000
0.9200000000000000 0.2800000000000000
0.9200000000000000 0.3200000000000000
0.9200000000000000 0.3600000000000000
0.9200000000000000 0.4000000000000000
0.9200000000000000 0.4400000000000000
0.9200000000000000 0.4800000000000000
0.9200000000000000 0.5200000000000000
0.9200000000000000 0.5600000000000001
0.9200000000000000 0.6000000000000000
0.9200000000000000 0.6400000000000000
0.9200000000000000 0.6800000000000000
0.9200000000000000 0.7200000000000000
0.9200000000000000 0.7600000000000000
0.9200000000000000 0.8000000000000000
0.9200000000000000 0.8400000000000000
0.9200000000000000 0.8800000000000000
0.9200000000000000 0.9200000000000000
0.9200000000000000 0.9600000000000000
0.9200000000000000 1.0000000000000000
0.9600000000000000 0.0000000000000000
0.9600000000000000 0.0400000000000000
0.9600000000000000 0.0800000000000000
0.9600000000000000 0.1200000000000000
0.9600000000000000 0.1600000000000000
0.9600000000000000 0.2000000000000000
0.9600000000000000 0.2400000000000000
0.9600000000000000 0.2800000000000000
0.9600000000000000 0.3200000000000000
0.9600000000000000 0.3600000000000000
0.9600000000000000 0.4000000000000000
0.9600000000000000 0.4400000000000000
0.9600000000000000 0.4800000000000000
0.9600000000000000 0.5200000000000000
0.9600000000000000 0.5600000000000001
0.9600000000000000 0.6000000000000000
0.9600000000000000 0.6400000000000000
0.9600000000000000 0.6800000000000000
0.9600000000000000 0.7200000000000000
0.9600000000000000 0.7600000000000000
0.9600000000000000 0.8000000000000000
0.9600000000000000 0.8400000000000000
0.9600000000000000 0.8800000000000000
0.9600000000000000 0.9200000000000000
0.9600000000000000 0.9600000000000000
0.9600000000000000 1.0000000000000000
1.0000000000000000 0.0000000000000000
1.0000000000000000 0.0400000000000000
1.0000000000000000 0.0800000000000000
1.0000000000000000 0.1200000000000000
1.0000000000000000 0.1600000000000000
1.0000000000000000 0.2000000000000000
1.0000000000000000 0.2400000000000000
1.0000000000000000 0.2800000000000000
1.0000000000000000 0.3200000000000000
1.0000000000000000 0.3600000000000000
1.0000000000000000 0.4000000000000000
1.0000000000000000 0.4400000000000000
1.0000000000000000 0.4800000000000000
1.0000000000000000 0.5200000000000000
1.0000000000000000 0.5600000000000001
1.0000000000000000 0.6000000000000000
1.0000000000000000 0.6400000000000000
1.0000000000000000 0.6800000000000000
1.0000000000000000 0.7200000000000000
1.0000000000000000 0.7600000000000000
1.0000000000000000 0.8000000000000000
1.0000000000000000 0.8400000000000000
1.0000000000000000 0.8800000000000000
1.0000000000000000 0.9200000000000000
1.0000000000000000 0.9600000000000000
1.0000000000000000 1.0000000000000000
# element connectivity: number of elements followed by the connectivity
1250
3 99 73 98
3 255 230 229
3 342 343 317
3 141 140 166
3 92 117 118
3 594 569 568
3 429 454 455
3 325 299 324
3 448 449 423
3 504 479 478
3 595 570 569
3 607 608 582
3 314 288 313
3 91 66 65
3 54 29 28
3 79 80 54
3 4 3 29
3 210 184 209
3 122 97 96
3 86 87 61
3 351 325 350
3 211 210 236
3 38 12 37
3 14 13 39
3 32 7 6
3 122 96 121
3 93 67 92
3 98 97 123
3 96 95 121
3 411 385 410
3 154 180 155
3 390 415 416
3 98 72 97
3 231 205 230
3 415 414 440
3 143 118 117
3 243 244 218
3 305 331 306
3 562 563 537
3 438 437 463
3 408 434 409
3 588 613 614
3 458 484 459
3 415 441 416
3 542 568 543
3 494 493 519
3 441 415 440
3 545 519 544
3 641 642 616
3 649 648 674
3 534 535 509
3 633 634 608
3 475 501 476
3 535 560 561
3 429 455 430
3 344 343 369
3 558 557 583
3 560 534 559
3 457 483 458
3 448 474 449
3 189 163 188
3 550 524 549
3 602 603 577
3 600 599 625
3 548 549 523
3 133 107 132
3 82 57 56
3 58 59 33
3 190 165 164
3 33 34 8
3 266 241 240
3 162 163 137
3 212 186 211
3 217 216 242
3 159 185 160
3 162 188 163
3 292 266 291
3 215 189 214
3 263 262 288
3 418 419 393
3 316 317 291
3 187 212 213
3 288 314 289
3 366 391 392
3 314 340 315
3 365 391 366
3 238 237 263
3 395 394 420
3 268 269 243
3 316 290 315
3 267 241 266
3 215 240 241
3 239 265 240
3 292 293 267
3 321 346 347
3 165 191 166
3 348 323 322
3 323 298 297
3 370 345 344
3 318 343 344
3 347 346 372
3 294 269 268
3 349 324 323
3 270 244 269
3 375 401 376
3 276 302 277
3 272 271 297
3 223 222 248
3 300 301 275
3 248 247 273
3 271 270 296
3 93 118 119
3 243 269 244
3 167 193 168
3 138 113 112
3 164 189 190
3 163 138 137
3 89 88 114
3 35 9 34
3 85 110 111
3 8 7 33
3 11 10 36
3 196 195 221
3 67 93 68
3 38 13 12
3 65 39 64
3 40 14 39
3 90 65 64
3 66 40 65
3 116 142 117
3 279 253 278
3 175 176 150
3 120 95 94
3 201 202 176
3 231 206 205
3 69 68 94
3 198 199 173
3 94 95 69
3 97 72 71
3 126 152 127
3 73 74 48
3 46 72 47
3 99 98 124
3 21 46 47
3 46 71 72
3 152 151 177
3 205 206 180
3 180 179 205
3 178 177 203
3 173 147 172
3 151 152 126
3 202 177 176
3 204 205 179
3 201 200 226
3 279 278 304
3 199 174 173
3 277 303 278
3 100 101 75
3 126 101 100
3 280 254 279
3 329 303 328
3 257 258 232
3 358 357 383
3 355 330 329
3 277 252 251
3 382 383 357
3 358 359 333
3 302 303 277
3 226 227 201
3 378 404 379
3 406 431 432
3 146 172 147
3 276 275 301
3 145 144 170
3 144 118 143
3 170 169 195
3 166 191 192
3 250 249 275
3 168 194 169
3 221 220 246
3 298 324 299
3 299 274 273
3 275 249 274
3 328 327 353
3 483 508 509
3 456 482 457
3 384 385 359
3 535 510 509
3 457 431 456
3 534 509 508
3 537 563 538
3 513 514 488
3 463 464 438
3 518 519 493
3 411 436 437
3 381 380 406
3 435 460 461
3 411 437 412
3 467 466 492
3 389 414 415
3 412 437 438
3 465 439 464
3 412 387 386
3 337 336 362
3 388 387 413
3 389 415 390
3 468 493 494
3 571 546 545
3 493 467 492
3 413 439 414
3 467 493 468
3 568 542 567
3 487 461 486
3 624 598 623
3 517 492 491
3 621 595 620
3 616 642 617
3 596 571 570
3 520 494 519
3 597 598 572
3 623 649 624
3 649 675 650
3 623 622 648
3 623 598 597
3 619 645 620
3 592 591 617
3 511 537 512
3 666 640 665
3 588 589 563
3 561 562 536
3 540 541 515
3 566 591 592
3 565 540 539
3 662 663 637
3 562 588 563
3 585 584 610
3 614 640 615
3 613 638 639
3 639 640 614
3 667 642 641
3 636 610 635
3 579 554 553
3 664 638 663
3 609 608 634
3 581 555 580
3 632 657 658
3 557 582 583
3 606 581 580
3 558 583 584
3 608 609 583
3 560 586 561
3 583 609 584
3 637 638 612
3 506 531 532
3 507 482 481
3 399 373 398
3 556 581 582
3 425 400 399
3 371 346 345
3 480 454 479
3 455 456 430
3 420 421 395
3 399 374 373
3 475 450 449
3 452 478 453
3 478 503 504
3 422 397 396
3 500 499 525
3 527 528 502
3 472 498 473
3 525 524 550
3 471 470 496
3 499 498 524
3 292 317 318
3 341 340 366
3 421 446 447
3 367 341 366
3 367 366 392
3 340 339 365
3 394 368 393
3 368 369 343
3 417 392 391
3 393 367 392
3 445 446 420
3 393 392 418
3 497 471 496
3 578 604 579
3 574 600 575
3 552 553 527
3 474 475 449
3 630 605 604
3 580 554 579
3 652 653 627
3 629 604 603
3 629 630 604
3 631 657 632
3 625 651 626
3 626 600 625
3 548 522 547
3 2 1 27
3 28 27 53
3 53 54 28
3 55 29 54
3 3 2 28
3 3 28 29
3 2 27 28
3 56 31 30
3 30 4 29
3 30 5 4
3 57 32 31
3 6 5 31
3 32 6 31
3 57 58 32
3 33 7 32
3 82 83 57
3 111 110 136
3 83 84 58
3 138 139 113
3 55 30 29
3 31 5 30
3 56 57 31
3 56 81 82
3 133 108 107
3 56 55 81
3 107 82 81
3 112 86 111
3 57 83 58
3 83 108 109
3 58 84 59
3 83 109 84
3 82 108 83
3 136 137 111
3 109 110 84
3 109 135 110
3 107 108 82
3 134 109 108
3 159 134 133
3 162 187 188
3 131 106 105
3 81 55 80
3 106 107 81
3 106 132 107
3 80 55 54
3 56 30 55
3 53 79 54
3 106 81 80
3 79 105 80
3 105 106 80
3 131 132 106
3 158 132 157
3 159 160 134
3 157 132 131
3 158 133 132
3 134 108 133
3 158 159 133
3 158 157 183
3 158 184 159
3 265 239 264
3 184 183 209
3 287 313 288
3 239 213 238
3 185 210 211
3 185 184 210
3 159 184 185
3 158 183 184
3 210 209 235
3 262 236 261
3 262 261 287
3 262 287 288
3 289 263 288
3 236 235 261
3 290 264 289
3 237 236 262
3 263 237 262
3 210 235 236
3 264 238 263
3 211 236 237
3 239 238 264
3 212 237 238
3 214 239 240
3 212 187 186
3 289 264 263
3 290 265 264
3 315 290 289
3 291 265 290
3 317 292 291
3 319 345 320
3 318 293 292
3 295 321 296
3 215 214 240
3 188 187 213
3 266 265 291
3 266 240 265
3 162 137 136
3 186 185 211
3 214 213 239
3 214 188 213
3 161 186 187
3 160 185 186
3 237 212 211
3 238 213 212
3 134 135 109
3 134 160 135
3 160 161 135
3 160 186 161
3 135 136 110
3 135 161 136
3 161 162 136
3 161 187 162
3 214 189 188
3 216 217 191
3 215 190 189
3 165 166 140
3 216 191 190
3 245 244 270
3 217 192 191
3 218 244 219
3 217 218 192
3 217 243 218
3 215 216 190
3 215 241 216
3 241 242 216
3 241 267 242
3 292 267 266
3 295 320 321
3 267 268 242
3 267 293 268
3 293 294 268
3 293 318 319
3 293 319 294
3 345 346 320
3 294 295 269
3 294 320 295
3 295 296 270
3 323 324 298
3 242 243 217
3 242 268 243
3 295 270 269
3 297 298 272
3 246 245 271
3 219 244 245
3 273 272 298
3 245 270 271
3 296 297 271
3 296 322 297
3 322 323 297
3 322 347 348
3 298 299 273
3 324 350 325
3 351 326 325
3 300 275 274
3 248 249 223
3 219 193 218
3 247 272 273
3 246 271 272
3 247 221 246
3 171 197 172
3 272 247 246
3 273 274 248
3 246 220 245
3 168 169 143
3 245 220 219
3 195 169 194
3 218 193 192
3 219 220 194
3 219 194 193
3 220 221 195
3 220 195 194
3 197 196 222
3 221 222 196
3 221 247 222
3 115 141 116
3 167 166 192
3 141 167 142
3 193 194 168
3 117 91 116
3 35 10 9
3 142 143 117
3 142 168 143
3 90 115 116
3 88 89 63
3 116 141 142
3 115 140 141
3 193 167 192
3 140 139 165
3 142 167 168
3 141 166 167
3 164 165 139
3 140 115 114
3 138 164 139
3 190 191 165
3 88 87 113
3 139 140 114
3 163 164 138
3 163 189 164
3 60 86 61
3 85 84 110
3 138 112 137
3 86 60 85
3 137 112 111
3 113 87 112
3 12 11 37
3 113 139 114
3 63 62 88
3 89 115 90
3 112 87 86
3 113 114 88
3 60 61 35
3 87 62 61
3 86 85 111
3 59 84 85
3 9 8 34
3 58 33 32
3 59 34 33
3 60 35 34
3 61 62 36
3 59 60 34
3 59 85 60
3 37 11 36
3 35 36 10
3 35 61 36
3 115 89 114
3 62 87 88
3 64 89 90
3 64 63 89
3 39 38 64
3 37 62 63
3 90 91 65
3 90 116 91
3 62 37 36
3 63 64 38
3 63 38 37
3 39 13 38
3 14 40 15
3 41 40 66
3 16 42 17
3 69 44 43
3 16 15 41
3 70 44 69
3 42 41 67
3 65 40 39
3 67 68 42
3 16 41 42
3 15 40 41
3 66 67 41
3 66 92 67
3 91 92 66
3 91 117 92
3 144 119 118
3 146 147 121
3 169 144 143
3 145 119 144
3 145 120 119
3 121 95 120
3 146 121 120
3 148 149 123
3 118 93 92
3 119 120 94
3 93 94 68
3 93 119 94
3 71 96 97
3 70 95 96
3 147 122 121
3 123 97 122
3 148 123 122
3 151 176 177
3 147 148 122
3 198 173 172
3 123 124 98
3 123 149 124
3 149 150 124
3 149 175 150
3 70 71 45
3 70 96 71
3 126 100 125
3 73 72 98
3 46 45 71
3 43 42 68
3 20 19 45
3 45 44 70
3 18 43 44
3 17 42 43
3 70 69 95
3 43 68 69
3 17 43 18
3 18 44 19
3 21 20 46
3 20 45 46
3 19 44 45
3 22 21 47
3 73 48 47
3 74 73 99
3 47 72 73
3 179 180 154
3 48 22 47
3 78 52 77
3 49 48 74
3 49 75 50
3 75 49 74
3 23 22 48
3 48 49 23
3 75 76 50
3 49 24 23
3 50 25 24
3 51 77 52
3 25 51 26
3 104 103 129
3 51 50 76
3 100 75 74
3 103 78 77
3 49 50 24
3 76 77 51
3 26 51 52
3 25 50 51
3 76 102 77
3 102 101 127
3 103 104 78
3 129 130 104
3 181 180 206
3 129 155 130
3 129 128 154
3 155 156 130
3 155 181 156
3 153 154 128
3 129 103 128
3 129 154 155
3 128 127 153
3 178 153 152
3 128 103 102
3 152 153 127
3 179 154 153
3 128 102 127
3 76 75 101
3 77 102 103
3 76 101 102
3 99 100 74
3 99 125 100
3 124 125 99
3 124 150 125
3 151 126 125
3 127 101 126
3 150 151 125
3 150 176 151
3 253 228 227
3 203 177 202
3 228 203 202
3 230 205 204
3 228 229 203
3 230 204 229
3 253 254 228
3 281 282 256
3 178 204 179
3 230 256 231
3 307 282 281
3 258 284 259
3 153 178 179
3 152 177 178
3 203 204 178
3 203 229 204
3 182 181 207
3 155 180 181
3 182 207 208
3 181 206 207
3 156 181 182
3 207 233 208
3 207 206 232
3 234 233 259
3 234 208 233
3 260 259 285
3 232 206 231
3 282 257 256
3 258 233 232
3 257 232 231
3 233 207 232
3 283 284 258
3 259 233 258
3 335 336 310
3 285 259 284
3 234 259 260
3 310 311 285
3 286 260 285
3 285 311 286
3 285 284 310
3 311 312 286
3 311 336 337
3 282 308 283
3 363 337 362
3 309 310 284
3 309 334 335
3 282 283 257
3 309 284 283
3 309 335 310
3 360 359 385
3 256 257 231
3 283 258 257
3 255 281 256
3 308 309 283
3 230 255 256
3 229 254 255
3 254 280 255
3 308 334 309
3 306 307 281
3 306 332 307
3 307 308 282
3 307 333 308
3 280 279 305
3 304 303 329
3 332 331 357
3 305 304 330
3 279 304 305
3 278 303 304
3 331 330 356
3 331 305 330
3 252 253 227
3 252 278 253
3 252 277 278
3 251 250 276
3 306 280 305
3 254 253 279
3 281 280 306
3 281 255 280
3 148 174 149
3 227 202 201
3 227 228 202
3 254 229 228
3 176 175 201
3 148 147 173
3 174 175 149
3 174 200 175
3 223 224 198
3 174 148 173
3 252 226 251
3 201 175 200
3 225 199 224
3 200 174 199
3 199 225 200
3 252 227 226
3 249 224 223
3 250 225 224
3 226 225 251
3 226 200 225
3 145 146 120
3 145 171 146
3 196 170 195
3 224 199 198
3 169 170 144
3 197 223 198
3 146 171 172
3 145 170 171
3 223 197 222
3 171 170 196
3 172 197 198
3 171 196 197
3 247 248 222
3 274 249 248
3 327 328 302
3 328 303 302
3 225 250 251
3 224 249 250
3 251 276 277
3 250 275 276
3 301 302 276
3 301 300 326
3 301 327 302
3 356 382 357
3 299 300 274
3 299 325 300
3 353 327 352
3 300 325 326
3 403 428 429
3 379 354 353
3 326 327 301
3 326 352 327
3 378 379 353
3 354 328 353
3 352 378 353
3 405 431 406
3 379 380 354
3 408 433 434
3 377 376 402
3 404 430 405
3 352 351 377
3 430 431 405
3 379 405 380
3 379 404 405
3 403 377 402
3 456 431 430
3 484 483 509
3 456 481 482
3 482 483 457
3 482 508 483
3 484 458 483
3 432 431 457
3 457 458 432
3 484 485 459
3 405 406 380
3 432 433 407
3 458 433 432
3 462 461 487
3 408 407 433
3 459 485 460
3 433 459 434
3 488 514 489
3 434 459 460
3 433 458 459
3 485 486 460
3 564 563 589
3 488 462 487
3 460 486 461
3 513 539 514
3 488 463 462
3 434 435 409
3 434 460 435
3 410 409 435
3 435 461 436
3 356 355 381
3 381 406 407
3 382 408 383
3 435 436 410
3 381 407 382
3 406 432 407
3 383 408 409
3 382 407 408
3 354 329 328
3 330 304 329
3 354 355 329
3 354 380 355
3 331 356 357
3 330 355 356
3 356 381 382
3 355 380 381
3 333 332 358
3 306 331 332
3 359 358 384
3 332 357 358
3 386 360 385
3 334 333 359
3 383 384 358
3 383 409 384
3 411 386 385
3 360 334 359
3 389 388 414
3 362 361 387
3 308 333 334
3 307 332 333
3 387 361 386
3 335 334 360
3 310 336 311
3 361 360 386
3 364 338 363
3 336 335 361
3 388 363 362
3 312 311 337
3 312 337 338
3 390 364 389
3 338 337 363
3 389 364 363
3 336 361 362
3 335 360 361
3 363 388 389
3 362 387 388
3 439 413 438
3 414 388 413
3 465 466 440
3 492 518 493
3 466 441 440
3 442 416 441
3 467 442 441
3 442 467 468
3 441 466 467
3 465 491 466
3 516 490 515
3 439 465 440
3 515 489 514
3 466 491 492
3 465 464 490
3 436 462 437
3 489 464 463
3 465 490 491
3 464 489 490
3 413 412 438
3 413 387 412
3 464 439 438
3 440 414 439
3 384 410 385
3 384 409 410
3 436 411 410
3 412 386 411
3 437 462 463
3 436 461 462
3 513 488 487
3 489 463 488
3 486 512 487
3 540 515 514
3 567 542 541
3 490 489 515
3 589 590 564
3 566 541 540
3 615 641 616
3 567 541 566
3 566 592 567
3 516 491 490
3 594 595 569
3 543 569 544
3 541 516 515
3 545 570 571
3 541 542 516
3 568 569 543
3 516 517 491
3 516 542 517
3 542 543 517
3 569 570 544
3 517 518 492
3 517 543 518
3 545 520 519
3 572 546 571
3 597 572 571
3 518 544 519
3 518 543 544
3 570 545 544
3 546 520 545
3 646 621 620
3 621 596 595
3 595 596 570
3 622 623 597
3 596 597 571
3 596 622 597
3 624 649 650
3 623 648 649
3 649 674 675
3 619 620 594
3 675 676 650
3 648 647 673
3 648 622 647
3 648 673 674
3 647 621 646
3 645 646 620
3 672 647 646
3 673 647 672
3 567 593 568
3 620 595 594
3 622 621 647
3 622 596 621
3 594 593 619
3 594 568 593
3 591 590 616
3 645 671 646
3 644 645 619
3 671 672 646
3 644 670 645
3 618 643 644
3 670 671 645
3 669 670 644
3 640 641 615
3 668 669 643
3 668 643 642
3 669 644 643
3 565 564 590
3 589 615 590
3 615 616 590
3 642 643 617
3 618 617 643
3 591 616 617
3 619 618 644
3 619 593 618
3 618 592 617
3 565 539 564
3 593 592 618
3 593 567 592
3 485 511 486
3 539 540 514
3 512 538 513
3 565 590 591
3 487 512 513
3 510 484 509
3 513 538 539
3 511 485 510
3 538 564 539
3 538 563 564
3 566 565 591
3 566 540 565
3 535 536 510
3 535 561 536
3 512 537 538
3 536 562 537
3 537 511 536
3 485 484 510
3 486 511 512
3 510 536 511
3 535 534 560
3 480 481 455
3 534 533 559
3 586 587 561
3 587 562 561
3 587 588 562
3 613 588 587
3 614 589 588
3 532 531 557
3 611 637 612
3 586 612 587
3 586 611 612
3 612 613 587
3 612 638 613
3 589 614 615
3 613 639 614
3 666 641 640
3 667 668 642
3 666 667 641
3 664 639 638
3 665 640 639
3 665 639 664
3 610 636 611
3 663 638 637
3 586 585 611
3 586 560 585
3 635 610 609
3 611 585 610
3 635 609 634
3 610 584 609
3 660 661 635
3 661 636 635
3 637 636 662
3 637 611 636
3 636 661 662
3 635 634 660
3 607 633 608
3 659 634 633
3 659 660 634
3 633 658 659
3 632 606 631
3 579 605 580
3 605 630 631
3 605 631 606
3 630 656 631
3 606 607 581
3 606 632 607
3 633 632 658
3 633 607 632
3 504 530 505
3 529 555 530
3 607 582 581
3 608 583 582
3 554 555 529
3 554 580 555
3 555 556 530
3 555 581 556
3 554 528 553
3 528 529 503
3 553 528 527
3 554 529 528
3 500 501 475
3 529 530 504
3 425 426 400
3 502 528 503
3 507 508 482
3 530 556 531
3 533 532 558
3 506 507 481
3 556 557 531
3 556 582 557
3 585 559 584
3 532 557 558
3 559 533 558
3 534 508 533
3 584 559 558
3 585 560 559
3 505 506 480
3 532 533 507
3 532 507 506
3 533 508 507
3 480 455 454
3 481 456 455
3 505 480 479
3 506 481 480
3 454 453 479
3 452 427 426
3 531 505 530
3 531 506 505
3 450 451 425
3 453 454 428
3 401 400 426
3 401 426 427
3 377 378 352
3 427 453 428
3 404 429 430
3 428 454 429
3 349 375 350
3 402 428 403
3 404 403 429
3 404 378 403
3 326 351 352
3 350 376 351
3 378 377 403
3 351 376 377
3 375 349 374
3 350 324 349
3 350 375 376
3 374 400 375
3 428 402 427
3 375 400 401
3 401 402 376
3 401 427 402
3 348 347 373
3 321 320 346
3 398 373 372
3 374 348 373
3 322 321 347
3 322 296 321
3 349 348 374
3 349 323 348
3 294 319 320
3 318 344 319
3 423 398 397
3 373 347 372
3 397 398 372
3 399 400 374
3 424 399 398
3 424 425 399
3 449 450 424
3 477 503 478
3 426 451 452
3 477 502 503
3 450 425 424
3 451 426 425
3 427 452 453
3 452 477 478
3 453 478 479
3 452 451 477
3 479 504 505
3 503 529 504
3 450 476 451
3 450 475 476
3 476 477 451
3 476 502 477
3 422 448 423
3 473 499 474
3 498 499 473
3 501 502 476
3 422 447 448
3 473 448 447
3 473 474 448
3 500 475 474
3 393 419 394
3 418 443 444
3 447 446 472
3 419 418 444
3 396 421 422
3 420 446 421
3 424 423 449
3 424 398 423
3 371 396 397
3 395 421 396
3 397 422 423
3 421 447 422
3 370 344 369
3 345 319 344
3 372 371 397
3 372 346 371
3 318 317 343
3 291 290 316
3 370 369 395
3 343 342 368
3 371 370 396
3 371 345 370
3 370 395 396
3 369 394 395
3 340 341 315
3 367 393 368
3 367 368 342
3 394 369 368
3 341 316 315
3 342 317 316
3 342 341 367
3 342 316 341
3 289 314 315
3 313 339 314
3 314 339 340
3 340 365 366
3 418 392 417
3 444 443 469
3 418 417 443
3 470 471 445
3 445 420 419
3 445 419 444
3 420 394 419
3 470 445 444
3 471 446 445
3 469 470 444
3 497 472 471
3 447 472 473
3 446 471 472
3 495 496 470
3 523 522 548
3 469 495 470
3 497 523 498
3 521 522 496
3 495 521 496
3 574 599 600
3 547 522 521
3 601 575 600
3 523 524 498
3 573 574 548
3 575 550 549
3 577 578 552
3 526 527 501
3 472 497 498
3 496 522 497
3 522 523 497
3 549 524 523
3 525 499 524
3 500 474 499
3 551 552 526
3 526 500 525
3 526 501 500
3 527 502 501
3 551 526 525
3 552 527 526
3 550 551 525
3 578 553 552
3 553 578 579
3 552 551 577
3 576 551 550
3 576 577 551
3 602 577 576
3 603 578 577
3 602 601 627
3 574 549 548
3 601 602 576
3 603 604 578
3 628 603 602
3 628 654 629
3 580 605 606
3 579 604 605
3 631 656 657
3 630 655 656
3 628 629 603
3 655 630 629
3 629 654 655
3 628 653 654
3 626 601 600
3 576 575 601
3 576 550 575
3 628 627 653
3 628 602 627
3 547 573 548
3 549 574 575
3 573 599 574
3 627 626 652
3 627 601 626
3 626 651 652
# indices of nodes located on the boundary
1 2 3 4 5 6 7 8 9 10 11 12 13 14 15 16 17 18 19 20 21 22 23 24 25 26 27 52 53 78 79 104 105 130 131 156 157 182 183 208 209 234 235 260 261 286 287 312 313 338 339 364 365 390 391 416 417 442 443 468 469 494 495 520 521 546 547 572 573 598 599 624 625 650 651 652 653 654 655 656 657 658 659 660 661 662 663 664 665 666 667 668 669 670 671 672 673 674 675 676 
