# domain type
Triangular
# nodal coordinates: number of nodes followed by the coordinates
361
0.0000000000000000 0.0000000000000000
0.0000000000000000 0.0555555555555556
0.0000000000000000 0.1111111111111111
0.0000000000000000 0.1666666666666667
0.0000000000000000 0.2222222222222222
0.0000000000000000 0.2777777777777778
0.0000000000000000 0.3333333333333333
0.0000000000000000 0.3888888888888889
0.0000000000000000 0.4444444444444444
0.0000000000000000 0.5000000000000000
0.0000000000000000 0.5555555555555556
0.0000000000000000 0.6111111111111112
0.0000000000000000 0.6666666666666666
0.0000000000000000 0.7222222222222222
0.0000000000000000 0.7777777777777778
0.0000000000000000 0.8333333333333334
0.0000000000000000 0.8888888888888888
0.0000000000000000 0.9444444444444444
0.0000000000000000 1.0000000000000000
0.0555555555555556 0.0000000000000000
0.0555555555555556 0.0555555555555556
0.0555555555555556 0.1111111111111111
0.0555555555555556 0.1666666666666667
0.0555555555555556 0.2222222222222222
0.0555555555555556 0.2777777777777778
0.0555555555555556 0.3333333333333333
0.0555555555555556 0.3888888888888889
0.0555555555555556 0.4444444444444444
0.0555555555555556 0.5000000000000000
0.0555555555555556 0.5555555555555556
0.0555555555555556 0.6111111111111112
0.0555555555555556 0.6666666666666666
0.0555555555555556 0.7222222222222222
0.0555555555555556 0.7777777777777778
0.0555555555555556 0.8333333333333334
0.0555555555555556 0.8888888888888888
0.0555555555555556 0.9444444444444444
0.0555555555555556 1.0000000000000000
0.1111111111111111 0.0000000000000000
0.1111111111111111 0.0555555555555556
0.1111111111111111 0.1111111111111111
0.1111111111111111 0.1666666666666667
0.1111111111111111 0.2222222222222222
0.1111111111111111 0.2777777777777778
0.1111111111111111 0.3333333333333333
0.1111111111111111 0.3888888888888889
0.1111111111111111 0.4444444444444444
0.1111111111111111 0.5000000000000000
0.1111111111111111 0.5555555555555556
0.1111111111111111 0.6111111111111112
0.1111111111111111 0.6666666666666666
0.1111111111111111 0.7222222222222222
0.1111111111111111 0.7777777777777778
0.1111111111111111 0.8333333333333334
0.1111111111111111 0.8888888888888888
0.1111111111111111 0.9444444444444444
0.1111111111111111 1.0000000000000000
0.1666666666666667 0.0000000000000000
0.1666666666666667 0.0555555555555556
0.1666666666666667 0.1111111111111111
0.1666666666666667 0.1666666666666667
0.1666666666666667 0.2222222222222222
0.1666666666666667 0.2777777777777778
0.1666666666666667 0.3333333333333333
0.1666666666666667 0.3888888888888889
0.1666666666666667 0.4444444444444444
0.1666666666666667 0.5000000000000000
0.1666666666666667 0.5555555555555556
0.1666666666666667 0.6111111111111112
0.1666666666666667 0.6666666666666666
0.1666666666666667 0.7222222222222222
0.1666666666666667 0.7777777777777778
0.1666666666666667 0.8333333333333334
0.1666666666666667 0.8888888888888888
0.1666666666666667 0.9444444444444444
0.1666666666666667 1.0000000000000000
0.2222222222222222 0.0000000000000000
0.2222222222222222 0.0555555555555556
0.2222222222222222 0.1111111111111111
0.2222222222222222 0.1666666666666667
0.2222222222222222 0.2222222222222222
0.2222222222222222 0.2777777777777778
0.2222222222222222 0.3333333333333333
0.2222222222222222 0.3888888888888889
0.2222222222222222 0.4444444444444444
0.2222222222222222 0.5000000000000000
0.2222222222222222 0.5555555555555556
0.2222222222222222 0.6111111111111112
0.2222222222222222 0.6666666666666666
0.2222222222222222 0.7222222222222222
0.2222222222222222 0.7777777777777778
0.2222222222222222 0.8333333333333334
0.2222222222222222 0.8888888888888888
0.2222222222222222 0.9444444444444444
0.2222222222222222 1.0000000000000000
0.2777777777777778 0.0000000000000000
0.2777777777777778 0.0555555555555556
0.2777777777777778 0.1111111111111111
0.2777777777777778 0.1666666666666667
0.2777777777777778 0.2222222222222222
0.2777777777777778 0.2777777777777778
0.2777777777777778 0.3333333333333333
0.2777777777777778 0.3888888888888889
0.2777777777777778 0.4444444444444444
0.2777777777777778 0.5000000000000000
0.2777777777777778 0.5555555555555556
0.2777777777777778 0.6111111111111112
0.2777777777777778 0.6666666666666666
0.2777777777777778 0.7222222222222222
0.2777777777777778 0.7777777777777778
0.2777777777777778 0.8333333333333334
0.2777777777777778 0.8888888888888888
0.2777777777777778 0.9444444444444444
0.2777777777777778 1.0000000000000000
0.3333333333333333 0.0000000000000000
0.3333333333333333 0.0555555555555556
0.3333333333333333 0.1111111111111111
0.3333333333333333 0.1666666666666667
0.3333333333333333 0.2222222222222222
0.3333333333333333 0.2777777777777778
0.3333333333333333 0.3333333333333333
0.3333333333333333 0.3888888888888889
0.3333333333333333 0.4444444444444444
0.3333333333333333 0.5000000000000000
0.3333333333333333 0.5555555555555556
0.3333333333333333 0.6111111111111112
0.3333333333333333 0.6666666666666666
0.3333333333333333 0.7222222222222222
0.3333333333333333 0.7777777777777778
0.3333333333333333 0.8333333333333334
0.3333333333333333 0.8888888888888888
0.3333333333333333 0.9444444444444444
0.3333333333333333 1.0000000000000000
0.3888888888888889 0.0000000000000000
0.3888888888888889 0.0555555555555556
0.3888888888888889 0.1111111111111111
0.3888888888888889 0.1666666666666667
0.3888888888888889 0.2222222222222222
0.3888888888888889 0.2777777777777778
0.3888888888888889 0.3333333333333333
0.3888888888888889 0.3888888888888889
0.3888888888888889 0.4444444444444444
0.3888888888888889 0.5000000000000000
0.3888888888888889 0.5555555555555556
0.3888888888888889 0.6111111111111112
0.3888888888888889 0.6666666666666666
0.3888888888888889 0.7222222222222222
0.3888888888888889 0.7777777777777778
0.3888888888888889 0.8333333333333334
0.3888888888888889 0.8888888888888888
0.3888888888888889 0.9444444444444444
0.3888888888888889 1.0000000000000000
0.4444444444444444 0.0000000000000000
0.4444444444444444 0.0555555555555556
0.4444444444444444 0.1111111111111111
0.4444444444444444 0.1666666666666667
0.4444444444444444 0.2222222222222222
0.4444444444444444 0.2777777777777778
0.4444444444444444 0.3333333333333333
0.4444444444444444 0.3888888888888889
0.4444444444444444 0.4444444444444444
0.4444444444444444 0.5000000000000000
0.4444444444444444 0.5555555555555556
0.4444444444444444 0.6111111111111112
0.4444444444444444 0.6666666666666666
0.4444444444444444 0.7222222222222222
0.4444444444444444 0.7777777777777778
0.4444444444444444 0.8333333333333334
0.4444444444444444 0.8888888888888888
0.4444444444444444 0.9444444444444444
0.4444444444444444 1.0000000000000000
0.5000000000000000 0.0000000000000000
0.5000000000000000 0.0555555555555556
0.5000000000000000 0.1111111111111111
0.5000000000000000 0.1666666666666667
0.5000000000000000 0.2222222222222222
0.5000000000000000 0.2777777777777778
0.5000000000000000 0.3333333333333333
0.5000000000000000 0.3888888888888889
0.5000000000000000 0.4444444444444444
0.5000000000000000 0.5000000000000000
0.5000000000000000 0.5555555555555556
0.5000000000000000 0.6111111111111112
0.5000000000000000 0.6666666666666666
0.5000000000000000 0.7222222222222222
0.5000000000000000 0.7777777777777778
0.5000000000000000 0.8333333333333334
0.5000000000000000 0.8888888888888888
0.5000000000000000 0.9444444444444444
0.5000000000000000 1.0000000000000000
0.5555555555555556 0.0000000000000000
0.5555555555555556 0.0555555555555556
0.5555555555555556 0.1111111111111111
0.5555555555555556 0.1666666666666667
0.5555555555555556 0.2222222222222222
0.5555555555555556 0.2777777777777778
0.5555555555555556 0.3333333333333333
0.5555555555555556 0.3888888888888889
0.5555555555555556 0.4444444444444444
0.5555555555555556 0.5000000000000000
0.5555555555555556 0.5555555555555556
0.5555555555555556 0.6111111111111112
0.5555555555555556 0.6666666666666666
0.5555555555555556 0.7222222222222222
0.5555555555555556 0.7777777777777778
0.5555555555555556 0.8333333333333334
0.5555555555555556 0.8888888888888888
0.5555555555555556 0.9444444444444444
0.5555555555555556 1.0000000000000000
0.6111111111111112 0.0000000000000000
0.6111111111111112 0.0555555555555556
0.6111111111111112 0.1111111111111111
0.6111111111111112 0.1666666666666667
0.6111111111111112 0.2222222222222222
0.6111111111111112 0.2777777777777778
0.6111111111111112 0.3333333333333333
0.6111111111111112 0.3888888888888889
0.6111111111111112 0.4444444444444444
0.6111111111111112 0.5000000000000000
0.6111111111111112 0.5555555555555556
0.6111111111111112 0.6111111111111112
0.6111111111111112 0.6666666666666666
0.6111111111111112 0.7222222222222222
0.6111111111111112 0.7777777777777778
0.6111111111111112 0.8333333333333334
0.6111111111111112 0.8888888888888888
0.6111111111111112 0.9444444444444444
0.6111111111111112 1.0000000000000000
0.6666666666666666 0.0000000000000000
0.6666666666666666 0.0555555555555556
0.6666666666666666 0.1111111111111111
0.6666666666666666 0.1666666666666667
0.6666666666666666 0.2222222222222222
0.6666666666666666 0.2777777777777778
0.6666666666666666 0.3333333333333333
0.6666666666666666 0.3888888888888889
0.6666666666666666 0.4444444444444444
0.6666666666666666 0.5000000000000000
0.6666666666666666 0.5555555555555556
0.6666666666666666 0.6111111111111112
0.6666666666666666 0.6666666666666666
0.6666666666666666 0.7222222222222222
0.6666666666666666 0.7777777777777778
0.6666666666666666 0.8333333333333334
0.6666666666666666 0.8888888888888888
0.6666666666666666 0.9444444444444444
0.6666666666666666 1.0000000000000000
0.7222222222222222 0.0000000000000000
0.7222222222222222 0.0555555555555556
0.7222222222222222 0.1111111111111111
0.7222222222222222 0.1666666666666667
0.7222222222222222 0.2222222222222222
0.7222222222222222 0.2777777777777778
0.7222222222222222 0.3333333333333333
0.7222222222222222 0.3888888888888889
0.7222222222222222 0.4444444444444444
0.7222222222222222 0.5000000000000000
0.7222222222222222 0.5555555555555556
0.7222222222222222 0.6111111111111112
0.7222222222222222 0.6666666666666666
0.7222222222222222 0.7222222222222222
0.7222222222222222 0.7777777777777778
0.7222222222222222 0.8333333333333334
0.7222222222222222 0.8888888888888888
0.7222222222222222 0.9444444444444444
0.7222222222222222 1.0000000000000000
0.7777777777777778 0.0000000000000000
0.7777777777777778 0.0555555555555556
0.7777777777777778 0.1111111111111111
0.7777777777777778 0.1666666666666667
0.7777777777777778 0.2222222222222222
0.7777777777777778 0.2777777777777778
0.7777777777777778 0.3333333333333333
0.7777777777777778 0.3888888888888889
0.7777777777777778 0.4444444444444444
0.7777777777777778 0.5000000000000000
0.7777777777777778 0.5555555555555556
0.7777777777777778 0.6111111111111112
0.7777777777777778 0.6666666666666666
0.7777777777777778 0.7222222222222222
0.7777777777777778 0.7777777777777778
0.7777777777777778 0.8333333333333334
0.7777777777777778 0.8888888888888888
0.7777777777777778 0.9444444444444444
0.7777777777777778 1.0000000000000000
0.8333333333333334 0.0000000000000000
0.8333333333333334 0.0555555555555556
0.8333333333333334 0.1111111111111111
0.8333333333333334 0.1666666666666667
0.8333333333333334 0.2222222222222222
0.8333333333333334 0.2777777777777778
0.8333333333333334 0.3333333333333333
0.8333333333333334 0.3888888888888889
0.8333333333333334 0.4444444444444444
0.8333333333333334 0.5000000000000000
0.8333333333333334 0.5555555555555556
0.8333333333333334 0.6111111111111112
0.8333333333333334 0.6666666666666666
0.8333333333333334 0.7222222222222222
0.8333333333333334 0.7777777777777778
0.8333333333333334 0.8333333333333334
0.8333333333333334 0.8888888888888888
0.8333333333333334 0.9444444444444444
0.8333333333333334 1.0000000000000000
0.8888888888888888 0.0000000000000000
0.8888888888888888 0.0555555555555556
0.8888888888888888 0.1111111111111111
0.8888888888888888 0.1666666666666667
0.8888888888888888 0.2222222222222222
0.8888888888888888 0.2777777777777778
0.8888888888888888 0.3333333333333333
0.8888888888888888 0.3888888888888889
0.8888888888888888 0.4444444444444444
0.8888888888888888 0.5000000000000000
0.8888888888888888 0.5555555555555556
0.8888888888888888 0.6111111111111112
0.8888888888888888 0.6666666666666666
0.8888888888888888 0.7222222222222222
0.8888888888888888 0.7777777777777778
0.8888888888888888 0.8333333333333334
0.8888888888888888 0.8888888888888888
0.8888888888888888 0.9444444444444444
0.8888888888888888 1.0000000000000000
0.9444444444444444 0.0000000000000000
0.9444444444444444 0.0555555555555556
0.9444444444444444 0.1111111111111111
0.9444444444444444 0.1666666666666667
0.9444444444444444 0.2222222222222222
0.9444444444444444 0.2777777777777778
0.9444444444444444 0.3333333333333333
0.9444444444444444 0.3888888888888889
0.9444444444444444 0.4444444444444444
0.9444444444444444 0.5000000000000000
0.9444444444444444 0.5555555555555556
0.9444444444444444 0.6111111111111112
0.9444444444444444 0.6666666666666666
0.9444444444444444 0.7222222222222222
0.9444444444444444 0.7777777777777778
0.9444444444444444 0.8333333333333334
0.9444444444444444 0.8888888888888888
0.9444444444444444 0.9444444444444444
0.9444444444444444 1.0000000000000000
1.0000000000000000 0.0000000000000000
1.0000000000000000 0.0555555555555556
1.0000000000000000 0.1111111111111111
1.0000000000000000 0.1666666666666667
1.0000000000000000 0.2222222222222222
1.0000000000000000 0.2777777777777778
1.0000000000000000 0.3333333333333333
1.0000000000000000 0.3888888888888889
1.0000000000000000 0.4444444444444444
1.0000000000000000 0.5000000000000000
1.0000000000000000 0.5555555555555556
1.0000000000000000 0.6111111111111112
1.0000000000000000 0.6666666666666666
1.0000000000000000 0.7222222222222222
1.0000000000000000 0.7777777777777778
1.0000000000000000 0.8333333333333334
1.0000000000000000 0.8888888888888888
1.0000000000000000 0.9444444444444444
1.0000000000000000 1.0000000000000000
# element connectivity: number of elements followed by the connectivity
648
3 265 247 246
3 71 70 89
3 230 211 229
3 310 292 291
3 226 208 207
3 67 48 66
3 125 144 126
3 120 102 101
3 184 166 165
3 99 100 81
3 218 199 217
3 46 47 28
3 75 56 74
3 16 34 35
3 30 12 11
3 121 102 120
3 104 122 123
3 262 244 243
3 190 189 208
3 204 185 203
3 202 183 201
3 316 317 298
3 181 180 199
3 314 313 332
3 182 181 200
3 294 275 293
3 177 158 176
3 79 61 60
3 250 232 231
3 256 274 275
3 193 175 174
3 6 24 25
3 7 25 26
3 22 3 21
3 60 59 78
3 47 46 65
3 62 43 61
3 116 97 115
3 78 59 77
3 192 174 173
3 99 118 100
3 160 159 178
3 139 138 157
3 216 217 198
3 123 122 141
3 159 158 177
3 143 161 162
3 141 140 159
3 143 124 142
3 161 180 162
3 254 273 255
3 181 162 180
3 28 29 10
3 68 49 67
3 45 46 27
3 66 48 47
3 27 28 9
3 29 30 11
3 32 50 51
3 14 13 32
3 106 87 105
3 32 13 31
3 69 88 70
3 112 93 111
3 33 34 15
3 15 14 33
3 36 17 35
3 132 114 113
3 53 34 52
3 38 37 56
3 56 55 74
3 113 95 94
3 73 55 54
3 111 92 110
3 189 188 207
3 150 149 168
3 145 126 144
3 168 167 186
3 317 318 299
3 149 148 167
3 92 73 91
3 146 128 127
3 90 71 89
3 165 146 164
3 147 129 128
3 148 147 166
3 201 182 200
3 166 185 167
3 165 164 183
3 203 222 204
3 179 161 160
3 240 241 222
3 181 199 200
3 241 223 222
3 182 164 163
3 168 187 169
3 186 185 204
3 207 206 225
3 187 168 186
3 245 226 244
3 224 205 223
3 262 263 244
3 224 206 205
3 321 303 302
3 321 322 303
3 337 338 319
3 301 283 282
3 304 285 303
3 356 337 355
3 319 300 318
3 339 340 321
3 319 320 301
3 277 258 276
3 197 216 198
3 335 334 353
3 333 314 332
3 336 335 354
3 336 318 317
3 329 310 328
3 251 252 233
3 330 311 329
3 237 255 256
3 329 328 347
3 269 288 270
3 346 327 345
3 157 176 158
3 154 135 153
3 231 249 250
3 310 309 328
3 237 218 236
3 294 313 295
3 291 292 273
3 311 330 312
3 231 212 230
3 211 192 210
3 270 289 271
3 250 251 232
3 270 252 251
3 308 289 307
3 307 289 288
3 308 290 289
3 309 327 328
3 324 306 305
3 248 249 230
3 308 307 326
3 288 287 306
3 2 1 20
3 26 45 27
3 2 20 21
3 59 40 58
3 21 20 39
3 21 3 2
3 79 60 78
3 5 4 23
3 3 22 4
3 40 39 58
3 22 23 4
3 22 21 40
3 44 63 45
3 23 22 41
3 98 117 99
3 41 22 40
3 64 63 82
3 42 60 61
3 116 117 98
3 81 62 80
3 41 40 59
3 21 39 40
3 42 41 60
3 42 23 41
3 77 59 58
3 60 41 59
3 97 79 78
3 80 61 79
3 96 78 77
3 97 78 96
3 116 115 134
3 97 96 115
3 135 116 134
3 98 80 79
3 153 135 134
3 154 155 136
3 172 154 153
3 173 154 172
3 156 157 138
3 173 174 155
3 175 157 156
3 136 137 118
3 122 140 141
3 136 155 137
3 154 173 155
3 155 156 137
3 155 174 156
3 157 175 176
3 156 174 175
3 135 136 117
3 135 154 136
3 135 117 116
3 99 80 98
3 97 98 79
3 97 116 98
3 118 99 117
3 121 120 139
3 136 118 117
3 137 156 138
3 81 100 82
3 118 137 119
3 100 101 82
3 100 119 101
3 118 119 100
3 139 158 140
3 119 120 101
3 139 157 158
3 142 123 141
3 102 84 83
3 119 138 120
3 119 137 138
3 121 139 140
3 120 138 139
3 271 252 270
3 198 180 179
3 107 89 88
3 141 160 142
3 179 160 178
3 140 158 159
3 142 160 161
3 141 159 160
3 197 179 178
3 180 161 179
3 161 143 142
3 122 121 140
3 104 103 122
3 83 65 64
3 101 102 83
3 121 122 103
3 65 84 66
3 102 121 103
3 105 87 86
3 85 84 103
3 64 46 45
3 65 66 47
3 64 65 46
3 83 82 101
3 103 84 102
3 103 104 85
3 107 108 89
3 66 84 85
3 80 62 61
3 43 44 25
3 81 63 62
3 64 45 63
3 99 81 80
3 82 63 81
3 65 83 84
3 64 82 83
3 42 24 23
3 23 24 5
3 44 62 63
3 6 25 7
3 24 43 25
3 42 43 24
3 42 61 43
3 5 24 6
3 26 44 45
3 43 62 44
3 8 26 27
3 25 44 26
3 26 8 7
3 27 9 8
3 46 28 27
3 47 29 28
3 28 10 9
3 29 11 10
3 48 30 29
3 49 50 31
3 47 48 29
3 66 85 67
3 50 49 68
3 30 48 49
3 104 86 85
3 49 48 67
3 86 68 67
3 69 50 68
3 85 86 67
3 104 123 105
3 86 87 68
3 86 104 105
3 71 52 70
3 13 12 31
3 87 69 68
3 70 51 69
3 108 90 89
3 55 56 37
3 128 129 110
3 151 150 169
3 33 52 34
3 71 53 52
3 69 51 50
3 70 52 51
3 30 31 12
3 30 49 31
3 50 32 31
3 51 52 33
3 32 33 14
3 32 51 33
3 15 34 16
3 54 35 53
3 37 36 55
3 37 18 36
3 113 112 131
3 35 34 53
3 35 17 16
3 36 18 17
3 18 37 19
3 19 37 38
3 38 56 57
3 35 54 36
3 91 72 90
3 93 94 75
3 93 75 74
3 95 76 94
3 57 56 75
3 75 76 57
3 75 94 76
3 55 73 74
3 72 71 90
3 72 54 53
3 55 36 54
3 54 72 73
3 53 71 72
3 72 91 73
3 109 108 127
3 73 92 74
3 131 130 149
3 91 110 92
3 91 90 109
3 129 111 110
3 112 94 93
3 130 131 112
3 113 94 112
3 109 128 110
3 148 149 130
3 92 93 74
3 92 111 93
3 113 114 95
3 151 169 170
3 113 131 132
3 112 111 130
3 132 133 114
3 132 151 133
3 151 170 152
3 169 188 170
3 170 171 152
3 170 189 171
3 171 189 190
3 170 188 189
3 133 151 152
3 132 131 150
3 129 130 111
3 129 148 130
3 132 150 151
3 131 149 150
3 150 168 169
3 149 167 168
3 127 128 109
3 147 148 129
3 146 147 128
3 146 165 147
3 148 166 167
3 147 165 166
3 203 184 202
3 185 166 184
3 70 88 89
3 69 87 88
3 87 106 88
3 126 108 107
3 91 109 110
3 90 108 109
3 126 127 108
3 126 145 127
3 142 124 123
3 125 107 106
3 124 106 105
3 107 88 106
3 123 124 105
3 145 164 146
3 107 125 126
3 106 124 125
3 124 143 125
3 163 164 145
3 163 145 144
3 146 127 145
3 162 163 144
3 162 181 163
3 144 143 162
3 144 125 143
3 183 182 201
3 163 181 182
3 219 201 200
3 202 184 183
3 219 220 201
3 221 203 202
3 199 218 200
3 220 202 201
3 238 239 220
3 239 258 240
3 220 221 202
3 220 239 221
3 219 238 220
3 258 277 259
3 239 240 221
3 259 260 241
3 257 258 239
3 257 276 258
3 261 242 260
3 243 225 224
3 258 259 240
3 260 242 241
3 278 260 259
3 318 337 319
3 278 279 260
3 302 320 321
3 259 241 240
3 242 223 241
3 221 222 203
3 221 240 222
3 165 183 184
3 164 182 183
3 223 204 222
3 185 184 203
3 243 244 225
3 205 186 204
3 188 187 206
3 167 185 186
3 205 187 186
3 188 169 187
3 223 205 204
3 206 187 205
3 226 225 244
3 226 207 225
3 189 207 208
3 188 206 207
3 208 209 190
3 208 227 209
3 228 227 246
3 208 226 227
3 209 227 228
3 228 246 247
3 227 226 245
3 284 265 283
3 246 245 264
3 264 265 246
3 284 302 303
3 265 266 247
3 265 284 266
3 280 281 262
3 264 245 263
3 263 245 244
3 246 227 245
3 242 224 223
3 225 206 224
3 242 243 224
3 242 261 243
3 261 262 243
3 300 319 301
3 263 282 264
3 263 262 281
3 302 301 320
3 282 300 301
3 285 284 303
3 283 301 302
3 319 338 320
3 322 304 303
3 264 283 265
3 264 282 283
3 302 284 283
3 285 266 284
3 323 304 322
3 340 341 322
3 359 360 341
3 341 323 322
3 341 342 323
3 361 342 360
3 321 340 322
3 360 342 341
3 320 339 321
3 359 341 340
3 338 339 320
3 358 340 339
3 358 339 357
3 359 340 358
3 261 280 262
3 279 278 297
3 299 318 300
3 295 296 277
3 356 338 337
3 357 339 338
3 357 338 356
3 281 280 299
3 261 260 279
3 282 281 300
3 282 263 281
3 299 298 317
3 278 296 297
3 281 299 300
3 280 298 299
3 277 276 295
3 257 275 276
3 278 277 296
3 278 259 277
3 280 279 298
3 280 261 279
3 316 297 315
3 298 279 297
3 335 316 334
3 297 296 315
3 297 316 298
3 335 336 317
3 337 336 355
3 337 318 336
3 334 316 315
3 335 317 316
3 336 354 355
3 335 353 354
3 333 332 351
3 331 312 330
3 334 333 352
3 334 315 333
3 332 331 350
3 334 352 353
3 333 351 352
3 330 329 348
3 310 291 309
3 331 330 349
3 312 313 294
3 350 331 349
3 332 313 331
3 351 332 350
3 272 291 273
3 292 293 274
3 253 271 272
3 290 309 291
3 311 293 292
3 312 294 293
3 311 310 329
3 311 292 310
3 292 274 273
3 293 275 274
3 311 312 293
3 331 313 312
3 315 314 333
3 315 296 314
3 314 295 313
3 276 275 294
3 294 295 276
3 314 296 295
3 237 236 255
3 273 274 255
3 218 237 219
3 257 239 238
3 256 255 274
3 236 217 235
3 257 256 275
3 257 238 256
3 180 198 199
3 194 176 175
3 198 217 199
3 196 178 177
3 200 218 219
3 217 236 218
3 238 237 256
3 238 219 237
3 197 178 196
3 178 159 177
3 176 195 177
3 216 235 217
3 179 197 198
3 196 215 197
3 215 216 197
3 234 252 253
3 214 215 196
3 233 252 234
3 236 235 254
3 216 215 234
3 236 254 255
3 235 234 253
3 216 234 235
3 215 214 233
3 254 253 272
3 254 235 253
3 176 194 195
3 232 251 233
3 213 212 231
3 230 249 231
3 215 233 234
3 214 232 233
3 268 250 249
3 269 251 250
3 213 194 212
3 195 196 177
3 213 195 194
3 214 196 195
3 232 213 231
3 193 174 192
3 214 213 232
3 214 195 213
3 191 173 172
3 193 212 194
3 210 229 211
3 191 192 173
3 191 210 192
3 175 193 194
3 192 211 193
3 248 230 229
3 212 211 230
3 212 193 211
3 287 268 286
3 287 269 268
3 267 249 248
3 268 249 267
3 268 269 250
3 288 289 270
3 287 286 305
3 268 267 286
3 306 287 305
3 288 269 287
3 325 326 307
3 307 288 306
3 269 270 251
3 289 290 271
3 291 272 290
3 253 252 271
3 254 272 273
3 271 290 272
3 309 308 327
3 309 290 308
3 325 307 306
3 328 327 346
3 328 346 347
3 330 348 349
3 329 347 348
3 327 326 345
3 327 308 326
3 344 326 325
3 325 324 343
3 325 306 324
3 326 344 345
3 325 343 344
# indices of nodes located on the boundary
1 2 3 4 5 6 7 8 9 10 11 12 13 14 15 16 17 18 19 20 38 39 57 58 76 77 95 96 114 115 133 134 152 153 171 172 190 191 209 210 228 229 247 248 266 267 285 286 304 305 323 324 342 343 344 345 346 347 348 349 350 351 352 353 354 355 356 357 358 359 360 361 
