# domain type
Triangular
# nodal coordinates: number of nodes followed by the coordinates
25
0.0000000000000000 0.0000000000000000
0.0000000000000000 0.2500000000000000
0.0000000000000000 0.5000000000000000
0.0000000000000000 0.7500000000000000
0.0000000000000000 1.0000000000000000
0.2500000000000000 0.0000000000000000
0.2500000000000000 0.2500000000000000
0.2500000000000000 0.5000000000000000
0.2500000000000000 0.7500000000000000
0.2500000000000000 1.0000000000000000
0.5000000000000000 0.0000000000000000
0.5000000000000000 0.2500000000000000
0.5000000000000000 0.5000000000000000
0.5000000000000000 0.7500000000000000
0.5000000000000000 1.0000000000000000
0.7500000000000000 0.0000000000000000
0.7500000000000000 0.2500000000000000
0.7500000000000000 0.5000000000000000
0.7500000000000000 0.7500000000000000
0.7500000000000000 1.0000000000000000
1.0000000000000000 0.0000000000000000
1.0000000000000000 0.2500000000000000
1.0000000000000000 0.5000000000000000
1.0000000000000000 0.7500000000000000
1.0000000000000000 1.0000000000000000
# element connectivity: number of elements followed by the connectivity
32
3 9 4 8
3 3 2 7
3 18 17 22
3 19 18 23
3 13 8 12
3 6 2 1
3 3 8 4
3 6 7 2
3 16 21 17
3 11 12 7
3 7 6 11
3 8 3 7
3 18 19 14
3 4 9 5
3 12 8 7
3 14 10 9
3 13 9 8
3 10 5 9
3 14 15 10
3 14 19 15
3 24 25 20
3 24 19 23
3 13 12 17
3 20 19 24
3 20 15 19
3 22 17 21
3 18 13 17
3 14 13 18
3 14 9 13
3 12 11 16
3 12 16 17
3 23 18 22
# indices of nodes located on the boundary
1 2 3 4 5 6 10 11 15 16 20 21 22 23 24 25 
