# domain type
Triangular
# nodal coordinates: number of nodes followed by the coordinates
1369
0.0000000000000000 0.0000000000000000
0.0000000000000000 0.0277777777777778
0.0000000000000000 0.0555555555555556
0.0000000000000000 0.0833333333333333
0.0000000000000000 0.1111111111111111
0.0000000000000000 0.1388888888888889
0.0000000000000000 0.1666666666666667
0.0000000000000000 0.1944444444444444
0.0000000000000000 0.2222222222222222
0.0000000000000000 0.2500000000000000
0.0000000000000000 0.2777777777777778
0.0000000000000000 0.3055555555555556
0.0000000000000000 0.3333333333333333
0.0000000000000000 0.3611111111111111
0.0000000000000000 0.3888888888888889
0.0000000000000000 0.4166666666666667
0.0000000000000000 0.4444444444444444
0.0000000000000000 0.4722222222222222
0.0000000000000000 0.5000000000000000
0.0000000000000000 0.5277777777777778
0.0000000000000000 0.5555555555555556
0.0000000000000000 0.5833333333333334
0.0000000000000000 0.6111111111111112
0.0000000000000000 0.6388888888888888
0.0000000000000000 0.6666666666666666
0.0000000000000000 0.6944444444444444
0.0000000000000000 0.7222222222222222
0.0000000000000000 0.7500000000000000
0.0000000000000000 0.7777777777777778
0.0000000000000000 0.8055555555555556
0.0000000000000000 0.8333333333333334
0.0000000000000000 0.8611111111111112
0.0000000000000000 0.8888888888888888
0.0000000000000000 0.9166666666666666
0.0000000000000000 0.9444444444444444
0.0000000000000000 0.9722222222222222
0.0000000000000000 1.0000000000000000
0.0277777777777778 0.0000000000000000
0.0277777777777778 0.0277777777777778
0.0277777777777778 0.0555555555555556
0.0277777777777778 0.0833333333333333
0.0277777777777778 0.1111111111111111
0.0277777777777778 0.1388888888888889
0.0277777777777778 0.1666666666666667
0.0277777777777778 0.1944444444444444
0.0277777777777778 0.2222222222222222
0.0277777777777778 0.2500000000000000
0.0277777777777778 0.2777777777777778
0.0277777777777778 0.3055555555555556
0.0277777777777778 0.3333333333333333
0.0277777777777778 0.3611111111111111
0.0277777777777778 0.3888888888888889
0.0277777777777778 0.4166666666666667
0.0277777777777778 0.4444444444444444
0.0277777777777778 0.4722222222222222
0.0277777777777778 0.5000000000000000
0.0277777777777778 0.5277777777777778
0.0277777777777778 0.5555555555555556
0.0277777777777778 0.5833333333333334
0.0277777777777778 0.6111111111111112
0.0277777777777778 0.6388888888888888
0.0277777777777778 0.6666666666666666
0.0277777777777778 0.6944444444444444
0.0277777777777778 0.7222222222222222
0.0277777777777778 0.7500000000000000
0.0277777777777778 0.7777777777777778
0.0277777777777778 0.8055555555555556
0.0277777777777778 0.8333333333333334
0.0277777777777778 0.8611111111111112
0.0277777777777778 0.8888888888888888
0.0277777777777778 0.9166666666666666
0.0277777777777778 0.9444444444444444
0.0277777777777778 0.9722222222222222
0.0277777777777778 1.0000000000000000
0.0555555555555556 0.0000000000000000
0.0555555555555556 0.0277777777777778
0.0555555555555556 0.0555555555555556
0.0555555555555556 0.0833333333333333
0.0555555555555556 0.1111111111111111
0.0555555555555556 0.1388888888888889
0.0555555555555556 0.1666666666666667
0.0555555555555556 0.1944444444444444
0.0555555555555556 0.2222222222222222
0.0555555555555556 0.2500000000000000
0.0555555555555556 0.2777777777777778
0.0555555555555556 0.3055555555555556
0.0555555555555556 0.3333333333333333
0.0555555555555556 0.3611111111111111
0.0555555555555556 0.3888888888888889
0.0555555555555556 0.4166666666666667
0.0555555555555556 0.4444444444444444
0.0555555555555556 0.4722222222222222
0.0555555555555556 0.5000000000000000
0.0555555555555556 0.5277777777777778
0.0555555555555556 0.5555555555555556
0.0555555555555556 0.5833333333333334
0.0555555555555556 0.6111111111111112
0.0555555555555556 0.6388888888888888
0.0555555555555556 0.6666666666666666
0.0555555555555556 0.6944444444444444
0.0555555555555556 0.7222222222222222
0.0555555555555556 0.7500000000000000
0.0555555555555556 0.7777777777777778
0.0555555555555556 0.8055555555555556
0.0555555555555556 0.8333333333333334
0.0555555555555556 0.8611111111111112
0.0555555555555556 0.8888888888888888
0.0555555555555556 0.9166666666666666
0.0555555555555556 0.9444444444444444
0.0555555555555556 0.9722222222222222
0.0555555555555556 1.0000000000000000
0.0833333333333333 0.0000000000000000
0.0833333333333333 0.0277777777777778
0.0833333333333333 0.0555555555555556
0.0833333333333333 0.0833333333333333
0.0833333333333333 0.1111111111111111
0.0833333333333333 0.1388888888888889
0.0833333333333333 0.1666666666666667
0.0833333333333333 0.1944444444444444
0.0833333333333333 0.2222222222222222
0.0833333333333333 0.2500000000000000
0.0833333333333333 0.2777777777777778
0.0833333333333333 0.3055555555555556
0.0833333333333333 0.3333333333333333
0.0833333333333333 0.3611111111111111
0.0833333333333333 0.3888888888888889
0.0833333333333333 0.4166666666666667
0.0833333333333333 0.4444444444444444
0.0833333333333333 0.4722222222222222
0.0833333333333333 0.5000000000000000
0.0833333333333333 0.5277777777777778
0.0833333333333333 0.5555555555555556
0.0833333333333333 0.5833333333333334
0.0833333333333333 0.6111111111111112
0.0833333333333333 0.6388888888888888
0.0833333333333333 0.6666666666666666
0.0833333333333333 0.6944444444444444
0.0833333333333333 0.7222222222222222
0.0833333333333333 0.7500000000000000
0.0833333333333333 0.7777777777777778
0.0833333333333333 0.8055555555555556
0.0833333333333333 0.8333333333333334
0.0833333333333333 0.8611111111111112
0.0833333333333333 0.8888888888888888
0.0833333333333333 0.9166666666666666
0.0833333333333333 0.9444444444444444
0.0833333333333333 0.9722222222222222
0.0833333333333333 1.0000000000000000
0.1111111111111111 0.0000000000000000
0.1111111111111111 0.0277777777777778
0.1111111111111111 0.0555555555555556
0.1111111111111111 0.0833333333333333
0.1111111111111111 0.1111111111111111
0.1111111111111111 0.1388888888888889
0.1111111111111111 0.1666666666666667
0.1111111111111111 0.1944444444444444
0.1111111111111111 0.2222222222222222
0.1111111111111111 0.2500000000000000
0.1111111111111111 0.2777777777777778
0.1111111111111111 0.3055555555555556
0.1111111111111111 0.3333333333333333
0.1111111111111111 0.3611111111111111
0.1111111111111111 0.3888888888888889
0.1111111111111111 0.4166666666666667
0.1111111111111111 0.4444444444444444
0.1111111111111111 0.4722222222222222
0.1111111111111111 0.5000000000000000
0.1111111111111111 0.5277777777777778
0.1111111111111111 0.5555555555555556
0.1111111111111111 0.5833333333333334
0.1111111111111111 0.6111111111111112
0.1111111111111111 0.6388888888888888
0.1111111111111111 0.6666666666666666
0.1111111111111111 0.6944444444444444
0.1111111111111111 0.7222222222222222
0.1111111111111111 0.7500000000000000
0.1111111111111111 0.7777777777777778
0.1111111111111111 0.8055555555555556
0.1111111111111111 0.8333333333333334
0.1111111111111111 0.8611111111111112
0.1111111111111111 0.8888888888888888
0.1111111111111111 0.9166666666666666
0.1111111111111111 0.9444444444444444
0.1111111111111111 0.9722222222222222
0.1111111111111111 1.0000000000000000
0.1388888888888889 0.0000000000000000
0.1388888888888889 0.0277777777777778
0.1388888888888889 0.0555555555555556
0.1388888888888889 0.0833333333333333
0.1388888888888889 0.1111111111111111
0.1388888888888889 0.1388888888888889
0.1388888888888889 0.1666666666666667
0.1388888888888889 0.1944444444444444
0.1388888888888889 0.2222222222222222
0.1388888888888889 0.2500000000000000
0.1388888888888889 0.2777777777777778
0.1388888888888889 0.3055555555555556
0.1388888888888889 0.3333333333333333
0.1388888888888889 0.3611111111111111
0.1388888888888889 0.3888888888888889
0.1388888888888889 0.4166666666666667
0.1388888888888889 0.4444444444444444
0.1388888888888889 0.4722222222222222
0.1388888888888889 0.5000000000000000
0.1388888888888889 0.5277777777777778
0.1388888888888889 0.5555555555555556
0.1388888888888889 0.5833333333333334
0.1388888888888889 0.6111111111111112
0.1388888888888889 0.6388888888888888
0.1388888888888889 0.6666666666666666
0.1388888888888889 0.6944444444444444
0.1388888888888889 0.7222222222222222
0.1388888888888889 0.7500000000000000
0.1388888888888889 0.7777777777777778
0.1388888888888889 0.8055555555555556
0.1388888888888889 0.8333333333333334
0.1388888888888889 0.8611111111111112
0.1388888888888889 0.8888888888888888
0.1388888888888889 0.9166666666666666
0.1388888888888889 0.9444444444444444
0.1388888888888889 0.9722222222222222
0.1388888888888889 1.0000000000000000
0.1666666666666667 0.0000000000000000
0.1666666666666667 0.0277777777777778
0.1666666666666667 0.0555555555555556
0.1666666666666667 0.0833333333333333
0.1666666666666667 0.1111111111111111
0.1666666666666667 0.1388888888888889
0.1666666666666667 0.1666666666666667
0.1666666666666667 0.1944444444444444
0.1666666666666667 0.2222222222222222
0.1666666666666667 0.2500000000000000
0.1666666666666667 0.2777777777777778
0.1666666666666667 0.3055555555555556
0.1666666666666667 0.3333333333333333
0.1666666666666667 0.3611111111111111
0.1666666666666667 0.3888888888888889
0.1666666666666667 0.4166666666666667
0.1666666666666667 0.4444444444444444
0.1666666666666667 0.4722222222222222
0.1666666666666667 0.5000000000000000
0.1666666666666667 0.5277777777777778
0.1666666666666667 0.5555555555555556
0.1666666666666667 0.5833333333333334
0.1666666666666667 0.6111111111111112
0.1666666666666667 0.6388888888888888
0.1666666666666667 0.6666666666666666
0.1666666666666667 0.6944444444444444
0.1666666666666667 0.7222222222222222
0.1666666666666667 0.7500000000000000
0.1666666666666667 0.7777777777777778
0.1666666666666667 0.8055555555555556
0.1666666666666667 0.8333333333333334
0.1666666666666667 0.8611111111111112
0.1666666666666667 0.8888888888888888
0.1666666666666667 0.9166666666666666
0.1666666666666667 0.9444444444444444
0.1666666666666667 0.9722222222222222
0.1666666666666667 1.0000000000000000
0.1944444444444444 0.0000000000000000
0.1944444444444444 0.0277777777777778
0.1944444444444444 0.0555555555555556
0.1944444444444444 0.0833333333333333
0.1944444444444444 0.1111111111111111
0.1944444444444444 0.1388888888888889
0.1944444444444444 0.1666666666666667
0.1944444444444444 0.1944444444444444
0.1944444444444444 0.2222222222222222
0.1944444444444444 0.2500000000000000
0.1944444444444444 0.2777777777777778
0.1944444444444444 0.3055555555555556
0.1944444444444444 0.3333333333333333
0.1944444444444444 0.3611111111111111
0.1944444444444444 0.3888888888888889
0.1944444444444444 0.4166666666666667
0.1944444444444444 0.4444444444444444
0.1944444444444444 0.4722222222222222
0.1944444444444444 0.5000000000000000
0.1944444444444444 0.5277777777777778
0.1944444444444444 0.5555555555555556
0.1944444444444444 0.5833333333333334
0.1944444444444444 0.6111111111111112
0.1944444444444444 0.6388888888888888
0.1944444444444444 0.6666666666666666
0.1944444444444444 0.6944444444444444
0.1944444444444444 0.7222222222222222
0.1944444444444444 0.7500000000000000
0.1944444444444444 0.7777777777777778
0.1944444444444444 0.8055555555555556
0.1944444444444444 0.8333333333333334
0.1944444444444444 0.8611111111111112
0.1944444444444444 0.8888888888888888
0.1944444444444444 0.9166666666666666
0.1944444444444444 0.9444444444444444
0.1944444444444444 0.9722222222222222
0.1944444444444444 1.0000000000000000
0.2222222222222222 0.0000000000000000
0.2222222222222222 0.0277777777777778
0.2222222222222222 0.0555555555555556
0.2222222222222222 0.0833333333333333
0.2222222222222222 0.1111111111111111
0.2222222222222222 0.1388888888888889
0.2222222222222222 0.1666666666666667
0.2222222222222222 0.1944444444444444
0.2222222222222222 0.2222222222222222
0.2222222222222222 0.2500000000000000
0.2222222222222222 0.2777777777777778
0.2222222222222222 0.3055555555555556
0.2222222222222222 0.3333333333333333
0.2222222222222222 0.3611111111111111
0.2222222222222222 0.3888888888888889
0.2222222222222222 0.4166666666666667
0.2222222222222222 0.4444444444444444
0.2222222222222222 0.4722222222222222
0.2222222222222222 0.5000000000000000
0.2222222222222222 0.5277777777777778
0.2222222222222222 0.5555555555555556
0.2222222222222222 0.5833333333333334
0.2222222222222222 0.6111111111111112
0.2222222222222222 0.6388888888888888
0.2222222222222222 0.6666666666666666
0.2222222222222222 0.6944444444444444
0.2222222222222222 0.7222222222222222
0.2222222222222222 0.7500000000000000
0.2222222222222222 0.7777777777777778
0.2222222222222222 0.8055555555555556
0.2222222222222222 0.8333333333333334
0.2222222222222222 0.8611111111111112
0.2222222222222222 0.8888888888888888
0.2222222222222222 0.9166666666666666
0.2222222222222222 0.9444444444444444
0.2222222222222222 0.9722222222222222
0.2222222222222222 1.0000000000000000
0.2500000000000000 0.0000000000000000
0.2500000000000000 0.0277777777777778
0.2500000000000000 0.0555555555555556
0.2500000000000000 0.0833333333333333
0.2500000000000000 0.1111111111111111
0.2500000000000000 0.1388888888888889
0.2500000000000000 0.1666666666666667
0.2500000000000000 0.1944444444444444
0.2500000000000000 0.2222222222222222
0.2500000000000000 0.2500000000000000
0.2500000000000000 0.2777777777777778
0.2500000000000000 0.3055555555555556
0.2500000000000000 0.3333333333333333
0.2500000000000000 0.3611111111111111
0.2500000000000000 0.3888888888888889
0.2500000000000000 0.4166666666666667
0.2500000000000000 0.4444444444444444
0.2500000000000000 0.4722222222222222
0.2500000000000000 0.5000000000000000
0.2500000000000000 0.5277777777777778
0.2500000000000000 0.5555555555555556
0.2500000000000000 0.5833333333333334
0.2500000000000000 0.6111111111111112
0.2500000000000000 0.6388888888888888
0.2500000000000000 0.6666666666666666
0.2500000000000000 0.6944444444444444
0.2500000000000000 0.7222222222222222
0.2500000000000000 0.7500000000000000
0.2500000000000000 0.7777777777777778
0.2500000000000000 0.8055555555555556
0.2500000000000000 0.8333333333333334
0.2500000000000000 0.8611111111111112
0.2500000000000000 0.8888888888888888
0.2500000000000000 0.9166666666666666
0.2500000000000000 0.9444444444444444
0.2500000000000000 0.9722222222222222
0.2500000000000000 1.0000000000000000
0.2777777777777778 0.0000000000000000
0.2777777777777778 0.0277777777777778
0.2777777777777778 0.0555555555555556
0.2777777777777778 0.0833333333333333
0.2777777777777778 0.1111111111111111
0.2777777777777778 0.1388888888888889
0.2777777777777778 0.1666666666666667
0.2777777777777778 0.1944444444444444
0.2777777777777778 0.2222222222222222
0.2777777777777778 0.2500000000000000
0.2777777777777778 0.2777777777777778
0.2777777777777778 0.3055555555555556
0.2777777777777778 0.3333333333333333
0.2777777777777778 0.3611111111111111
0.2777777777777778 0.3888888888888889
0.2777777777777778 0.4166666666666667
0.2777777777777778 0.4444444444444444
0.2777777777777778 0.4722222222222222
0.2777777777777778 0.5000000000000000
0.2777777777777778 0.5277777777777778
0.2777777777777778 0.5555555555555556
0.2777777777777778 0.5833333333333334
0.2777777777777778 0.6111111111111112
0.2777777777777778 0.6388888888888888
0.2777777777777778 0.6666666666666666
0.2777777777777778 0.6944444444444444
0.2777777777777778 0.7222222222222222
0.2777777777777778 0.7500000000000000
0.2777777777777778 0.7777777777777778
0.2777777777777778 0.8055555555555556
0.2777777777777778 0.8333333333333334
0.2777777777777778 0.8611111111111112
0.2777777777777778 0.8888888888888888
0.2777777777777778 0.9166666666666666
0.2777777777777778 0.9444444444444444
0.2777777777777778 0.9722222222222222
0.2777777777777778 1.0000000000000000
0.3055555555555556 0.0000000000000000
0.3055555555555556 0.0277777777777778
0.3055555555555556 0.0555555555555556
0.3055555555555556 0.0833333333333333
0.3055555555555556 0.1111111111111111
0.3055555555555556 0.1388888888888889
0.3055555555555556 0.1666666666666667
0.3055555555555556 0.1944444444444444
0.3055555555555556 0.2222222222222222
0.3055555555555556 0.2500000000000000
0.3055555555555556 0.2777777777777778
0.3055555555555556 0.3055555555555556
0.3055555555555556 0.3333333333333333
0.3055555555555556 0.3611111111111111
0.3055555555555556 0.3888888888888889
0.3055555555555556 0.4166666666666667
0.3055555555555556 0.4444444444444444
0.3055555555555556 0.4722222222222222
0.3055555555555556 0.5000000000000000
0.3055555555555556 0.5277777777777778
0.3055555555555556 0.5555555555555556
0.3055555555555556 0.5833333333333334
0.3055555555555556 0.6111111111111112
0.3055555555555556 0.6388888888888888
0.3055555555555556 0.6666666666666666
0.3055555555555556 0.6944444444444444
0.3055555555555556 0.7222222222222222
0.3055555555555556 0.7500000000000000
0.3055555555555556 0.7777777777777778
0.3055555555555556 0.8055555555555556
0.3055555555555556 0.8333333333333334
0.3055555555555556 0.8611111111111112
0.3055555555555556 0.8888888888888888
0.3055555555555556 0.9166666666666666
0.3055555555555556 0.9444444444444444
0.3055555555555556 0.9722222222222222
0.3055555555555556 1.0000000000000000
0.3333333333333333 0.0000000000000000
0.3333333333333333 0.0277777777777778
0.3333333333333333 0.0555555555555556
0.3333333333333333 0.0833333333333333
0.3333333333333333 0.1111111111111111
0.3333333333333333 0.1388888888888889
0.3333333333333333 0.1666666666666667
0.3333333333333333 0.1944444444444444
0.3333333333333333 0.2222222222222222
0.3333333333333333 0.2500000000000000
0.3333333333333333 0.2777777777777778
0.3333333333333333 0.3055555555555556
0.3333333333333333 0.3333333333333333
0.3333333333333333 0.3611111111111111
0.3333333333333333 0.3888888888888889
0.3333333333333333 0.4166666666666667
0.3333333333333333 0.4444444444444444
0.3333333333333333 0.4722222222222222
0.3333333333333333 0.5000000000000000
0.3333333333333333 0.5277777777777778
0.3333333333333333 0.5555555555555556
0.3333333333333333 0.5833333333333334
0.3333333333333333 0.6111111111111112
0.3333333333333333 0.6388888888888888
0.3333333333333333 0.6666666666666666
0.3333333333333333 0.6944444444444444
0.3333333333333333 0.7222222222222222
0.3333333333333333 0.7500000000000000
0.3333333333333333 0.7777777777777778
0.3333333333333333 0.8055555555555556
0.3333333333333333 0.8333333333333334
0.3333333333333333 0.8611111111111112
0.3333333333333333 0.8888888888888888
0.3333333333333333 0.9166666666666666
0.3333333333333333 0.9444444444444444
0.3333333333333333 0.9722222222222222
0.3333333333333333 1.0000000000000000
0.3611111111111111 0.0000000000000000
0.3611111111111111 0.0277777777777778
0.3611111111111111 0.0555555555555556
0.3611111111111111 0.0833333333333333
0.3611111111111111 0.1111111111111111
0.3611111111111111 0.1388888888888889
0.3611111111111111 0.1666666666666667
0.3611111111111111 0.1944444444444444
0.3611111111111111 0.2222222222222222
0.3611111111111111 0.2500000000000000
0.3611111111111111 0.2777777777777778
0.3611111111111111 0.3055555555555556
0.3611111111111111 0.3333333333333333
0.3611111111111111 0.3611111111111111
0.3611111111111111 0.3888888888888889
0.3611111111111111 0.4166666666666667
0.3611111111111111 0.4444444444444444
0.3611111111111111 0.4722222222222222
0.3611111111111111 0.5000000000000000
0.3611111111111111 0.5277777777777778
0.3611111111111111 0.5555555555555556
0.3611111111111111 0.5833333333333334
0.3611111111111111 0.6111111111111112
0.3611111111111111 0.6388888888888888
0.3611111111111111 0.6666666666666666
0.3611111111111111 0.6944444444444444
0.3611111111111111 0.7222222222222222
0.3611111111111111 0.7500000000000000
0.3611111111111111 0.7777777777777778
0.3611111111111111 0.8055555555555556
0.3611111111111111 0.8333333333333334
0.3611111111111111 0.8611111111111112
0.3611111111111111 0.8888888888888888
0.3611111111111111 0.9166666666666666
0.3611111111111111 0.9444444444444444
0.3611111111111111 0.9722222222222222
0.3611111111111111 1.0000000000000000
0.3888888888888889 0.0000000000000000
0.3888888888888889 0.0277777777777778
0.3888888888888889 0.0555555555555556
0.3888888888888889 0.0833333333333333
0.3888888888888889 0.1111111111111111
0.3888888888888889 0.1388888888888889
0.3888888888888889 0.1666666666666667
0.3888888888888889 0.1944444444444444
0.3888888888888889 0.2222222222222222
0.3888888888888889 0.2500000000000000
0.3888888888888889 0.2777777777777778
0.3888888888888889 0.3055555555555556
0.3888888888888889 0.3333333333333333
0.3888888888888889 0.3611111111111111
0.3888888888888889 0.3888888888888889
0.3888888888888889 0.4166666666666667
0.3888888888888889 0.4444444444444444
0.3888888888888889 0.4722222222222222
0.3888888888888889 0.5000000000000000
0.3888888888888889 0.5277777777777778
0.3888888888888889 0.5555555555555556
0.3888888888888889 0.5833333333333334
0.3888888888888889 0.6111111111111112
0.3888888888888889 0.6388888888888888
0.3888888888888889 0.6666666666666666
0.3888888888888889 0.6944444444444444
0.3888888888888889 0.7222222222222222
0.3888888888888889 0.7500000000000000
0.3888888888888889 0.7777777777777778
0.3888888888888889 0.8055555555555556
0.3888888888888889 0.8333333333333334
0.3888888888888889 0.8611111111111112
0.3888888888888889 0.8888888888888888
0.3888888888888889 0.9166666666666666
0.3888888888888889 0.9444444444444444
0.3888888888888889 0.9722222222222222
0.3888888888888889 1.0000000000000000
0.4166666666666667 0.0000000000000000
0.4166666666666667 0.0277777777777778
0.4166666666666667 0.0555555555555556
0.4166666666666667 0.0833333333333333
0.4166666666666667 0.1111111111111111
0.4166666666666667 0.1388888888888889
0.4166666666666667 0.1666666666666667
0.4166666666666667 0.1944444444444444
0.4166666666666667 0.2222222222222222
0.4166666666666667 0.2500000000000000
0.4166666666666667 0.2777777777777778
0.4166666666666667 0.3055555555555556
0.4166666666666667 0.3333333333333333
0.4166666666666667 0.3611111111111111
0.4166666666666667 0.3888888888888889
0.4166666666666667 0.4166666666666667
0.4166666666666667 0.4444444444444444
0.4166666666666667 0.4722222222222222
0.4166666666666667 0.5000000000000000
0.4166666666666667 0.5277777777777778
0.4166666666666667 0.5555555555555556
0.4166666666666667 0.5833333333333334
0.4166666666666667 0.6111111111111112
0.4166666666666667 0.6388888888888888
0.4166666666666667 0.6666666666666666
0.4166666666666667 0.6944444444444444
0.4166666666666667 0.7222222222222222
0.4166666666666667 0.7500000000000000
0.4166666666666667 0.7777777777777778
0.4166666666666667 0.8055555555555556
0.4166666666666667 0.8333333333333334
0.4166666666666667 0.8611111111111112
0.4166666666666667 0.8888888888888888
0.4166666666666667 0.9166666666666666
0.4166666666666667 0.9444444444444444
0.4166666666666667 0.9722222222222222
0.4166666666666667 1.0000000000000000
0.4444444444444444 0.0000000000000000
0.4444444444444444 0.0277777777777778
0.4444444444444444 0.0555555555555556
0.4444444444444444 0.0833333333333333
0.4444444444444444 0.1111111111111111
0.4444444444444444 0.1388888888888889
0.4444444444444444 0.1666666666666667
0.4444444444444444 0.1944444444444444
0.4444444444444444 0.2222222222222222
0.4444444444444444 0.2500000000000000
0.4444444444444444 0.2777777777777778
0.4444444444444444 0.3055555555555556
0.4444444444444444 0.3333333333333333
0.4444444444444444 0.3611111111111111
0.4444444444444444 0.3888888888888889
0.4444444444444444 0.4166666666666667
0.4444444444444444 0.4444444444444444
0.4444444444444444 0.4722222222222222
0.4444444444444444 0.5000000000000000
0.4444444444444444 0.5277777777777778
0.4444444444444444 0.5555555555555556
0.4444444444444444 0.5833333333333334
0.4444444444444444 0.6111111111111112
0.4444444444444444 0.6388888888888888
0.4444444444444444 0.6666666666666666
0.4444444444444444 0.6944444444444444
0.4444444444444444 0.7222222222222222
0.4444444444444444 0.7500000000000000
0.4444444444444444 0.7777777777777778
0.4444444444444444 0.8055555555555556
0.4444444444444444 0.8333333333333334
0.4444444444444444 0.8611111111111112
0.4444444444444444 0.8888888888888888
0.4444444444444444 0.9166666666666666
0.4444444444444444 0.9444444444444444
0.4444444444444444 0.9722222222222222
0.4444444444444444 1.0000000000000000
0.4722222222222222 0.0000000000000000
0.4722222222222222 0.0277777777777778
0.4722222222222222 0.0555555555555556
0.4722222222222222 0.0833333333333333
0.4722222222222222 0.1111111111111111
0.4722222222222222 0.1388888888888889
0.4722222222222222 0.1666666666666667
0.4722222222222222 0.1944444444444444
0.4722222222222222 0.2222222222222222
0.4722222222222222 0.2500000000000000
0.4722222222222222 0.2777777777777778
0.4722222222222222 0.3055555555555556
0.4722222222222222 0.3333333333333333
0.4722222222222222 0.3611111111111111
0.4722222222222222 0.3888888888888889
0.4722222222222222 0.4166666666666667
0.4722222222222222 0.4444444444444444
0.4722222222222222 0.4722222222222222
0.4722222222222222 0.5000000000000000
0.4722222222222222 0.5277777777777778
0.4722222222222222 0.5555555555555556
0.4722222222222222 0.5833333333333334
0.4722222222222222 0.6111111111111112
0.4722222222222222 0.6388888888888888
0.4722222222222222 0.6666666666666666
0.4722222222222222 0.6944444444444444
0.4722222222222222 0.7222222222222222
0.4722222222222222 0.7500000000000000
0.4722222222222222 0.7777777777777778
0.4722222222222222 0.8055555555555556
0.4722222222222222 0.8333333333333334
0.4722222222222222 0.8611111111111112
0.4722222222222222 0.8888888888888888
0.4722222222222222 0.9166666666666666
0.4722222222222222 0.9444444444444444
0.4722222222222222 0.9722222222222222
0.4722222222222222 1.0000000000000000
0.5000000000000000 0.0000000000000000
0.5000000000000000 0.0277777777777778
0.5000000000000000 0.0555555555555556
0.5000000000000000 0.0833333333333333
0.5000000000000000 0.1111111111111111
0.5000000000000000 0.1388888888888889
0.5000000000000000 0.1666666666666667
0.5000000000000000 0.1944444444444444
0.5000000000000000 0.2222222222222222
0.5000000000000000 0.2500000000000000
0.5000000000000000 0.2777777777777778
0.5000000000000000 0.3055555555555556
0.5000000000000000 0.3333333333333333
0.5000000000000000 0.3611111111111111
0.5000000000000000 0.3888888888888889
0.5000000000000000 0.4166666666666667
0.5000000000000000 0.4444444444444444
0.5000000000000000 0.4722222222222222
0.5000000000000000 0.5000000000000000
0.5000000000000000 0.5277777777777778
0.5000000000000000 0.5555555555555556
0.5000000000000000 0.5833333333333334
0.5000000000000000 0.6111111111111112
0.5000000000000000 0.6388888888888888
0.5000000000000000 0.6666666666666666
0.5000000000000000 0.6944444444444444
0.5000000000000000 0.7222222222222222
0.5000000000000000 0.7500000000000000
0.5000000000000000 0.7777777777777778
0.5000000000000000 0.8055555555555556
0.5000000000000000 0.8333333333333334
0.5000000000000000 0.8611111111111112
0.5000000000000000 0.8888888888888888
0.5000000000000000 0.9166666666666666
0.5000000000000000 0.9444444444444444
0.5000000000000000 0.9722222222222222
0.5000000000000000 1.0000000000000000
0.5277777777777778 0.0000000000000000
0.5277777777777778 0.0277777777777778
0.5277777777777778 0.0555555555555556
0.5277777777777778 0.0833333333333333
0.5277777777777778 0.1111111111111111
0.5277777777777778 0.1388888888888889
0.5277777777777778 0.1666666666666667
0.5277777777777778 0.1944444444444444
0.5277777777777778 0.2222222222222222
0.5277777777777778 0.2500000000000000
0.5277777777777778 0.2777777777777778
0.5277777777777778 0.3055555555555556
0.5277777777777778 0.3333333333333333
0.5277777777777778 0.3611111111111111
0.5277777777777778 0.3888888888888889
0.5277777777777778 0.4166666666666667
0.5277777777777778 0.4444444444444444
0.5277777777777778 0.4722222222222222
0.5277777777777778 0.5000000000000000
0.5277777777777778 0.5277777777777778
0.5277777777777778 0.5555555555555556
0.5277777777777778 0.5833333333333334
0.5277777777777778 0.6111111111111112
0.5277777777777778 0.6388888888888888
0.5277777777777778 0.6666666666666666
0.5277777777777778 0.6944444444444444
0.5277777777777778 0.7222222222222222
0.5277777777777778 0.7500000000000000
0.5277777777777778 0.7777777777777778
0.5277777777777778 0.8055555555555556
0.5277777777777778 0.8333333333333334
0.5277777777777778 0.8611111111111112
0.5277777777777778 0.8888888888888888
0.5277777777777778 0.9166666666666666
0.5277777777777778 0.9444444444444444
0.5277777777777778 0.9722222222222222
0.5277777777777778 1.0000000000000000
0.5555555555555556 0.0000000000000000
0.5555555555555556 0.0277777777777778
0.5555555555555556 0.0555555555555556
0.5555555555555556 0.0833333333333333
0.5555555555555556 0.1111111111111111
0.5555555555555556 0.1388888888888889
0.5555555555555556 0.1666666666666667
0.5555555555555556 0.1944444444444444
0.5555555555555556 0.2222222222222222
0.5555555555555556 0.2500000000000000
0.5555555555555556 0.2777777777777778
0.5555555555555556 0.3055555555555556
0.5555555555555556 0.3333333333333333
0.5555555555555556 0.3611111111111111
0.5555555555555556 0.3888888888888889
0.5555555555555556 0.4166666666666667
0.5555555555555556 0.4444444444444444
0.5555555555555556 0.4722222222222222
0.5555555555555556 0.5000000000000000
0.5555555555555556 0.5277777777777778
0.5555555555555556 0.5555555555555556
0.5555555555555556 0.5833333333333334
0.5555555555555556 0.6111111111111112
0.5555555555555556 0.6388888888888888
0.5555555555555556 0.6666666666666666
0.5555555555555556 0.6944444444444444
0.5555555555555556 0.7222222222222222
0.5555555555555556 0.7500000000000000
0.5555555555555556 0.7777777777777778
0.5555555555555556 0.8055555555555556
0.5555555555555556 0.8333333333333334
0.5555555555555556 0.8611111111111112
0.5555555555555556 0.8888888888888888
0.5555555555555556 0.9166666666666666
0.5555555555555556 0.9444444444444444
0.5555555555555556 0.9722222222222222
0.5555555555555556 1.0000000000000000
0.5833333333333334 0.0000000000000000
0.5833333333333334 0.0277777777777778
0.5833333333333334 0.0555555555555556
0.5833333333333334 0.0833333333333333
0.5833333333333334 0.1111111111111111
0.5833333333333334 0.1388888888888889
0.5833333333333334 0.1666666666666667
0.5833333333333334 0.1944444444444444
0.5833333333333334 0.2222222222222222
0.5833333333333334 0.2500000000000000
0.5833333333333334 0.2777777777777778
0.5833333333333334 0.3055555555555556
0.5833333333333334 0.3333333333333333
0.5833333333333334 0.3611111111111111
0.5833333333333334 0.3888888888888889
0.5833333333333334 0.4166666666666667
0.5833333333333334 0.4444444444444444
0.5833333333333334 0.4722222222222222
0.5833333333333334 0.5000000000000000
0.5833333333333334 0.5277777777777778
0.5833333333333334 0.5555555555555556
0.5833333333333334 0.5833333333333334
0.5833333333333334 0.6111111111111112
0.5833333333333334 0.6388888888888888
0.5833333333333334 0.6666666666666666
0.5833333333333334 0.6944444444444444
0.5833333333333334 0.7222222222222222
0.5833333333333334 0.7500000000000000
0.5833333333333334 0.7777777777777778
0.5833333333333334 0.8055555555555556
0.5833333333333334 0.8333333333333334
0.5833333333333334 0.8611111111111112
0.5833333333333334 0.8888888888888888
0.5833333333333334 0.9166666666666666
0.5833333333333334 0.9444444444444444
0.5833333333333334 0.9722222222222222
0.5833333333333334 1.0000000000000000
0.6111111111111112 0.0000000000000000
0.6111111111111112 0.0277777777777778
0.6111111111111112 0.0555555555555556
0.6111111111111112 0.0833333333333333
0.6111111111111112 0.1111111111111111
0.6111111111111112 0.1388888888888889
0.6111111111111112 0.1666666666666667
0.6111111111111112 0.1944444444444444
0.6111111111111112 0.2222222222222222
0.6111111111111112 0.2500000000000000
0.6111111111111112 0.2777777777777778
0.6111111111111112 0.3055555555555556
0.6111111111111112 0.3333333333333333
0.6111111111111112 0.3611111111111111
0.6111111111111112 0.3888888888888889
0.6111111111111112 0.4166666666666667
0.6111111111111112 0.4444444444444444
0.6111111111111112 0.4722222222222222
0.6111111111111112 0.5000000000000000
0.6111111111111112 0.5277777777777778
0.6111111111111112 0.5555555555555556
0.6111111111111112 0.5833333333333334
0.6111111111111112 0.6111111111111112
0.6111111111111112 0.6388888888888888
0.6111111111111112 0.6666666666666666
0.6111111111111112 0.6944444444444444
0.6111111111111112 0.7222222222222222
0.6111111111111112 0.7500000000000000
0.6111111111111112 0.7777777777777778
0.6111111111111112 0.8055555555555556
0.6111111111111112 0.8333333333333334
0.6111111111111112 0.8611111111111112
0.6111111111111112 0.8888888888888888
0.6111111111111112 0.9166666666666666
0.6111111111111112 0.9444444444444444
0.6111111111111112 0.9722222222222222
0.6111111111111112 1.0000000000000000
0.6388888888888888 0.0000000000000000
0.6388888888888888 0.0277777777777778
0.6388888888888888 0.0555555555555556
0.6388888888888888 0.0833333333333333
0.6388888888888888 0.1111111111111111
0.6388888888888888 0.1388888888888889
0.6388888888888888 0.1666666666666667
0.6388888888888888 0.1944444444444444
0.6388888888888888 0.2222222222222222
0.6388888888888888 0.2500000000000000
0.6388888888888888 0.2777777777777778
0.6388888888888888 0.3055555555555556
0.6388888888888888 0.3333333333333333
0.6388888888888888 0.3611111111111111
0.6388888888888888 0.3888888888888889
0.6388888888888888 0.4166666666666667
0.6388888888888888 0.4444444444444444
0.6388888888888888 0.4722222222222222
0.6388888888888888 0.5000000000000000
0.6388888888888888 0.5277777777777778
0.6388888888888888 0.5555555555555556
0.6388888888888888 0.5833333333333334
0.6388888888888888 0.6111111111111112
0.6388888888888888 0.6388888888888888
0.6388888888888888 0.6666666666666666
0.6388888888888888 0.6944444444444444
0.6388888888888888 0.7222222222222222
0.6388888888888888 0.7500000000000000
0.6388888888888888 0.7777777777777778
0.6388888888888888 0.8055555555555556
0.6388888888888888 0.8333333333333334
0.6388888888888888 0.8611111111111112
0.6388888888888888 0.8888888888888888
0.6388888888888888 0.9166666666666666
0.6388888888888888 0.9444444444444444
0.6388888888888888 0.9722222222222222
0.6388888888888888 1.0000000000000000
0.6666666666666666 0.0000000000000000
0.6666666666666666 0.0277777777777778
0.6666666666666666 0.0555555555555556
0.6666666666666666 0.0833333333333333
0.6666666666666666 0.1111111111111111
0.6666666666666666 0.1388888888888889
0.6666666666666666 0.1666666666666667
0.6666666666666666 0.1944444444444444
0.6666666666666666 0.2222222222222222
0.6666666666666666 0.2500000000000000
0.6666666666666666 0.2777777777777778
0.6666666666666666 0.3055555555555556
0.6666666666666666 0.3333333333333333
0.6666666666666666 0.3611111111111111
0.6666666666666666 0.3888888888888889
0.6666666666666666 0.4166666666666667
0.6666666666666666 0.4444444444444444
0.6666666666666666 0.4722222222222222
0.6666666666666666 0.5000000000000000
0.6666666666666666 0.5277777777777778
0.6666666666666666 0.5555555555555556
0.6666666666666666 0.5833333333333334
0.6666666666666666 0.6111111111111112
0.6666666666666666 0.6388888888888888
0.6666666666666666 0.6666666666666666
0.6666666666666666 0.6944444444444444
0.6666666666666666 0.7222222222222222
0.6666666666666666 0.7500000000000000
0.6666666666666666 0.7777777777777778
0.6666666666666666 0.8055555555555556
0.6666666666666666 0.8333333333333334
0.6666666666666666 0.8611111111111112
0.6666666666666666 0.8888888888888888
0.6666666666666666 0.9166666666666666
0.6666666666666666 0.9444444444444444
0.6666666666666666 0.9722222222222222
0.6666666666666666 1.0000000000000000
0.6944444444444444 0.0000000000000000
0.6944444444444444 0.0277777777777778
0.6944444444444444 0.0555555555555556
0.6944444444444444 0.0833333333333333
0.6944444444444444 0.1111111111111111
0.6944444444444444 0.1388888888888889
0.6944444444444444 0.1666666666666667
0.6944444444444444 0.1944444444444444
0.6944444444444444 0.2222222222222222
0.6944444444444444 0.2500000000000000
0.6944444444444444 0.2777777777777778
0.6944444444444444 0.3055555555555556
0.6944444444444444 0.3333333333333333
0.6944444444444444 0.3611111111111111
0.6944444444444444 0.3888888888888889
0.6944444444444444 0.4166666666666667
0.6944444444444444 0.4444444444444444
0.6944444444444444 0.4722222222222222
0.6944444444444444 0.5000000000000000
0.6944444444444444 0.5277777777777778
0.6944444444444444 0.5555555555555556
0.6944444444444444 0.5833333333333334
0.6944444444444444 0.6111111111111112
0.6944444444444444 0.6388888888888888
0.6944444444444444 0.6666666666666666
0.6944444444444444 0.6944444444444444
0.6944444444444444 0.7222222222222222
0.6944444444444444 0.7500000000000000
0.6944444444444444 0.7777777777777778
0.6944444444444444 0.8055555555555556
0.6944444444444444 0.8333333333333334
0.6944444444444444 0.8611111111111112
0.6944444444444444 0.8888888888888888
0.6944444444444444 0.9166666666666666
0.6944444444444444 0.9444444444444444
0.6944444444444444 0.9722222222222222
0.6944444444444444 1.0000000000000000
0.7222222222222222 0.0000000000000000
0.7222222222222222 0.0277777777777778
0.7222222222222222 0.0555555555555556
0.7222222222222222 0.0833333333333333
0.7222222222222222 0.1111111111111111
0.7222222222222222 0.1388888888888889
0.7222222222222222 0.1666666666666667
0.7222222222222222 0.1944444444444444
0.7222222222222222 0.2222222222222222
0.7222222222222222 0.2500000000000000
0.7222222222222222 0.2777777777777778
0.7222222222222222 0.3055555555555556
0.7222222222222222 0.3333333333333333
0.7222222222222222 0.3611111111111111
0.7222222222222222 0.3888888888888889
0.7222222222222222 0.4166666666666667
0.7222222222222222 0.4444444444444444
0.7222222222222222 0.4722222222222222
0.7222222222222222 0.5000000000000000
0.7222222222222222 0.5277777777777778
0.7222222222222222 0.5555555555555556
0.7222222222222222 0.5833333333333334
0.7222222222222222 0.6111111111111112
0.7222222222222222 0.6388888888888888
0.7222222222222222 0.6666666666666666
0.7222222222222222 0.6944444444444444
0.7222222222222222 0.7222222222222222
0.7222222222222222 0.7500000000000000
0.7222222222222222 0.7777777777777778
0.7222222222222222 0.8055555555555556
0.7222222222222222 0.8333333333333334
0.7222222222222222 0.8611111111111112
0.7222222222222222 0.8888888888888888
0.7222222222222222 0.9166666666666666
0.7222222222222222 0.9444444444444444
0.7222222222222222 0.9722222222222222
0.7222222222222222 1.0000000000000000
0.7500000000000000 0.0000000000000000
0.7500000000000000 0.0277777777777778
0.7500000000000000 0.0555555555555556
0.7500000000000000 0.0833333333333333
0.7500000000000000 0.1111111111111111
0.7500000000000000 0.1388888888888889
0.7500000000000000 0.1666666666666667
0.7500000000000000 0.1944444444444444
0.7500000000000000 0.2222222222222222
0.7500000000000000 0.2500000000000000
0.7500000000000000 0.2777777777777778
0.7500000000000000 0.3055555555555556
0.7500000000000000 0.3333333333333333
0.7500000000000000 0.3611111111111111
0.7500000000000000 0.3888888888888889
0.7500000000000000 0.4166666666666667
0.7500000000000000 0.4444444444444444
0.7500000000000000 0.4722222222222222
0.7500000000000000 0.5000000000000000
0.7500000000000000 0.5277777777777778
0.7500000000000000 0.5555555555555556
0.7500000000000000 0.5833333333333334
0.7500000000000000 0.6111111111111112
0.7500000000000000 0.6388888888888888
0.7500000000000000 0.6666666666666666
0.7500000000000000 0.6944444444444444
0.7500000000000000 0.7222222222222222
0.7500000000000000 0.7500000000000000
0.7500000000000000 0.7777777777777778
0.7500000000000000 0.8055555555555556
0.7500000000000000 0.8333333333333334
0.7500000000000000 0.8611111111111112
0.7500000000000000 0.8888888888888888
0.7500000000000000 0.9166666666666666
0.7500000000000000 0.9444444444444444
0.7500000000000000 0.9722222222222222
0.7500000000000000 1.0000000000000000
0.7777777777777778 0.0000000000000000
0.7777777777777778 0.0277777777777778
0.7777777777777778 0.0555555555555556
0.7777777777777778 0.0833333333333333
0.7777777777777778 0.1111111111111111
0.7777777777777778 0.1388888888888889
0.7777777777777778 0.1666666666666667
0.7777777777777778 0.1944444444444444
0.7777777777777778 0.2222222222222222
0.7777777777777778 0.2500000000000000
0.7777777777777778 0.2777777777777778
0.7777777777777778 0.3055555555555556
0.7777777777777778 0.3333333333333333
0.7777777777777778 0.3611111111111111
0.7777777777777778 0.3888888888888889
0.7777777777777778 0.4166666666666667
0.7777777777777778 0.4444444444444444
0.7777777777777778 0.4722222222222222
0.7777777777777778 0.5000000000000000
0.7777777777777778 0.5277777777777778
0.7777777777777778 0.5555555555555556
0.7777777777777778 0.5833333333333334
0.7777777777777778 0.6111111111111112
0.7777777777777778 0.6388888888888888
0.7777777777777778 0.6666666666666666
0.7777777777777778 0.6944444444444444
0.7777777777777778 0.7222222222222222
0.7777777777777778 0.7500000000000000
0.7777777777777778 0.7777777777777778
0.7777777777777778 0.8055555555555556
0.7777777777777778 0.8333333333333334
0.7777777777777778 0.8611111111111112
0.7777777777777778 0.8888888888888888
0.7777777777777778 0.9166666666666666
0.7777777777777778 0.9444444444444444
0.7777777777777778 0.9722222222222222
0.7777777777777778 1.0000000000000000
0.8055555555555556 0.0000000000000000
0.8055555555555556 0.0277777777777778
0.8055555555555556 0.0555555555555556
0.8055555555555556 0.0833333333333333
0.8055555555555556 0.1111111111111111
0.8055555555555556 0.1388888888888889
0.8055555555555556 0.1666666666666667
0.8055555555555556 0.1944444444444444
0.8055555555555556 0.2222222222222222
0.8055555555555556 0.2500000000000000
0.8055555555555556 0.2777777777777778
0.8055555555555556 0.3055555555555556
0.8055555555555556 0.3333333333333333
0.8055555555555556 0.3611111111111111
0.8055555555555556 0.3888888888888889
0.8055555555555556 0.4166666666666667
0.8055555555555556 0.4444444444444444
0.8055555555555556 0.4722222222222222
0.8055555555555556 0.5000000000000000
0.8055555555555556 0.5277777777777778
0.8055555555555556 0.5555555555555556
0.8055555555555556 0.5833333333333334
0.8055555555555556 0.6111111111111112
0.8055555555555556 0.6388888888888888
0.8055555555555556 0.6666666666666666
0.8055555555555556 0.6944444444444444
0.8055555555555556 0.7222222222222222
0.8055555555555556 0.7500000000000000
0.8055555555555556 0.7777777777777778
0.8055555555555556 0.8055555555555556
0.8055555555555556 0.8333333333333334
0.8055555555555556 0.8611111111111112
0.8055555555555556 0.8888888888888888
0.8055555555555556 0.9166666666666666
0.8055555555555556 0.9444444444444444
0.8055555555555556 0.9722222222222222
0.8055555555555556 1.0000000000000000
0.8333333333333334 0.0000000000000000
0.8333333333333334 0.0277777777777778
0.8333333333333334 0.0555555555555556
0.8333333333333334 0.0833333333333333
0.8333333333333334 0.1111111111111111
0.8333333333333334 0.1388888888888889
0.8333333333333334 0.1666666666666667
0.8333333333333334 0.1944444444444444
0.8333333333333334 0.2222222222222222
0.8333333333333334 0.2500000000000000
0.8333333333333334 0.2777777777777778
0.8333333333333334 0.3055555555555556
0.8333333333333334 0.3333333333333333
0.8333333333333334 0.3611111111111111
0.8333333333333334 0.3888888888888889
0.8333333333333334 0.4166666666666667
0.8333333333333334 0.4444444444444444
0.8333333333333334 0.4722222222222222
0.8333333333333334 0.5000000000000000
0.8333333333333334 0.5277777777777778
0.8333333333333334 0.5555555555555556
0.8333333333333334 0.5833333333333334
0.8333333333333334 0.6111111111111112
0.8333333333333334 0.6388888888888888
0.8333333333333334 0.6666666666666666
0.8333333333333334 0.6944444444444444
0.8333333333333334 0.7222222222222222
0.8333333333333334 0.7500000000000000
0.8333333333333334 0.7777777777777778
0.8333333333333334 0.8055555555555556
0.8333333333333334 0.8333333333333334
0.8333333333333334 0.8611111111111112
0.8333333333333334 0.8888888888888888
0.8333333333333334 0.9166666666666666
0.8333333333333334 0.9444444444444444
0.8333333333333334 0.9722222222222222
0.8333333333333334 1.0000000000000000
0.8611111111111112 0.0000000000000000
0.8611111111111112 0.0277777777777778
0.8611111111111112 0.0555555555555556
0.8611111111111112 0.0833333333333333
0.8611111111111112 0.1111111111111111
0.8611111111111112 0.1388888888888889
0.8611111111111112 0.1666666666666667
0.8611111111111112 0.1944444444444444
0.8611111111111112 0.2222222222222222
0.8611111111111112 0.2500000000000000
0.8611111111111112 0.2777777777777778
0.8611111111111112 0.3055555555555556
0.8611111111111112 0.3333333333333333
0.8611111111111112 0.3611111111111111
0.8611111111111112 0.3888888888888889
0.8611111111111112 0.4166666666666667
0.8611111111111112 0.4444444444444444
0.8611111111111112 0.4722222222222222
0.8611111111111112 0.5000000000000000
0.8611111111111112 0.5277777777777778
0.8611111111111112 0.5555555555555556
0.8611111111111112 0.5833333333333334
0.8611111111111112 0.6111111111111112
0.8611111111111112 0.6388888888888888
0.8611111111111112 0.6666666666666666
0.8611111111111112 0.6944444444444444
0.8611111111111112 0.7222222222222222
0.8611111111111112 0.7500000000000000
0.8611111111111112 0.7777777777777778
0.8611111111111112 0.8055555555555556
0.8611111111111112 0.8333333333333334
0.8611111111111112 0.8611111111111112
0.8611111111111112 0.8888888888888888
0.8611111111111112 0.9166666666666666
0.8611111111111112 0.9444444444444444
0.8611111111111112 0.9722222222222222
0.8611111111111112 1.0000000000000000
0.8888888888888888 0.0000000000000000
0.8888888888888888 0.0277777777777778
0.8888888888888888 0.0555555555555556
0.8888888888888888 0.0833333333333333
0.8888888888888888 0.1111111111111111
0.8888888888888888 0.1388888888888889
0.8888888888888888 0.1666666666666667
0.8888888888888888 0.1944444444444444
0.8888888888888888 0.2222222222222222
0.8888888888888888 0.2500000000000000
0.8888888888888888 0.2777777777777778
0.8888888888888888 0.3055555555555556
0.8888888888888888 0.3333333333333333
0.8888888888888888 0.3611111111111111
0.8888888888888888 0.3888888888888889
0.8888888888888888 0.4166666666666667
0.8888888888888888 0.4444444444444444
0.8888888888888888 0.4722222222222222
0.8888888888888888 0.5000000000000000
0.8888888888888888 0.5277777777777778
0.8888888888888888 0.5555555555555556
0.8888888888888888 0.5833333333333334
0.8888888888888888 0.6111111111111112
0.8888888888888888 0.6388888888888888
0.8888888888888888 0.6666666666666666
0.8888888888888888 0.6944444444444444
0.8888888888888888 0.7222222222222222
0.8888888888888888 0.7500000000000000
0.8888888888888888 0.7777777777777778
0.8888888888888888 0.8055555555555556
0.8888888888888888 0.8333333333333334
0.8888888888888888 0.8611111111111112
0.8888888888888888 0.8888888888888888
0.8888888888888888 0.9166666666666666
0.8888888888888888 0.9444444444444444
0.8888888888888888 0.9722222222222222
0.8888888888888888 1.0000000000000000
0.9166666666666666 0.0000000000000000
0.9166666666666666 0.0277777777777778
0.9166666666666666 0.0555555555555556
0.9166666666666666 0.0833333333333333
0.9166666666666666 0.1111111111111111
0.9166666666666666 0.1388888888888889
0.9166666666666666 0.1666666666666667
0.9166666666666666 0.1944444444444444
0.9166666666666666 0.2222222222222222
0.9166666666666666 0.2500000000000000
0.9166666666666666 0.2777777777777778
0.9166666666666666 0.3055555555555556
0.9166666666666666 0.3333333333333333
0.9166666666666666 0.3611111111111111
0.9166666666666666 0.3888888888888889
0.9166666666666666 0.4166666666666667
0.9166666666666666 0.4444444444444444
0.9166666666666666 0.4722222222222222
0.9166666666666666 0.5000000000000000
0.9166666666666666 0.5277777777777778
0.9166666666666666 0.5555555555555556
0.9166666666666666 0.5833333333333334
0.9166666666666666 0.6111111111111112
0.9166666666666666 0.6388888888888888
0.9166666666666666 0.6666666666666666
0.9166666666666666 0.6944444444444444
0.9166666666666666 0.7222222222222222
0.9166666666666666 0.7500000000000000
0.9166666666666666 0.7777777777777778
0.9166666666666666 0.8055555555555556
0.9166666666666666 0.8333333333333334
0.9166666666666666 0.8611111111111112
0.9166666666666666 0.8888888888888888
0.9166666666666666 0.9166666666666666
0.9166666666666666 0.9444444444444444
0.9166666666666666 0.9722222222222222
0.9166666666666666 1.0000000000000000
0.9444444444444444 0.0000000000000000
0.9444444444444444 0.0277777777777778
0.9444444444444444 0.0555555555555556
0.9444444444444444 0.0833333333333333
0.9444444444444444 0.1111111111111111
0.9444444444444444 0.1388888888888889
0.9444444444444444 0.1666666666666667
0.9444444444444444 0.1944444444444444
0.9444444444444444 0.2222222222222222
0.9444444444444444 0.2500000000000000
0.9444444444444444 0.2777777777777778
0.9444444444444444 0.3055555555555556
0.9444444444444444 0.3333333333333333
0.9444444444444444 0.3611111111111111
0.9444444444444444 0.3888888888888889
0.9444444444444444 0.4166666666666667
0.9444444444444444 0.4444444444444444
0.9444444444444444 0.4722222222222222
0.9444444444444444 0.5000000000000000
0.9444444444444444 0.5277777777777778
0.9444444444444444 0.5555555555555556
0.9444444444444444 0.5833333333333334
0.9444444444444444 0.6111111111111112
0.9444444444444444 0.6388888888888888
0.9444444444444444 0.6666666666666666
0.9444444444444444 0.6944444444444444
0.9444444444444444 0.7222222222222222
0.9444444444444444 0.7500000000000000
0.9444444444444444 0.7777777777777778
0.9444444444444444 0.8055555555555556
0.9444444444444444 0.8333333333333334
0.9444444444444444 0.8611111111111112
0.9444444444444444 0.8888888888888888
0.9444444444444444 0.9166666666666666
0.9444444444444444 0.9444444444444444
0.9444444444444444 0.9722222222222222
0.9444444444444444 1.0000000000000000
0.9722222222222222 0.0000000000000000
0.9722222222222222 0.0277777777777778
0.9722222222222222 0.0555555555555556
0.9722222222222222 0.0833333333333333
0.9722222222222222 0.1111111111111111
0.9722222222222222 0.1388888888888889
0.9722222222222222 0.1666666666666667
0.9722222222222222 0.1944444444444444
0.9722222222222222 0.2222222222222222
0.9722222222222222 0.2500000000000000
0.9722222222222222 0.2777777777777778
0.9722222222222222 0.3055555555555556
0.9722222222222222 0.3333333333333333
0.9722222222222222 0.3611111111111111
0.9722222222222222 0.3888888888888889
0.9722222222222222 0.4166666666666667
0.9722222222222222 0.4444444444444444
0.9722222222222222 0.4722222222222222
0.9722222222222222 0.5000000000000000
0.9722222222222222 0.5277777777777778
0.9722222222222222 0.5555555555555556
0.9722222222222222 0.5833333333333334
0.9722222222222222 0.6111111111111112
0.9722222222222222 0.6388888888888888
0.9722222222222222 0.6666666666666666
0.9722222222222222 0.6944444444444444
0.9722222222222222 0.7222222222222222
0.9722222222222222 0.7500000000000000
0.9722222222222222 0.7777777777777778
0.9722222222222222 0.8055555555555556
0.9722222222222222 0.8333333333333334
0.9722222222222222 0.8611111111111112
0.9722222222222222 0.8888888888888888
0.9722222222222222 0.9166666666666666
0.9722222222222222 0.9444444444444444
0.9722222222222222 0.9722222222222222
0.9722222222222222 1.0000000000000000
1.0000000000000000 0.0000000000000000
1.0000000000000000 0.0277777777777778
1.0000000000000000 0.0555555555555556
1.0000000000000000 0.0833333333333333
1.0000000000000000 0.1111111111111111
1.0000000000000000 0.1388888888888889
1.0000000000000000 0.1666666666666667
1.0000000000000000 0.1944444444444444
1.0000000000000000 0.2222222222222222
1.0000000000000000 0.2500000000000000
1.0000000000000000 0.2777777777777778
1.0000000000000000 0.3055555555555556
1.0000000000000000 0.3333333333333333
1.0000000000000000 0.3611111111111111
1.0000000000000000 0.3888888888888889
1.0000000000000000 0.4166666666666667
1.0000000000000000 0.4444444444444444
1.0000000000000000 0.4722222222222222
1.0000000000000000 0.5000000000000000
1.0000000000000000 0.5277777777777778
1.0000000000000000 0.5555555555555556
1.0000000000000000 0.5833333333333334
1.0000000000000000 0.6111111111111112
1.0000000000000000 0.6388888888888888
1.0000000000000000 0.6666666666666666
1.0000000000000000 0.6944444444444444
1.0000000000000000 0.7222222222222222
1.0000000000000000 0.7500000000000000
1.0000000000000000 0.7777777777777778
1.0000000000000000 0.8055555555555556
1.0000000000000000 0.8333333333333334
1.0000000000000000 0.8611111111111112
1.0000000000000000 0.8888888888888888
1.0000000000000000 0.9166666666666666
1.0000000000000000 0.9444444444444444
1.0000000000000000 0.9722222222222222
1.0000000000000000 1.0000000000000000
# element connectivity: number of elements followed by the connectivity
2592
3 545 508 544
3 507 544 508
3 998 1034 1035
3 279 278 315
3 493 457 456
3 608 607 644
3 1225 1224 1261
3 167 130 166
3 365 364 401
3 414 415 378
3 637 600 636
3 122 121 158
3 491 454 490
3 314 278 277
3 129 128 165
3 107 70 106
3 358 321 357
3 947 983 984
3 329 365 366
3 612 576 575
3 541 504 540
3 237 274 238
3 1324 1360 1361
3 590 554 553
3 768 767 804
3 694 657 693
3 798 761 797
3 771 807 808
3 1003 1039 1040
3 982 981 1018
3 604 603 640
3 725 689 688
3 717 680 716
3 726 725 762
3 649 650 613
3 896 897 860
3 456 492 493
3 121 157 158
3 154 117 153
3 229 228 265
3 189 153 152
3 262 263 226
3 896 932 933
3 486 485 522
3 420 456 457
3 558 521 557
3 603 604 567
3 743 742 779
3 853 817 816
3 634 671 635
3 976 977 940
3 376 375 412
3 567 604 568
3 686 650 649
3 540 503 539
3 762 763 726
3 612 575 611
3 723 686 722
3 605 568 604
3 10 46 47
3 157 193 194
3 274 273 310
3 421 420 457
3 308 272 271
3 571 570 607
3 379 342 378
3 416 415 452
3 167 168 131
3 62 98 99
3 175 176 139
3 48 12 11
3 280 244 243
3 207 170 206
3 245 209 208
3 205 168 204
3 72 108 109
3 400 363 399
3 30 29 66
3 591 628 592
3 68 31 67
3 290 291 254
3 214 178 177
3 518 481 517
3 72 71 108
3 658 659 622
3 587 624 588
3 664 700 701
3 698 661 697
3 431 468 432
3 395 359 358
3 660 623 659
3 506 469 505
3 614 615 578
3 618 655 619
3 621 620 657
3 583 582 619
3 768 731 767
3 729 728 765
3 765 764 801
3 1093 1130 1094
3 949 948 985
3 766 729 765
3 838 837 874
3 721 685 684
3 702 738 739
3 71 34 70
3 774 773 810
3 917 953 954
3 699 700 663
3 991 992 955
3 1257 1220 1256
3 1179 1216 1180
3 886 885 922
3 1071 1107 1108
3 1217 1216 1253
3 1328 1327 1364
3 1217 1180 1216
3 1139 1103 1102
3 879 878 915
3 1209 1172 1208
3 1024 988 987
3 1214 1251 1215
3 1062 1063 1026
3 1279 1243 1242
3 1081 1080 1117
3 1083 1047 1046
3 981 1017 1018
3 1207 1171 1170
3 1002 966 965
3 984 983 1020
3 1045 1044 1081
3 1320 1284 1283
3 1129 1130 1093
3 672 671 708
3 1048 1011 1047
3 678 642 641
3 934 898 897
3 868 869 832
3 902 903 866
3 709 672 708
3 1008 971 1007
3 632 596 595
3 705 706 669
3 816 780 779
3 965 928 964
3 861 898 862
3 894 931 895
3 1046 1082 1083
3 931 967 968
3 1040 1039 1076
3 927 891 890
3 1201 1202 1165
3 1298 1261 1297
3 1352 1316 1315
3 1112 1113 1076
3 42 78 79
3 77 113 114
3 115 152 116
3 119 118 155
3 299 336 300
3 231 230 267
3 117 116 153
3 80 44 43
3 6 42 43
3 4 41 5
3 40 39 76
3 8 45 9
3 117 80 116
3 192 155 191
3 118 119 82
3 157 156 193
3 157 120 156
3 188 187 224
3 301 338 302
3 232 231 268
3 304 303 340
3 2 38 39
3 189 188 225
3 149 186 150
3 191 227 228
3 224 225 188
3 335 334 371
3 337 300 336
3 264 227 263
3 375 338 374
3 301 265 264
3 409 372 408
3 742 741 778
3 373 410 374
3 483 519 520
3 631 595 594
3 598 634 635
3 557 520 556
3 707 671 670
3 634 633 670
3 452 451 488
3 411 410 447
3 489 488 525
3 450 449 486
3 453 490 454
3 600 599 636
3 562 561 598
3 559 522 558
3 380 343 379
3 303 302 339
3 381 345 344
3 268 267 304
3 344 343 380
3 306 305 342
3 417 418 381
3 342 341 378
3 346 382 383
3 418 455 419
3 421 457 458
3 456 455 492
3 528 527 564
3 526 525 562
3 642 643 606
3 531 532 495
3 565 528 564
3 676 712 713
3 639 638 675
3 716 715 752
3 640 641 604
3 714 713 750
3 683 647 646
3 605 606 569
3 606 607 570
3 498 497 534
3 574 610 611
3 572 608 609
3 646 682 683
3 684 648 647
3 681 682 645
3 684 685 648
3 385 386 349
3 315 278 314
3 493 494 457
3 533 532 569
3 427 464 428
3 459 458 495
3 574 538 537
3 496 459 495
3 53 89 90
3 349 348 385
3 276 312 313
3 390 391 354
3 353 389 390
3 320 319 356
3 314 351 315
3 462 461 498
3 347 346 383
3 307 306 343
3 384 347 383
3 234 235 198
3 384 348 347
3 313 314 277
3 386 350 349
3 388 424 425
3 48 84 85
3 201 200 237
3 85 84 121
3 307 270 306
3 123 159 160
3 308 307 344
3 196 233 197
3 232 195 231
3 57 58 21
3 165 201 202
3 241 277 278
3 274 237 273
3 234 233 270
3 311 312 275
3 198 199 162
3 97 133 134
3 99 136 100
3 62 63 26
3 95 58 94
3 137 136 173
3 96 60 59
3 95 59 58
3 92 55 91
3 206 170 169
3 207 208 171
3 281 282 245
3 135 134 171
3 353 390 354
3 242 206 205
3 138 137 174
3 210 209 246
3 213 212 249
3 210 173 209
3 250 249 286
3 210 174 173
3 287 324 288
3 211 212 175
3 102 101 138
3 61 24 60
3 140 104 103
3 106 70 69
3 175 138 174
3 101 64 100
3 139 138 175
3 101 137 138
3 31 30 67
3 143 179 180
3 104 141 105
3 142 143 106
3 108 145 109
3 110 73 109
3 35 34 71
3 146 147 110
3 146 110 109
3 73 36 72
3 180 181 144
3 443 442 479
3 181 180 217
3 177 178 141
3 37 36 73
3 219 218 255
3 325 324 361
3 294 257 293
3 329 292 328
3 252 216 215
3 141 142 105
3 216 179 215
3 143 144 107
3 289 290 253
3 179 178 215
3 251 252 215
3 255 292 256
3 362 361 398
3 589 552 588
3 363 362 399
3 585 586 549
3 362 398 399
3 330 331 294
3 437 474 438
3 405 442 406
3 329 366 330
3 517 554 518
3 333 332 369
3 369 368 405
3 405 404 441
3 663 664 627
3 406 443 407
3 440 404 403
3 517 553 554
3 478 442 441
3 664 701 665
3 700 736 737
3 772 808 809
3 698 662 661
3 399 436 400
3 511 510 547
3 515 479 478
3 438 401 437
3 587 550 586
3 401 402 365
3 658 694 695
3 661 624 660
3 543 507 506
3 430 431 394
3 471 470 507
3 616 579 615
3 510 473 509
3 398 434 435
3 545 582 546
3 583 546 582
3 432 396 395
3 247 248 211
3 471 508 472
3 323 286 322
3 392 356 355
3 357 321 320
3 360 359 396
3 470 469 506
3 316 317 280
3 355 356 319
3 316 353 317
3 391 392 355
3 316 352 353
3 426 425 462
3 428 465 429
3 394 357 393
3 430 467 431
3 505 469 468
3 499 498 535
3 535 534 571
3 579 578 615
3 503 467 466
3 576 613 577
3 652 653 616
3 764 727 763
3 688 652 651
3 692 656 655
3 691 690 727
3 802 766 765
3 728 727 764
3 841 878 842
3 731 730 767
3 802 803 766
3 767 730 766
3 838 801 837
3 874 873 910
3 838 839 802
3 767 766 803
3 800 799 836
3 799 762 798
3 949 912 948
3 916 879 915
3 988 989 952
3 1029 1065 1066
3 1027 1026 1063
3 955 956 919
3 953 989 990
3 1104 1067 1103
3 699 698 735
3 697 696 733
3 803 804 767
3 845 881 882
3 804 841 805
3 877 914 878
3 877 878 841
3 915 952 916
3 810 846 847
3 773 737 736
3 883 847 846
3 807 771 770
3 882 883 846
3 810 773 809
3 845 882 846
3 772 736 735
3 739 775 776
3 811 810 847
3 850 887 851
3 884 848 847
3 1145 1108 1144
3 924 961 925
3 923 959 960
3 1068 1031 1067
3 1034 998 997
3 961 998 962
3 961 997 998
3 1035 1034 1071
3 995 959 958
3 920 884 883
3 956 992 993
3 956 993 957
3 1070 1069 1106
3 1067 1031 1030
3 993 992 1029
3 1032 995 1031
3 994 1030 1031
3 1066 1067 1030
3 1030 993 1029
3 1102 1138 1139
3 1106 1143 1107
3 1144 1143 1180
3 1140 1103 1139
3 1219 1220 1183
3 1068 1032 1031
3 1035 1071 1072
3 1032 996 995
3 1072 1073 1036
3 1072 1109 1073
3 1293 1256 1292
3 1144 1180 1181
3 1178 1142 1141
3 1294 1293 1330
3 1292 1255 1291
3 1328 1365 1329
3 1367 1368 1331
3 1287 1286 1323
3 1179 1180 1143
3 1252 1216 1215
3 1218 1255 1219
3 1290 1326 1327
3 1291 1328 1292
3 1290 1327 1291
3 1328 1291 1327
3 1247 1283 1284
3 1322 1286 1285
3 1250 1213 1249
3 1322 1359 1323
3 1363 1327 1326
3 983 982 1019
3 1174 1173 1210
3 1101 1138 1102
3 1065 1029 1028
3 1175 1139 1138
3 1101 1064 1100
3 1247 1210 1246
3 1137 1138 1101
3 1094 1095 1058
3 1134 1133 1170
3 1096 1060 1059
3 1022 985 1021
3 1021 1057 1058
3 1132 1169 1133
3 1134 1097 1133
3 1205 1204 1241
3 1244 1207 1243
3 1169 1170 1133
3 1244 1281 1245
3 1319 1283 1282
3 1319 1318 1355
3 1240 1203 1239
3 1167 1166 1203
3 1129 1092 1128
3 1277 1314 1278
3 1280 1279 1316
3 1318 1317 1354
3 1048 1084 1085
3 1313 1314 1277
3 1267 1266 1303
3 1088 1124 1125
3 1307 1271 1270
3 1310 1311 1274
3 1083 1084 1047
3 1272 1235 1271
3 1121 1122 1085
3 1162 1161 1198
3 1118 1117 1154
3 1197 1233 1234
3 1086 1123 1087
3 1159 1158 1195
3 935 899 898
3 982 1018 1019
3 1056 1092 1093
3 1056 1020 1019
3 1014 1050 1051
3 1051 1088 1052
3 1126 1125 1162
3 1233 1232 1269
3 834 797 833
3 1016 1015 1052
3 832 833 796
3 789 790 753
3 872 871 908
3 980 943 979
3 1052 1053 1016
3 1090 1089 1126
3 871 835 834
3 760 724 723
3 837 836 873
3 799 763 762
3 908 871 907
3 721 722 685
3 944 908 907
3 945 946 909
3 642 679 643
3 719 756 720
3 680 679 716
3 824 787 823
3 828 829 792
3 755 718 754
3 752 788 789
3 751 750 787
3 865 866 829
3 789 753 752
3 825 862 826
3 749 750 713
3 978 941 977
3 791 755 754
3 1048 1012 1011
3 899 863 862
3 895 896 859
3 711 675 674
3 785 784 821
3 857 856 893
3 969 933 932
3 971 1008 972
3 971 972 935
3 974 1011 975
3 786 750 749
3 636 599 635
3 748 712 711
3 676 677 640
3 749 713 712
3 750 751 714
3 709 746 710
3 860 897 861
3 744 743 780
3 784 785 748
3 778 779 742
3 857 894 858
3 820 784 783
3 704 705 668
3 890 891 854
3 928 965 929
3 928 929 892
3 966 967 930
3 1042 1005 1041
3 1003 966 1002
3 1076 1039 1075
3 1040 1004 1003
3 1039 1038 1075
3 927 928 891
3 1077 1078 1041
3 1003 967 966
3 1074 1111 1075
3 1151 1152 1115
3 1154 1191 1155
3 1120 1156 1157
3 1079 1080 1043
3 1081 1118 1082
3 1188 1187 1224
3 1119 1120 1083
3 1228 1265 1229
3 1194 1195 1158
3 1227 1228 1191
3 1267 1304 1268
3 1265 1228 1264
3 1186 1187 1150
3 1302 1266 1265
3 1263 1227 1226
3 1304 1305 1268
3 1300 1263 1299
3 1301 1300 1337
3 1113 1112 1149
3 1299 1298 1335
3 1297 1296 1333
3 1262 1261 1298
3 1262 1226 1225
3 1261 1260 1297
3 927 963 964
3 1298 1297 1334
3 38 2 1
3 75 39 38
3 75 76 39
3 78 77 114
3 112 76 75
3 113 76 112
3 149 113 112
3 41 77 78
3 150 113 149
3 150 114 113
3 114 151 115
3 79 115 116
3 114 150 151
3 115 151 152
3 150 187 151
3 116 152 153
3 151 188 152
3 39 3 2
3 39 40 3
3 3 40 4
3 78 114 115
3 76 77 40
3 76 113 77
3 79 78 115
3 42 5 41
3 5 42 6
3 6 43 7
3 40 41 4
3 40 77 41
3 78 42 41
3 43 44 7
3 7 44 8
3 46 45 82
3 8 44 45
3 84 47 83
3 9 45 46
3 48 47 84
3 46 83 47
3 83 82 119
3 45 44 81
3 121 84 120
3 46 82 83
3 155 118 154
3 81 44 80
3 120 119 156
3 120 83 119
3 79 43 42
3 81 118 82
3 79 80 43
3 79 116 80
3 45 81 82
3 80 117 81
3 118 117 154
3 118 81 117
3 153 190 154
3 266 265 302
3 155 192 156
3 191 228 192
3 190 227 191
3 266 303 267
3 193 229 230
3 192 228 229
3 119 155 156
3 154 191 155
3 192 193 156
3 192 229 193
3 157 194 158
3 193 230 194
3 233 232 269
3 194 230 231
3 231 267 268
3 230 229 266
3 269 268 305
3 269 232 268
3 305 304 341
3 267 303 304
3 343 306 342
3 268 304 305
3 264 265 228
3 265 301 302
3 230 266 267
3 229 265 266
3 339 302 338
3 303 266 302
3 305 341 342
3 304 340 341
3 190 189 226
3 263 300 264
3 225 262 226
3 225 224 261
3 263 299 300
3 298 297 334
3 300 301 264
3 300 337 301
3 226 189 225
3 151 187 188
3 227 190 226
3 152 188 189
3 154 190 191
3 153 189 190
3 263 227 226
3 264 228 227
3 187 186 223
3 187 150 186
3 223 224 187
3 223 260 224
3 262 261 298
3 224 260 261
3 263 262 299
3 225 261 262
3 335 298 334
3 261 260 297
3 262 298 299
3 261 297 298
3 372 335 371
3 299 298 335
3 338 337 374
3 299 335 336
3 410 373 409
3 373 372 409
3 336 335 372
3 337 373 374
3 336 372 373
3 446 410 409
3 372 371 408
3 373 337 336
3 338 301 337
3 410 411 374
3 376 340 339
3 446 447 410
3 449 450 413
3 412 411 448
3 375 374 411
3 484 447 483
3 484 448 447
3 447 448 411
3 486 522 523
3 448 449 412
3 448 484 485
3 448 485 449
3 484 520 521
3 409 408 445
3 446 445 482
3 447 446 483
3 409 445 446
3 446 482 483
3 482 519 483
3 483 520 484
3 519 556 520
3 522 485 521
3 485 484 521
3 594 557 593
3 521 520 557
3 594 558 557
3 524 560 561
3 594 593 630
3 557 556 593
3 631 594 630
3 633 632 669
3 667 631 630
3 668 669 632
3 594 595 558
3 670 669 706
3 595 596 559
3 597 598 561
3 631 632 595
3 631 668 632
3 597 633 634
3 596 632 633
3 558 522 521
3 562 598 599
3 487 486 523
3 522 559 523
3 595 559 558
3 597 634 598
3 559 560 523
3 559 596 560
3 489 525 526
3 488 487 524
3 524 561 525
3 560 597 561
3 563 562 599
3 525 561 562
3 596 597 560
3 596 633 597
3 673 637 636
3 599 598 635
3 672 636 635
3 672 673 636
3 639 603 602
3 600 563 599
3 673 672 709
3 635 671 672
3 638 601 637
3 491 528 492
3 637 601 600
3 565 529 528
3 674 638 637
3 676 713 677
3 711 674 710
3 675 638 674
3 564 527 563
3 490 489 526
3 526 527 490
3 526 563 527
3 601 564 600
3 526 562 563
3 600 564 563
3 602 603 566
3 453 416 452
3 341 340 377
3 487 451 450
3 452 415 451
3 489 453 452
3 379 343 342
3 453 489 490
3 452 488 489
3 412 413 376
3 450 451 414
3 524 487 523
3 449 485 486
3 451 487 488
3 450 486 487
3 560 524 523
3 525 488 524
3 375 339 338
3 340 303 339
3 414 377 413
3 339 375 376
3 376 377 340
3 376 413 377
3 413 412 449
3 375 411 412
3 377 378 341
3 377 414 378
3 415 379 378
3 417 454 418
3 450 414 413
3 451 415 414
3 454 417 453
3 379 415 416
3 344 307 343
3 269 305 306
3 345 308 344
3 270 269 306
3 381 382 345
3 309 273 272
3 416 380 379
3 418 382 381
3 346 310 309
3 272 236 235
3 345 346 309
3 347 348 311
3 382 346 345
3 347 310 346
3 420 384 383
3 421 422 385
3 419 382 418
3 419 383 382
3 419 420 383
3 419 456 420
3 530 493 529
3 494 458 457
3 530 494 493
3 496 533 497
3 380 381 344
3 380 417 381
3 416 417 380
3 416 453 417
3 419 455 456
3 418 454 455
3 493 492 529
3 455 454 491
3 527 491 490
3 492 455 491
3 492 528 529
3 491 527 528
3 601 565 564
3 566 529 565
3 531 530 567
3 530 566 567
3 602 566 565
3 603 567 566
3 601 602 565
3 601 638 602
3 603 639 640
3 602 638 639
3 640 677 641
3 640 639 676
3 641 605 604
3 643 607 606
3 533 569 570
3 605 642 606
3 641 642 605
3 641 677 678
3 754 718 717
3 718 682 681
3 566 530 529
3 567 568 531
3 569 532 568
3 494 530 531
3 496 495 532
3 531 568 532
3 605 569 568
3 606 570 569
3 494 495 458
3 494 531 495
3 460 496 497
3 460 423 459
3 534 533 570
3 496 532 533
3 572 535 571
3 497 533 534
3 609 573 572
3 534 570 571
3 646 609 645
3 571 607 608
3 643 644 607
3 643 680 644
3 644 645 608
3 644 681 645
3 574 537 573
3 536 499 535
3 645 609 608
3 610 573 609
3 646 610 609
3 647 611 610
3 682 646 645
3 647 610 646
3 539 538 575
3 461 497 498
3 610 574 573
3 498 534 535
3 572 536 535
3 425 426 389
3 608 572 571
3 573 536 572
3 389 388 425
3 386 422 423
3 388 387 424
3 461 460 497
3 464 465 428
3 425 424 461
3 537 501 500
3 462 498 499
3 423 422 459
3 386 385 422
3 424 423 460
3 424 387 423
3 460 459 496
3 422 458 459
3 425 461 462
3 424 460 461
3 314 313 350
3 275 274 311
3 313 349 350
3 312 348 349
3 384 385 348
3 384 421 385
3 422 421 458
3 384 420 421
3 276 313 277
3 312 349 313
3 350 351 314
3 350 387 351
3 386 387 350
3 386 423 387
3 352 388 389
3 351 387 388
3 276 239 275
3 123 87 86
3 166 165 202
3 238 275 239
3 276 240 239
3 206 242 243
3 240 276 277
3 275 312 276
3 128 127 164
3 241 240 277
3 168 169 132
3 55 19 18
3 239 202 238
3 239 240 203
3 202 203 166
3 202 239 203
3 237 238 201
3 52 53 16
3 200 164 163
3 201 165 164
3 126 162 163
3 161 197 198
3 200 201 164
3 238 202 201
3 199 200 163
3 199 236 200
3 236 237 200
3 236 273 237
3 311 274 310
3 275 238 274
3 347 311 310
3 348 312 311
3 271 235 234
3 197 233 234
3 271 272 235
3 236 199 235
3 309 272 308
3 273 236 272
3 345 309 308
3 310 273 309
3 160 196 197
3 195 194 231
3 196 232 233
3 196 159 195
3 308 271 307
3 233 269 270
3 270 271 234
3 270 307 271
3 157 121 120
3 159 196 160
3 123 122 159
3 49 86 50
3 158 159 122
3 158 195 159
3 196 195 232
3 158 194 195
3 124 125 88
3 128 164 165
3 197 161 160
3 162 125 161
3 198 162 161
3 199 163 162
3 234 198 197
3 235 199 198
3 124 88 87
3 51 14 50
3 87 88 51
3 127 163 164
3 125 89 88
3 129 165 166
3 161 124 160
3 161 125 124
3 120 84 83
3 121 122 85
3 86 85 122
3 48 49 12
3 123 86 122
3 87 50 86
3 124 123 160
3 124 87 123
3 9 46 10
3 10 47 11
3 86 49 85
3 11 47 48
3 13 49 50
3 48 85 49
3 49 13 12
3 50 14 13
3 51 15 14
3 87 51 50
3 88 89 52
3 52 16 15
3 53 17 16
3 51 52 15
3 51 88 52
3 17 53 54
3 52 89 53
3 53 90 54
3 89 126 90
3 125 126 89
3 125 162 126
3 126 127 90
3 126 163 127
3 130 93 129
3 91 127 128
3 90 91 54
3 90 127 91
3 128 129 92
3 22 58 59
3 130 129 166
3 93 56 92
3 203 167 166
3 131 94 130
3 54 18 17
3 94 93 130
3 54 55 18
3 54 91 55
3 55 56 19
3 55 92 56
3 128 92 91
3 129 93 92
3 56 20 19
3 56 93 57
3 58 57 94
3 20 56 57
3 132 133 96
3 59 23 22
3 95 94 131
3 57 93 94
3 20 57 21
3 21 58 22
3 97 60 96
3 60 23 59
3 132 96 95
3 97 98 61
3 133 97 96
3 97 134 98
3 170 133 169
3 134 135 98
3 170 134 133
3 172 209 173
3 170 171 134
3 170 207 171
3 132 95 131
3 96 59 95
3 168 132 131
3 169 133 132
3 240 204 203
3 131 130 167
3 204 168 167
3 205 169 168
3 242 205 241
3 167 203 204
3 169 205 206
3 204 241 205
3 279 242 278
3 204 240 241
3 280 243 279
3 244 207 243
3 278 242 241
3 279 243 242
3 316 280 279
3 317 318 281
3 315 316 279
3 315 352 316
3 319 318 355
3 317 354 318
3 280 281 244
3 280 317 281
3 318 282 281
3 246 209 245
3 393 357 356
3 282 318 319
3 354 355 318
3 354 391 355
3 243 207 206
3 208 209 172
3 244 208 207
3 283 282 319
3 244 245 208
3 244 281 245
3 282 246 245
3 249 285 286
3 137 173 174
3 136 135 172
3 247 210 246
3 211 174 210
3 283 247 246
3 285 322 286
3 284 248 247
3 249 212 248
3 284 283 320
3 246 282 283
3 322 285 321
3 247 283 284
3 284 320 321
3 283 319 320
3 324 323 360
3 322 321 358
3 285 249 248
3 251 250 287
3 284 285 248
3 284 321 285
3 286 287 250
3 286 323 287
3 359 323 322
3 324 287 323
3 211 175 174
3 212 176 175
3 247 211 210
3 248 212 211
3 251 215 214
3 176 212 213
3 288 251 287
3 213 249 250
3 27 26 63
3 24 23 60
3 137 100 136
3 137 101 100
3 103 102 139
3 66 29 65
3 177 140 176
3 102 138 139
3 62 61 98
3 60 97 61
3 63 99 100
3 98 135 99
3 172 135 171
3 136 99 135
3 136 172 173
3 171 208 172
3 25 24 61
3 26 25 62
3 64 27 63
3 63 62 99
3 25 61 62
3 65 28 64
3 64 28 27
3 65 29 28
3 100 64 63
3 101 102 65
3 101 65 64
3 102 103 66
3 69 32 68
3 102 66 65
3 67 30 66
3 103 67 66
3 104 68 67
3 140 103 139
3 104 67 103
3 176 140 139
3 141 104 140
3 177 141 140
3 178 179 142
3 213 177 176
3 213 214 177
3 178 214 215
3 213 250 214
3 143 107 106
3 144 145 108
3 105 142 106
3 141 178 142
3 179 143 142
3 180 144 143
3 144 181 145
3 254 253 290
3 68 32 31
3 69 33 32
3 70 34 33
3 105 69 68
3 70 33 69
3 69 105 106
3 68 104 105
3 109 73 72
3 107 71 70
3 72 35 71
3 74 37 73
3 36 35 72
3 107 108 71
3 107 144 108
3 110 74 73
3 111 74 110
3 147 111 110
3 183 184 147
3 148 111 147
3 184 148 147
3 146 183 147
3 184 185 148
3 184 221 185
3 145 146 109
3 220 219 256
3 145 182 146
3 145 181 182
3 182 183 146
3 257 256 293
3 183 220 184
3 258 257 294
3 182 219 183
3 182 181 218
3 184 220 221
3 183 219 220
3 220 257 221
3 220 256 257
3 294 293 330
3 255 218 254
3 221 222 185
3 221 258 222
3 222 258 259
3 221 257 258
3 258 295 259
3 370 369 406
3 295 296 259
3 295 332 296
3 331 332 295
3 370 406 407
3 296 332 333
3 331 368 332
3 403 366 402
3 333 369 370
3 295 294 331
3 295 258 294
3 292 329 293
3 366 367 330
3 368 367 404
3 331 330 367
3 332 368 369
3 331 367 368
3 256 292 293
3 291 328 292
3 290 327 291
3 327 363 364
3 293 329 330
3 328 365 329
3 366 365 402
3 328 327 364
3 254 217 253
3 180 179 216
3 182 218 219
3 181 217 218
3 292 255 291
3 218 217 254
3 291 255 254
3 256 219 255
3 217 216 253
3 217 180 216
3 250 251 214
3 252 253 216
3 288 252 251
3 288 325 289
3 252 289 253
3 327 328 291
3 288 289 252
3 326 290 289
3 289 325 326
3 288 324 325
3 326 327 290
3 364 400 401
3 326 363 327
3 326 325 362
3 326 362 363
3 325 361 362
3 399 398 435
3 361 360 397
3 472 435 471
3 436 399 435
3 436 437 400
3 545 509 508
3 436 473 437
3 436 435 472
3 512 475 511
3 437 473 474
3 547 510 546
3 474 473 510
3 513 512 549
3 474 510 511
3 475 438 474
3 475 476 439
3 511 475 474
3 439 402 438
3 512 476 475
3 515 552 516
3 548 512 511
3 513 476 512
3 328 364 365
3 363 400 364
3 437 401 400
3 438 402 401
3 366 403 367
3 402 439 403
3 475 439 438
3 550 513 549
3 403 404 367
3 403 439 440
3 369 405 406
3 368 404 405
3 476 440 439
3 441 404 440
3 476 477 440
3 442 405 441
3 444 443 480
3 406 442 443
3 443 444 407
3 478 479 442
3 480 443 479
3 516 480 479
3 517 481 480
3 480 481 444
3 554 591 555
3 517 516 553
3 517 480 516
3 555 518 554
3 592 555 591
3 440 477 441
3 476 513 477
3 477 478 441
3 477 513 514
3 515 514 551
3 478 477 514
3 479 515 516
3 478 514 515
3 587 551 550
3 514 513 550
3 516 552 553
3 515 551 552
3 662 626 625
3 552 551 588
3 552 589 553
3 625 624 661
3 589 590 553
3 626 662 663
3 590 591 554
3 628 665 629
3 629 592 628
3 590 627 591
3 627 664 628
3 666 629 665
3 628 664 665
3 590 589 626
3 702 666 665
3 701 702 665
3 627 626 663
3 589 588 625
3 591 627 628
3 590 626 627
3 699 663 662
3 700 664 663
3 736 699 735
3 736 700 699
3 589 625 626
3 588 624 625
3 697 661 660
3 662 625 661
3 659 696 660
3 734 735 698
3 734 698 697
3 699 662 698
3 586 550 549
3 551 514 550
3 548 585 549
3 623 624 587
3 551 587 588
3 586 623 587
3 548 584 585
3 660 624 623
3 547 546 583
3 510 509 546
3 620 584 583
3 548 511 547
3 512 548 549
3 547 584 548
3 623 586 622
3 547 583 584
3 621 585 584
3 622 586 585
3 622 621 658
3 584 620 621
3 623 622 659
3 585 621 622
3 657 658 621
3 696 697 660
3 654 655 618
3 692 729 693
3 619 656 620
3 655 691 692
3 656 657 620
3 656 693 657
3 730 693 729
3 730 694 693
3 616 653 617
3 655 656 619
3 614 651 615
3 691 655 654
3 617 654 618
3 690 689 726
3 653 690 654
3 728 729 692
3 541 578 542
3 580 617 581
3 652 616 615
3 504 505 468
3 581 544 580
3 543 579 580
3 654 617 653
3 580 579 616
3 543 544 507
3 543 580 544
3 582 581 618
3 582 545 581
3 581 617 618
3 580 616 617
3 583 619 620
3 582 618 619
3 508 471 507
3 397 398 361
3 509 472 508
3 434 398 397
3 473 472 509
3 473 436 472
3 509 545 546
3 544 581 545
3 324 360 361
3 323 359 360
3 433 396 432
3 434 471 435
3 396 397 360
3 397 433 434
3 396 433 397
3 470 471 434
3 356 357 320
3 358 359 322
3 394 358 357
3 395 396 359
3 394 395 358
3 433 469 470
3 394 431 395
3 468 467 504
3 395 431 432
3 394 393 430
3 469 433 432
3 470 434 433
3 542 506 505
3 507 470 506
3 543 542 579
3 543 506 542
3 427 426 463
3 540 576 577
3 430 466 467
3 502 501 538
3 432 468 469
3 431 467 468
3 465 501 502
3 541 505 504
3 356 392 393
3 429 465 466
3 391 428 392
3 391 390 427
3 392 429 393
3 392 428 429
3 429 430 393
3 429 466 430
3 351 352 315
3 351 388 352
3 317 353 354
3 352 389 353
3 389 426 390
3 462 499 463
3 391 427 428
3 390 426 427
3 462 463 426
3 537 536 573
3 463 464 427
3 500 499 536
3 464 501 465
3 464 463 500
3 503 502 539
3 466 465 502
3 464 500 501
3 463 499 500
3 501 537 538
3 500 536 537
3 504 503 540
3 502 538 539
3 612 613 576
3 576 539 575
3 467 503 504
3 466 502 503
3 576 540 539
3 578 579 542
3 577 541 540
3 542 505 541
3 577 578 541
3 577 614 578
3 614 613 650
3 614 577 613
3 650 651 614
3 650 687 651
3 651 652 615
3 688 687 724
3 727 690 726
3 653 652 689
3 722 686 685
3 687 650 686
3 648 612 611
3 649 613 612
3 575 574 611
3 575 538 574
3 647 648 611
3 685 686 649
3 648 649 612
3 648 685 649
3 756 755 792
3 905 904 941
3 721 758 722
3 760 761 724
3 759 723 722
3 724 687 723
3 795 796 759
3 797 761 760
3 723 687 686
3 725 726 689
3 652 688 689
3 651 687 688
3 724 725 688
3 724 761 725
3 761 762 725
3 761 798 762
3 834 798 797
3 836 837 800
3 835 799 798
3 837 801 800
3 764 800 801
3 763 799 800
3 835 836 799
3 835 872 836
3 759 760 723
3 759 796 760
3 758 794 795
3 797 760 796
3 871 834 870
3 797 796 833
3 870 834 833
3 835 798 834
3 907 871 870
3 909 910 873
3 873 872 909
3 835 871 872
3 908 909 872
3 908 945 909
3 908 944 945
3 943 942 979
3 909 946 910
3 945 982 946
3 944 981 945
3 944 943 980
3 1020 983 1019
3 945 981 982
3 1021 984 1020
3 946 982 983
3 985 984 1021
3 947 946 983
3 950 913 949
3 948 947 984
3 1057 1021 1020
3 1022 1023 986
3 1058 1022 1021
3 1059 1023 1022
3 911 874 910
3 836 872 873
3 912 911 948
3 910 947 911
3 985 948 984
3 910 946 947
3 950 951 914
3 911 947 948
3 840 839 876
3 837 873 874
3 876 912 913
3 875 911 912
3 914 913 950
3 876 839 875
3 1022 986 985
3 913 912 949
3 986 950 949
3 987 988 951
3 985 986 949
3 1023 987 986
3 986 987 950
3 992 991 1028
3 1023 1024 987
3 1023 1059 1060
3 951 988 952
3 991 1027 1028
3 952 989 953
3 988 1024 1025
3 988 1025 989
3 1172 1171 1208
3 1025 1026 989
3 1025 1062 1026
3 915 914 951
3 877 913 914
3 914 915 878
3 952 953 916
3 880 844 843
3 806 769 805
3 915 951 952
3 950 987 951
3 768 804 805
3 803 840 804
3 841 840 877
3 841 804 840
3 843 807 806
3 805 841 842
3 954 918 917
3 842 878 879
3 839 838 875
3 839 803 802
3 912 876 875
3 840 803 839
3 875 874 911
3 875 838 874
3 877 876 913
3 877 840 876
3 654 690 691
3 653 689 690
3 763 727 726
3 728 691 727
3 800 764 763
3 765 728 764
3 801 802 765
3 801 838 802
3 656 692 693
3 691 728 692
3 732 696 695
3 658 657 694
3 766 730 729
3 731 694 730
3 769 732 768
3 805 769 768
3 658 695 659
3 694 731 695
3 695 696 659
3 695 731 732
3 768 732 731
3 733 696 732
3 842 806 805
3 806 807 770
3 879 843 842
3 770 734 733
3 842 843 806
3 772 809 773
3 917 918 881
3 844 807 843
3 881 918 882
3 845 808 844
3 844 808 807
3 845 846 809
3 772 771 808
3 808 845 809
3 846 810 809
3 849 886 850
3 920 921 884
3 884 885 848
3 769 733 732
3 734 697 733
3 769 770 733
3 769 806 770
3 734 771 735
3 734 770 771
3 736 772 773
3 735 771 772
3 701 737 738
3 701 700 737
3 703 702 739
3 737 773 774
3 812 776 775
3 738 737 774
3 774 775 738
3 774 811 775
3 666 702 703
3 701 738 702
3 703 739 740
3 738 775 739
3 739 776 740
3 775 811 812
3 776 777 740
3 776 813 777
3 812 813 776
3 814 777 813
3 850 814 813
3 887 850 886
3 851 814 850
3 923 887 886
3 924 925 888
3 850 813 849
3 774 810 811
3 848 812 811
3 849 813 812
3 847 848 811
3 847 883 884
3 848 849 812
3 848 885 849
3 919 920 883
3 924 923 960
3 922 923 886
3 886 849 885
3 958 921 957
3 885 884 921
3 958 959 922
3 960 961 924
3 887 888 851
3 887 924 888
3 921 922 885
3 921 958 922
3 887 923 924
3 922 959 923
3 961 962 925
3 996 960 959
3 997 961 960
3 998 999 962
3 998 1035 999
3 1036 1035 1072
3 1036 999 1035
3 1107 1070 1106
3 1071 1034 1070
3 994 958 957
3 994 995 958
3 959 995 996
3 994 1031 995
3 997 996 1033
3 997 960 996
3 1034 1033 1070
3 1034 997 1033
3 994 993 1030
3 994 957 993
3 1033 1032 1069
3 1033 996 1032
3 1029 1066 1030
3 1143 1142 1179
3 1104 1068 1067
3 1069 1032 1068
3 844 881 845
3 919 883 882
3 992 956 955
3 919 882 918
3 956 920 919
3 957 921 920
3 920 956 957
3 919 918 955
3 879 880 843
3 879 916 880
3 880 881 844
3 880 917 881
3 916 917 880
3 916 953 917
3 954 955 918
3 954 991 955
3 953 990 954
3 989 1026 990
3 990 991 954
3 990 1027 991
3 1028 1027 1064
3 990 1026 1027
3 1065 1028 1064
3 1029 992 1028
3 1101 1065 1064
3 1102 1103 1066
3 1024 1061 1025
3 1174 1210 1211
3 1065 1101 1102
3 1100 1137 1101
3 1137 1174 1138
3 1176 1140 1139
3 1212 1176 1175
3 1176 1139 1175
3 1211 1212 1175
3 1177 1140 1176
3 1210 1247 1211
3 1326 1325 1362
3 1249 1213 1212
3 1176 1212 1213
3 1213 1177 1176
3 1141 1142 1105
3 1214 1178 1177
3 1215 1216 1179
3 1178 1179 1142
3 1178 1215 1179
3 1178 1214 1215
3 1177 1213 1214
3 1102 1066 1065
3 1103 1067 1066
3 1104 1105 1068
3 1104 1141 1105
3 1178 1141 1177
3 1104 1103 1140
3 1140 1141 1104
3 1140 1177 1141
3 1105 1069 1068
3 1070 1033 1069
3 1105 1106 1069
3 1105 1142 1106
3 1108 1107 1144
3 1071 1070 1107
3 1107 1143 1144
3 1106 1142 1143
3 1145 1109 1108
3 1072 1071 1108
3 1110 1109 1146
3 1072 1108 1109
3 1073 1109 1110
3 1181 1145 1144
3 1146 1109 1145
3 1146 1183 1147
3 1182 1181 1218
3 1183 1184 1147
3 1183 1220 1184
3 1183 1182 1219
3 1220 1221 1184
3 1182 1146 1145
3 1147 1110 1146
3 1146 1182 1183
3 1145 1181 1182
3 1254 1218 1217
3 1181 1180 1217
3 1217 1218 1181
3 1217 1253 1254
3 1290 1291 1254
3 1255 1218 1254
3 1291 1255 1254
3 1256 1219 1255
3 1253 1290 1254
3 1328 1329 1292
3 1293 1292 1329
3 1256 1255 1292
3 1218 1219 1182
3 1256 1220 1219
3 1294 1257 1293
3 1221 1220 1257
3 1257 1258 1221
3 1330 1293 1329
3 1257 1256 1293
3 1331 1294 1330
3 1258 1257 1294
3 1294 1295 1258
3 1294 1331 1295
3 1368 1369 1332
3 1365 1366 1329
3 1368 1332 1331
3 1367 1331 1330
3 1332 1295 1331
3 1329 1366 1330
3 1366 1367 1330
3 1288 1325 1289
3 1364 1365 1328
3 1325 1324 1361
3 1362 1363 1326
3 1363 1364 1327
3 1216 1252 1253
3 1214 1213 1250
3 1251 1250 1287
3 1287 1324 1288
3 1252 1289 1253
3 1252 1288 1289
3 1289 1290 1253
3 1289 1326 1290
3 1211 1248 1212
3 1324 1323 1360
3 1286 1250 1249
3 1288 1252 1251
3 1215 1251 1252
3 1214 1250 1251
3 1285 1286 1249
3 1322 1323 1286
3 1248 1247 1284
3 1284 1321 1285
3 1251 1287 1288
3 1250 1286 1287
3 1362 1325 1361
3 1287 1323 1324
3 1289 1325 1326
3 1288 1324 1325
3 1320 1321 1284
3 1285 1249 1248
3 1358 1321 1357
3 1322 1285 1321
3 1322 1321 1358
3 1323 1359 1360
3 1322 1358 1359
3 1243 1280 1244
3 1318 1282 1281
3 1321 1320 1357
3 1282 1318 1319
3 1319 1320 1283
3 1319 1356 1320
3 1320 1356 1357
3 1319 1355 1356
3 1209 1208 1245
3 1171 1207 1208
3 1169 1132 1168
3 1282 1245 1281
3 1208 1207 1244
3 1244 1245 1208
3 1282 1283 1246
3 1282 1246 1245
3 1210 1173 1209
3 1209 1246 1210
3 1209 1245 1246
3 1283 1247 1246
3 1284 1285 1248
3 1212 1248 1249
3 1211 1247 1248
3 1136 1135 1172
3 1098 1061 1097
3 1099 1136 1100
3 1174 1175 1138
3 1136 1173 1137
3 1136 1172 1173
3 1173 1174 1137
3 1211 1175 1174
3 1063 1062 1099
3 1096 1059 1095
3 1064 1063 1100
3 1064 1027 1063
3 1063 1099 1100
3 1062 1061 1098
3 1100 1136 1137
3 1099 1135 1136
3 1061 1060 1097
3 1024 1023 1060
3 1025 1061 1062
3 1024 1060 1061
3 1094 1131 1095
3 1097 1060 1096
3 1133 1097 1096
3 1098 1099 1062
3 1134 1098 1097
3 1135 1099 1098
3 1095 1132 1096
3 1170 1171 1134
3 1135 1134 1171
3 1135 1098 1134
3 1173 1172 1209
3 1135 1171 1172
3 1056 1055 1092
3 1132 1133 1096
3 1167 1168 1131
3 1206 1243 1207
3 1131 1168 1132
3 1205 1241 1242
3 1205 1169 1168
3 1206 1170 1169
3 1018 1055 1019
3 1058 1059 1022
3 1094 1058 1057
3 1095 1059 1058
3 1019 1055 1056
3 1130 1131 1094
3 1095 1131 1132
3 1130 1167 1131
3 1017 1054 1018
3 1017 1016 1053
3 1057 1056 1093
3 1057 1020 1056
3 1054 1091 1055
3 1129 1165 1166
3 1057 1093 1094
3 1092 1129 1093
3 1054 1090 1091
3 1090 1126 1127
3 1165 1129 1128
3 1166 1130 1129
3 1127 1164 1128
3 1166 1167 1130
3 1202 1166 1165
3 1203 1240 1204
3 1202 1203 1166
3 1202 1239 1203
3 1167 1204 1168
3 1167 1203 1204
3 1201 1238 1202
3 1197 1161 1160
3 1204 1240 1241
3 1273 1237 1236
3 1206 1205 1242
3 1168 1204 1205
3 1170 1206 1207
3 1169 1205 1206
3 1206 1242 1243
3 1278 1314 1315
3 1281 1280 1317
3 1242 1241 1278
3 1244 1280 1281
3 1243 1279 1280
3 1353 1316 1352
3 1315 1314 1351
3 1281 1317 1318
3 1280 1316 1317
3 1318 1354 1355
3 1317 1316 1353
3 1354 1317 1353
3 1279 1315 1316
3 1277 1241 1240
3 1279 1278 1315
3 1279 1242 1278
3 1241 1277 1278
3 1240 1239 1276
3 1315 1351 1352
3 1314 1350 1351
3 1314 1313 1350
3 1238 1201 1237
3 1277 1276 1313
3 1311 1348 1312
3 1276 1275 1312
3 1312 1349 1313
3 1313 1349 1350
3 1311 1310 1347
3 1312 1275 1311
3 1163 1126 1162
3 1274 1238 1237
3 1239 1202 1238
3 1313 1276 1312
3 1239 1238 1275
3 1240 1276 1277
3 1239 1275 1276
3 1272 1236 1235
3 1199 1162 1198
3 1273 1236 1272
3 1200 1237 1201
3 1308 1309 1272
3 1310 1274 1273
3 1275 1274 1311
3 1275 1238 1274
3 1309 1310 1273
3 1274 1237 1273
3 1272 1309 1273
3 1348 1349 1312
3 1346 1347 1310
3 1347 1348 1311
3 1345 1308 1344
3 1230 1193 1229
3 1271 1308 1272
3 1346 1310 1309
3 1269 1270 1233
3 1309 1345 1346
3 1309 1308 1345
3 1341 1342 1305
3 1343 1307 1306
3 1342 1306 1305
3 1307 1270 1306
3 1343 1306 1342
3 1344 1307 1343
3 1306 1270 1269
3 1120 1121 1084
3 1268 1232 1231
3 1234 1271 1235
3 1230 1267 1231
3 1305 1306 1269
3 1268 1269 1232
3 1268 1305 1269
3 1197 1196 1233
3 1160 1123 1159
3 1271 1234 1270
3 1196 1232 1233
3 1198 1197 1234
3 1233 1270 1234
3 1307 1308 1271
3 1307 1344 1308
3 1049 1048 1085
3 1084 1121 1085
3 1123 1124 1087
3 1123 1160 1124
3 1124 1160 1161
3 1122 1121 1158
3 1235 1198 1234
3 1160 1196 1197
3 1123 1122 1159
3 1123 1086 1122
3 1194 1158 1157
3 1195 1196 1159
3 1160 1159 1196
3 1122 1158 1159
3 1232 1195 1231
3 1232 1196 1195
3 1051 1015 1014
3 900 901 864
3 1010 1046 1047
3 934 935 898
3 1084 1048 1047
3 1085 1086 1049
3 1119 1083 1082
3 1120 1084 1083
3 977 1013 1014
3 1012 1049 1013
3 1050 1049 1086
3 1012 1048 1049
3 1051 1050 1087
3 1013 1049 1050
3 1050 1086 1087
3 1085 1122 1086
3 979 978 1015
3 1013 1050 1014
3 1088 1051 1087
3 1052 1015 1051
3 1052 1088 1089
3 1087 1124 1088
3 1088 1125 1089
3 1124 1161 1125
3 1164 1127 1163
3 1089 1125 1126
3 1200 1201 1164
3 1125 1161 1162
3 1236 1199 1235
3 1161 1197 1198
3 1235 1199 1198
3 1236 1237 1200
3 1091 1090 1127
3 1126 1163 1127
3 1199 1163 1162
3 1200 1164 1163
3 1165 1164 1201
3 1165 1128 1164
3 1199 1200 1163
3 1199 1236 1200
3 1017 1053 1054
3 1052 1089 1053
3 1018 1054 1055
3 1091 1127 1128
3 1053 1090 1054
3 1053 1089 1090
3 1092 1091 1128
3 1092 1055 1091
3 907 943 944
3 906 870 869
3 981 980 1017
3 942 941 978
3 1016 980 979
3 981 944 980
3 980 1016 1017
3 979 1015 1016
3 941 904 940
3 906 943 907
3 977 941 940
3 942 905 941
3 902 938 939
3 1014 1015 978
3 1014 978 977
3 979 942 978
3 796 795 832
3 831 794 830
3 936 899 935
3 793 830 794
3 903 867 866
3 904 868 867
3 904 903 940
3 904 867 903
3 906 869 905
3 831 867 868
3 905 869 868
3 870 833 869
3 904 905 868
3 942 943 906
3 942 906 905
3 907 870 906
3 758 757 794
3 828 792 791
3 756 793 757
3 831 868 832
3 758 795 759
3 794 831 795
3 831 832 795
3 869 833 832
3 647 683 684
3 719 718 755
3 683 720 684
3 683 682 719
3 720 721 684
3 720 757 721
3 722 758 759
3 721 757 758
3 680 681 644
3 680 717 681
3 683 719 720
3 682 718 719
3 720 756 757
3 719 755 756
3 791 792 755
3 830 867 831
3 753 790 754
3 828 865 829
3 757 793 794
3 756 792 793
3 867 830 866
3 793 792 829
3 829 830 793
3 829 866 830
3 827 790 826
3 791 754 790
3 790 827 791
3 826 862 863
3 827 828 791
3 865 902 866
3 827 864 828
3 899 862 898
3 714 678 677
3 679 642 678
3 715 679 678
3 680 643 679
3 715 716 679
3 753 754 717
3 753 717 716
3 718 681 717
3 675 676 639
3 675 712 676
3 713 714 677
3 752 753 716
3 714 715 678
3 714 751 715
3 751 752 715
3 751 788 752
3 822 859 823
3 788 751 787
3 825 789 788
3 826 790 789
3 789 825 826
3 788 787 824
3 825 861 862
3 823 786 822
3 864 863 900
3 827 826 863
3 973 974 937
3 939 976 940
3 903 902 939
3 863 899 900
3 864 901 865
3 900 899 936
3 828 864 865
3 827 863 864
3 901 902 865
3 901 938 902
3 900 937 901
3 976 1013 977
3 903 939 940
3 976 1012 1013
3 900 936 937
3 1011 1012 975
3 938 975 939
3 938 974 975
3 975 976 939
3 975 1012 976
3 1010 1011 974
3 1010 1047 1011
3 972 936 935
3 937 938 901
3 973 937 936
3 974 938 937
3 1009 972 1008
3 1010 974 973
3 972 973 936
3 972 1009 973
3 970 971 934
3 1044 1043 1080
3 970 1007 971
3 969 1005 1006
3 1044 1008 1007
3 1046 1010 1009
3 1045 1009 1008
3 1010 973 1009
3 968 967 1004
3 968 932 931
3 969 970 933
3 969 1006 970
3 1005 1004 1041
3 1005 968 1004
3 970 1006 1007
3 1005 1042 1006
3 784 747 783
3 930 967 931
3 896 895 932
3 858 894 895
3 895 931 932
3 894 893 930
3 969 968 1005
3 969 932 968
3 824 823 860
3 859 858 895
3 897 896 933
3 860 823 859
3 934 897 933
3 898 861 897
3 970 934 933
3 971 935 934
3 822 786 785
3 787 750 786
3 861 824 860
3 787 786 823
3 825 824 861
3 825 788 824
3 860 859 896
3 822 858 859
3 747 711 710
3 712 675 711
3 747 748 711
3 785 786 749
3 748 749 712
3 748 785 749
3 821 820 857
3 821 822 785
3 674 673 710
3 674 637 673
3 745 709 708
3 710 673 709
3 745 781 782
3 784 748 747
3 746 747 710
3 746 783 747
3 745 744 781
3 892 891 928
3 782 819 783
3 856 855 892
3 822 821 858
3 784 820 821
3 821 857 858
3 819 782 818
3 745 708 744
3 781 817 818
3 746 782 783
3 781 818 782
3 820 819 856
3 781 780 817
3 855 819 818
3 820 783 819
3 634 670 671
3 633 669 670
3 781 744 780
3 708 671 707
3 707 744 708
3 706 705 742
3 746 745 782
3 746 709 745
3 631 667 668
3 667 704 668
3 668 705 669
3 704 741 705
3 707 706 743
3 707 670 706
3 780 743 779
3 705 741 742
3 707 743 744
3 706 742 743
3 815 779 778
3 816 817 780
3 854 818 817
3 854 891 855
3 815 816 779
3 815 852 816
3 852 853 816
3 852 889 853
3 926 963 927
3 853 854 817
3 853 890 854
3 854 855 818
3 893 894 857
3 820 856 857
3 819 855 856
3 930 893 929
3 855 891 892
3 892 893 856
3 892 929 893
3 926 927 890
3 964 928 927
3 894 930 931
3 929 966 930
3 1001 965 964
3 966 929 965
3 889 890 853
3 889 926 890
3 963 1000 964
3 1000 1037 1001
3 1037 1038 1001
3 1000 1001 964
3 1038 1039 1002
3 1074 1038 1037
3 1075 1038 1074
3 1112 1076 1075
3 1113 1114 1077
3 1149 1150 1113
3 1111 1112 1075
3 1111 1148 1112
3 1223 1187 1186
3 1186 1150 1149
3 1148 1149 1112
3 1223 1222 1259
3 1040 1077 1041
3 1116 1117 1080
3 1150 1114 1113
3 1115 1078 1114
3 1151 1115 1114
3 1155 1191 1192
3 1150 1151 1114
3 1150 1187 1151
3 1001 1002 965
3 1001 1038 1002
3 967 1003 1004
3 1002 1039 1003
3 1077 1040 1076
3 1041 1004 1040
3 1113 1077 1076
3 1114 1078 1077
3 1078 1042 1041
3 1079 1043 1042
3 1006 1043 1007
3 1006 1042 1043
3 1078 1079 1042
3 1078 1115 1079
3 1079 1116 1080
3 1116 1153 1117
3 1046 1045 1082
3 1007 1043 1044
3 1009 1045 1046
3 1008 1044 1045
3 1045 1081 1082
3 1044 1080 1081
3 1193 1156 1192
3 1081 1117 1118
3 1118 1119 1082
3 1155 1192 1156
3 1156 1120 1119
3 1157 1121 1120
3 1118 1155 1119
3 1157 1158 1121
3 1193 1157 1156
3 1193 1230 1194
3 1115 1116 1079
3 1115 1152 1116
3 1152 1153 1116
3 1191 1228 1192
3 1153 1154 1117
3 1153 1190 1154
3 1119 1155 1156
3 1118 1154 1155
3 1152 1189 1153
3 1299 1262 1298
3 1189 1226 1190
3 1263 1300 1264
3 1302 1265 1301
3 1228 1227 1264
3 1301 1265 1264
3 1266 1229 1265
3 1190 1191 1154
3 1190 1227 1191
3 1193 1194 1157
3 1231 1195 1194
3 1192 1229 1193
3 1192 1228 1229
3 1194 1230 1231
3 1229 1266 1230
3 1231 1267 1268
3 1230 1266 1267
3 1339 1340 1303
3 1341 1305 1304
3 1303 1302 1339
3 1340 1341 1304
3 1337 1338 1301
3 1340 1304 1303
3 1267 1303 1304
3 1266 1302 1303
3 1301 1338 1302
3 1338 1339 1302
3 1190 1226 1227
3 1152 1151 1188
3 1227 1263 1264
3 1226 1262 1263
3 1337 1300 1336
3 1263 1262 1299
3 1336 1300 1299
3 1301 1264 1300
3 1189 1188 1225
3 1151 1187 1188
3 1153 1189 1190
3 1152 1188 1189
3 1260 1224 1223
3 1261 1262 1225
3 1189 1225 1226
3 1188 1224 1225
3 1148 1185 1149
3 1185 1186 1149
3 1260 1259 1296
3 1185 1222 1186
3 1187 1223 1224
3 1186 1222 1223
3 1260 1296 1297
3 1224 1260 1261
3 1223 1259 1260
3 1299 1335 1336
3 1298 1334 1335
3 1297 1333 1334
# indices of nodes located on the boundary
1 2 3 4 5 6 7 8 9 10 11 12 13 14 15 16 17 18 19 20 21 22 23 24 25 26 27 28 29 30 31 32 33 34 35 36 37 38 74 75 111 112 148 149 185 186 222 223 259 260 296 297 333 334 370 371 407 408 444 445 481 482 518 519 555 556 592 593 629 630 666 667 703 704 740 741 777 778 814 815 851 852 888 889 925 926 962 963 999 1000 1036 1037 1073 1074 1110 1111 1147 1148 1184 1185 1221 1222 1258 1259 1295 1296 1332 1333 1334 1335 1336 1337 1338 1339 1340 1341 1342 1343 1344 1345 1346 1347 1348 1349 1350 1351 1352 1353 1354 1355 1356 1357 1358 1359 1360 1361 1362 1363 1364 1365 1366 1367 1368 1369 
