# domain type
Triangular
# nodal coordinates: number of nodes followed by the coordinates
16
0.0000000000000000 0.0000000000000000
0.0000000000000000 0.3333333333333333
0.0000000000000000 0.6666666666666666
0.0000000000000000 1.0000000000000000
0.3333333333333333 0.0000000000000000
0.3333333333333333 0.3333333333333333
0.3333333333333333 0.6666666666666666
0.3333333333333333 1.0000000000000000
0.6666666666666666 0.0000000000000000
0.6666666666666666 0.3333333333333333
0.6666666666666666 0.6666666666666666
0.6666666666666666 1.0000000000000000
1.0000000000000000 0.0000000000000000
1.0000000000000000 0.3333333333333333
1.0000000000000000 0.6666666666666666
1.0000000000000000 1.0000000000000000
# element connectivity: number of elements followed by the connectivity
18
3 15 11 14
3 6 2 5
3 10 6 9
3 1 5 2
3 3 2 6
3 7 3 6
3 6 5 9
3 8 4 7
3 10 7 6
3 4 3 7
3 12 8 11
3 12 11 15
3 8 7 11
3 16 12 15
3 10 9 13
3 11 10 14
3 11 7 10
3 10 13 14
# indices of nodes located on the boundary
1 2 3 4 5 8 9 12 13 14 15 16 
