# domain type
Triangular
# nodal coordinates: number of nodes followed by the coordinates
196
0.0000000000000000 0.0000000000000000
0.0000000000000000 0.0769230769230769
0.0000000000000000 0.1538461538461539
0.0000000000000000 0.2307692307692308
0.0000000000000000 0.3076923076923077
0.0000000000000000 0.3846153846153846
0.0000000000000000 0.4615384615384616
0.0000000000000000 0.5384615384615384
0.0000000000000000 0.6153846153846154
0.0000000000000000 0.6923076923076923
0.0000000000000000 0.7692307692307693
0.0000000000000000 0.8461538461538461
0.0000000000000000 0.9230769230769231
0.0000000000000000 1.0000000000000000
0.0769230769230769 0.0000000000000000
0.0769230769230769 0.0769230769230769
0.0769230769230769 0.1538461538461539
0.0769230769230769 0.2307692307692308
0.0769230769230769 0.3076923076923077
0.0769230769230769 0.3846153846153846
0.0769230769230769 0.4615384615384616
0.0769230769230769 0.5384615384615384
0.0769230769230769 0.6153846153846154
0.0769230769230769 0.6923076923076923
0.0769230769230769 0.7692307692307693
0.0769230769230769 0.8461538461538461
0.0769230769230769 0.9230769230769231
0.0769230769230769 1.0000000000000000
0.1538461538461539 0.0000000000000000
0.1538461538461539 0.0769230769230769
0.1538461538461539 0.1538461538461539
0.1538461538461539 0.2307692307692308
0.1538461538461539 0.3076923076923077
0.1538461538461539 0.3846153846153846
0.1538461538461539 0.4615384615384616
0.1538461538461539 0.5384615384615384
0.1538461538461539 0.6153846153846154
0.1538461538461539 0.6923076923076923
0.1538461538461539 0.7692307692307693
0.1538461538461539 0.8461538461538461
0.1538461538461539 0.9230769230769231
0.1538461538461539 1.0000000000000000
0.2307692307692308 0.0000000000000000
0.2307692307692308 0.0769230769230769
0.2307692307692308 0.1538461538461539
0.2307692307692308 0.2307692307692308
0.2307692307692308 0.3076923076923077
0.2307692307692308 0.3846153846153846
0.2307692307692308 0.4615384615384616
0.2307692307692308 0.5384615384615384
0.2307692307692308 0.6153846153846154
0.2307692307692308 0.6923076923076923
0.2307692307692308 0.7692307692307693
0.2307692307692308 0.8461538461538461
0.2307692307692308 0.9230769230769231
0.2307692307692308 1.0000000000000000
0.3076923076923077 0.0000000000000000
0.3076923076923077 0.0769230769230769
0.3076923076923077 0.1538461538461539
0.3076923076923077 0.2307692307692308
0.3076923076923077 0.3076923076923077
0.3076923076923077 0.3846153846153846
0.3076923076923077 0.4615384615384616
0.3076923076923077 0.5384615384615384
0.3076923076923077 0.6153846153846154
0.3076923076923077 0.6923076923076923
0.3076923076923077 0.7692307692307693
0.3076923076923077 0.8461538461538461
0.3076923076923077 0.9230769230769231
0.3076923076923077 1.0000000000000000
0.3846153846153846 0.0000000000000000
0.3846153846153846 0.0769230769230769
0.3846153846153846 0.1538461538461539
0.3846153846153846 0.2307692307692308
0.3846153846153846 0.3076923076923077
0.3846153846153846 0.3846153846153846
0.3846153846153846 0.4615384615384616
0.3846153846153846 0.5384615384615384
0.3846153846153846 0.6153846153846154
0.3846153846153846 0.6923076923076923
0.3846153846153846 0.7692307692307693
0.3846153846153846 0.8461538461538461
0.3846153846153846 0.9230769230769231
0.3846153846153846 1.0000000000000000
0.4615384615384616 0.0000000000000000
0.4615384615384616 0.0769230769230769
0.4615384615384616 0.1538461538461539
0.4615384615384616 0.2307692307692308
0.4615384615384616 0.3076923076923077
0.4615384615384616 0.3846153846153846
0.4615384615384616 0.4615384615384616
0.4615384615384616 0.5384615384615384
0.4615384615384616 0.6153846153846154
0.4615384615384616 0.6923076923076923
0.4615384615384616 0.7692307692307693
0.4615384615384616 0.8461538461538461
0.4615384615384616 0.9230769230769231
0.4615384615384616 1.0000000000000000
0.5384615384615384 0.0000000000000000
0.5384615384615384 0.0769230769230769
0.5384615384615384 0.1538461538461539
0.5384615384615384 0.2307692307692308
0.5384615384615384 0.3076923076923077
0.5384615384615384 0.3846153846153846
0.5384615384615384 0.4615384615384616
0.5384615384615384 0.5384615384615384
0.5384615384615384 0.6153846153846154
0.5384615384615384 0.6923076923076923
0.5384615384615384 0.7692307692307693
0.5384615384615384 0.8461538461538461
0.5384615384615384 0.9230769230769231
0.5384615384615384 1.0000000000000000
0.6153846153846154 0.0000000000000000
0.6153846153846154 0.0769230769230769
0.6153846153846154 0.1538461538461539
0.6153846153846154 0.2307692307692308
0.6153846153846154 0.3076923076923077
0.6153846153846154 0.3846153846153846
0.6153846153846154 0.4615384615384616
0.6153846153846154 0.5384615384615384
0.6153846153846154 0.6153846153846154
0.6153846153846154 0.6923076923076923
0.6153846153846154 0.7692307692307693
0.6153846153846154 0.8461538461538461
0.6153846153846154 0.9230769230769231
0.6153846153846154 1.0000000000000000
0.6923076923076923 0.0000000000000000
0.6923076923076923 0.0769230769230769
0.6923076923076923 0.1538461538461539
0.6923076923076923 0.2307692307692308
0.6923076923076923 0.3076923076923077
0.6923076923076923 0.3846153846153846
0.6923076923076923 0.4615384615384616
0.6923076923076923 0.5384615384615384
0.6923076923076923 0.6153846153846154
0.6923076923076923 0.6923076923076923
0.6923076923076923 0.7692307692307693
0.6923076923076923 0.8461538461538461
0.6923076923076923 0.9230769230769231
0.6923076923076923 1.0000000000000000
0.7692307692307693 0.0000000000000000
0.7692307692307693 0.0769230769230769
0.7692307692307693 0.1538461538461539
0.7692307692307693 0.2307692307692308
0.7692307692307693 0.3076923076923077
0.7692307692307693 0.3846153846153846
0.7692307692307693 0.4615384615384616
0.7692307692307693 0.5384615384615384
0.7692307692307693 0.6153846153846154
0.7692307692307693 0.6923076923076923
0.7692307692307693 0.7692307692307693
0.7692307692307693 0.8461538461538461
0.7692307692307693 0.9230769230769231
0.7692307692307693 1.0000000000000000
0.8461538461538461 0.0000000000000000
0.8461538461538461 0.0769230769230769
0.8461538461538461 0.1538461538461539
0.8461538461538461 0.2307692307692308
0.8461538461538461 0.3076923076923077
0.8461538461538461 0.3846153846153846
0.8461538461538461 0.4615384615384616
0.8461538461538461 0.5384615384615384
0.8461538461538461 0.6153846153846154
0.8461538461538461 0.6923076923076923
0.8461538461538461 0.7692307692307693
0.8461538461538461 0.8461538461538461
0.8461538461538461 0.9230769230769231
0.8461538461538461 1.0000000000000000
0.9230769230769231 0.0000000000000000
0.9230769230769231 0.0769230769230769
0.9230769230769231 0.1538461538461539
0.9230769230769231 0.2307692307692308
0.9230769230769231 0.3076923076923077
0.9230769230769231 0.3846153846153846
0.9230769230769231 0.4615384615384616
0.9230769230769231 0.5384615384615384
0.9230769230769231 0.6153846153846154
0.9230769230769231 0.6923076923076923
0.9230769230769231 0.7692307692307693
0.9230769230769231 0.8461538461538461
0.9230769230769231 0.9230769230769231
0.9230769230769231 1.0000000000000000
1.0000000000000000 0.0000000000000000
1.0000000000000000 0.0769230769230769
1.0000000000000000 0.1538461538461539
1.0000000000000000 0.2307692307692308
1.0000000000000000 0.3076923076923077
1.0000000000000000 0.3846153846153846
1.0000000000000000 0.4615384615384616
1.0000000000000000 0.5384615384615384
1.0000000000000000 0.6153846153846154
1.0000000000000000 0.6923076923076923
1.0000000000000000 0.7692307692307693
1.0000000000000000 0.8461538461538461
1.0000000000000000 0.9230769230769231
1.0000000000000000 1.0000000000000000
# element connectivity: number of elements followed by the connectivity
338
3 26 40 27
3 61 47 60
3 22 21 35
3 36 37 23
3 13 27 14
3 41 55 42
3 52 66 53
3 40 54 41
3 41 28 27
3 53 66 67
3 110 109 123
3 17 31 18
3 127 114 113
3 121 108 107
3 64 51 50
3 147 146 160
3 6 20 7
3 87 101 88
3 44 31 30
3 87 73 86
3 32 46 33
3 100 101 87
3 73 72 86
3 79 66 65
3 34 21 20
3 77 78 64
3 60 47 46
3 5 18 19
3 7 21 8
3 77 64 63
3 51 38 37
3 11 24 25
3 78 79 65
3 80 67 66
3 39 25 38
3 98 97 111
3 27 40 41
3 110 96 109
3 54 68 55
3 81 80 94
3 83 82 96
3 82 81 95
3 105 91 104
3 92 93 79
3 107 93 106
3 90 76 89
3 82 95 96
3 93 92 106
3 94 93 107
3 80 79 93
3 109 108 122
3 95 81 94
3 139 140 126
3 135 136 122
3 153 152 166
3 139 153 140
3 165 164 178
3 166 152 165
3 123 109 122
3 151 164 165
3 131 132 118
3 180 193 194
3 177 178 164
3 88 75 74
3 190 177 176
3 133 120 119
3 99 113 100
3 121 120 134
3 103 102 116
3 161 174 175
3 163 149 162
3 149 150 136
3 142 141 155
3 144 158 145
3 114 115 101
3 114 128 115
3 127 141 128
3 158 159 145
3 170 157 156
3 158 144 157
3 170 156 169
3 17 18 4
3 1 15 2
3 2 15 16
3 2 16 3
3 58 57 71
3 16 17 3
3 60 46 59
3 16 30 17
3 16 15 29
3 17 30 31
3 16 29 30
3 45 44 58
3 30 29 43
3 44 30 43
3 72 58 71
3 44 43 57
3 86 72 85
3 114 100 113
3 86 85 99
3 85 72 71
3 59 45 58
3 100 87 86
3 87 88 74
3 73 60 59
3 31 44 45
3 73 59 72
3 44 57 58
3 72 59 58
3 74 75 61
3 76 62 75
3 33 34 20
3 74 61 60
3 35 36 22
3 73 74 60
3 73 87 74
3 102 103 89
3 89 75 88
3 101 102 88
3 119 120 106
3 103 104 90
3 91 78 77
3 46 45 59
3 62 63 49
3 61 48 47
3 49 36 35
3 62 76 63
3 75 89 76
3 32 33 19
3 47 48 34
3 47 34 33
3 50 63 64
3 31 32 18
3 31 45 32
3 33 46 47
3 32 45 46
3 3 17 4
3 20 19 33
3 18 32 19
3 4 18 5
3 5 19 6
3 7 20 21
3 6 19 20
3 8 22 9
3 37 24 23
3 8 21 22
3 34 35 21
3 34 48 35
3 48 49 35
3 48 62 49
3 25 24 38
3 23 22 36
3 50 51 37
3 38 24 37
3 9 23 10
3 10 24 11
3 10 23 24
3 9 22 23
3 11 25 12
3 39 53 40
3 13 26 27
3 12 25 26
3 12 26 13
3 27 28 14
3 55 69 56
3 25 39 26
3 53 54 40
3 28 41 42
3 52 53 39
3 40 26 39
3 54 53 67
3 39 38 52
3 68 54 67
3 55 41 54
3 81 68 67
3 82 69 68
3 68 69 55
3 83 97 84
3 42 55 56
3 56 69 70
3 70 69 83
3 84 97 98
3 70 83 84
3 69 82 83
3 83 96 97
3 95 108 109
3 126 112 125
3 96 95 109
3 68 81 82
3 67 80 81
3 95 94 108
3 80 93 94
3 36 50 37
3 65 66 52
3 51 52 38
3 51 65 52
3 92 79 78
3 80 66 79
3 49 50 36
3 49 63 50
3 61 62 48
3 61 75 62
3 64 65 51
3 64 78 65
3 76 77 63
3 76 90 77
3 78 91 92
3 77 90 91
3 91 105 92
3 91 90 104
3 120 107 106
3 108 94 107
3 105 119 106
3 133 146 147
3 132 133 119
3 135 149 136
3 150 164 151
3 152 153 139
3 150 137 136
3 124 125 111
3 122 121 135
3 107 120 121
3 137 123 136
3 108 121 122
3 134 135 121
3 134 148 135
3 138 125 124
3 97 96 110
3 112 111 125
3 97 110 111
3 98 111 112
3 126 125 139
3 111 110 124
3 151 138 137
3 139 125 138
3 154 153 167
3 139 138 152
3 136 123 122
3 137 138 124
3 123 124 110
3 123 137 124
3 151 152 138
3 151 165 152
3 178 179 165
3 167 153 166
3 180 167 166
3 181 168 167
3 153 154 140
3 167 168 154
3 181 182 168
3 181 195 182
3 167 180 181
3 166 165 179
3 181 180 194
3 182 195 196
3 181 194 195
3 179 178 192
3 163 162 176
3 193 179 192
3 148 149 135
3 148 162 149
3 137 150 151
3 149 163 150
3 180 179 193
3 180 166 179
3 164 163 177
3 164 150 163
3 161 147 160
3 191 178 177
3 175 176 162
3 177 163 176
3 191 177 190
3 192 178 191
3 188 189 175
3 189 176 175
3 190 176 189
3 173 187 174
3 188 175 174
3 160 173 174
3 145 159 146
3 158 172 159
3 157 171 158
3 172 186 173
3 173 160 159
3 147 134 133
3 161 160 174
3 146 159 160
3 162 161 175
3 162 148 161
3 120 133 134
3 132 146 133
3 148 147 161
3 148 134 147
3 89 103 90
3 118 119 105
3 92 105 106
3 104 118 105
3 88 102 89
3 117 131 118
3 103 117 104
3 132 119 118
3 104 117 118
3 144 143 157
3 132 131 145
3 116 102 115
3 132 145 146
3 131 130 144
3 117 130 131
3 129 143 130
3 131 144 145
3 130 143 144
3 115 102 101
3 115 129 116
3 117 116 130
3 117 103 116
3 99 100 86
3 114 101 100
3 127 128 114
3 142 129 128
3 142 155 156
3 116 129 130
3 115 128 129
3 142 156 143
3 156 157 143
3 169 156 155
3 169 183 170
3 129 142 143
3 128 141 142
3 185 171 184
3 172 158 171
3 185 172 171
3 173 159 172
3 187 173 186
3 188 174 187
3 171 170 184
3 171 157 170
3 170 183 184
3 186 172 185
# indices of nodes located on the boundary
1 2 3 4 5 6 7 8 9 10 11 12 13 14 15 28 29 42 43 56 57 70 71 84 85 98 99 112 113 126 127 140 141 154 155 168 169 182 183 184 185 186 187 188 189 190 191 192 193 194 195 196 
