# domain type
Triangular
# nodal coordinates: number of nodes followed by the coordinates
289
0.0000000000000000 0.0000000000000000
0.0000000000000000 0.0625000000000000
0.0000000000000000 0.1250000000000000
0.0000000000000000 0.1875000000000000
0.0000000000000000 0.2500000000000000
0.0000000000000000 0.3125000000000000
0.0000000000000000 0.3750000000000000
0.0000000000000000 0.4375000000000000
0.0000000000000000 0.5000000000000000
0.0000000000000000 0.5625000000000000
0.0000000000000000 0.6250000000000000
0.0000000000000000 0.6875000000000000
0.0000000000000000 0.7500000000000000
0.0000000000000000 0.8125000000000000
0.0000000000000000 0.8750000000000000
0.0000000000000000 0.9375000000000000
0.0000000000000000 1.0000000000000000
0.0625000000000000 0.0000000000000000
0.0625000000000000 0.0625000000000000
0.0625000000000000 0.1250000000000000
0.0625000000000000 0.1875000000000000
0.0625000000000000 0.2500000000000000
0.0625000000000000 0.3125000000000000
0.0625000000000000 0.3750000000000000
0.0625000000000000 0.4375000000000000
0.0625000000000000 0.5000000000000000
0.0625000000000000 0.5625000000000000
0.0625000000000000 0.6250000000000000
0.0625000000000000 0.6875000000000000
0.0625000000000000 0.7500000000000000
0.0625000000000000 0.8125000000000000
0.0625000000000000 0.8750000000000000
0.0625000000000000 0.9375000000000000
0.0625000000000000 1.0000000000000000
0.1250000000000000 0.0000000000000000
0.1250000000000000 0.0625000000000000
0.1250000000000000 0.1250000000000000
0.1250000000000000 0.1875000000000000
0.1250000000000000 0.2500000000000000
0.1250000000000000 0.3125000000000000
0.1250000000000000 0.3750000000000000
0.1250000000000000 0.4375000000000000
0.1250000000000000 0.5000000000000000
0.1250000000000000 0.5625000000000000
0.1250000000000000 0.6250000000000000
0.1250000000000000 0.6875000000000000
0.1250000000000000 0.7500000000000000
0.1250000000000000 0.8125000000000000
0.1250000000000000 0.8750000000000000
0.1250000000000000 0.9375000000000000
0.1250000000000000 1.0000000000000000
0.1875000000000000 0.0000000000000000
0.1875000000000000 0.0625000000000000
0.1875000000000000 0.1250000000000000
0.1875000000000000 0.1875000000000000
0.1875000000000000 0.2500000000000000
0.1875000000000000 0.3125000000000000
0.1875000000000000 0.3750000000000000
0.1875000000000000 0.4375000000000000
0.1875000000000000 0.5000000000000000
0.1875000000000000 0.5625000000000000
0.1875000000000000 0.6250000000000000
0.1875000000000000 0.6875000000000000
0.1875000000000000 0.7500000000000000
0.1875000000000000 0.8125000000000000
0.1875000000000000 0.8750000000000000
0.1875000000000000 0.9375000000000000
0.1875000000000000 1.0000000000000000
0.2500000000000000 0.0000000000000000
0.2500000000000000 0.0625000000000000
0.2500000000000000 0.1250000000000000
0.2500000000000000 0.1875000000000000
0.2500000000000000 0.2500000000000000
0.2500000000000000 0.3125000000000000
0.2500000000000000 0.3750000000000000
0.2500000000000000 0.4375000000000000
0.2500000000000000 0.5000000000000000
0.2500000000000000 0.5625000000000000
0.2500000000000000 0.6250000000000000
0.2500000000000000 0.6875000000000000
0.2500000000000000 0.7500000000000000
0.2500000000000000 0.8125000000000000
0.2500000000000000 0.8750000000000000
0.2500000000000000 0.9375000000000000
0.2500000000000000 1.0000000000000000
0.3125000000000000 0.0000000000000000
0.3125000000000000 0.0625000000000000
0.3125000000000000 0.1250000000000000
0.3125000000000000 0.1875000000000000
0.3125000000000000 0.2500000000000000
0.3125000000000000 0.3125000000000000
0.3125000000000000 0.3750000000000000
0.3125000000000000 0.4375000000000000
0.3125000000000000 0.5000000000000000
0.3125000000000000 0.5625000000000000
0.3125000000000000 0.6250000000000000
0.3125000000000000 0.6875000000000000
0.3125000000000000 0.7500000000000000
0.3125000000000000 0.8125000000000000
0.3125000000000000 0.8750000000000000
0.3125000000000000 0.9375000000000000
0.3125000000000000 1.0000000000000000
0.3750000000000000 0.0000000000000000
0.3750000000000000 0.0625000000000000
0.3750000000000000 0.1250000000000000
0.3750000000000000 0.1875000000000000
0.3750000000000000 0.2500000000000000
0.3750000000000000 0.3125000000000000
0.3750000000000000 0.3750000000000000
0.3750000000000000 0.4375000000000000
0.3750000000000000 0.5000000000000000
0.3750000000000000 0.5625000000000000
0.3750000000000000 0.6250000000000000
0.3750000000000000 0.6875000000000000
0.3750000000000000 0.7500000000000000
0.3750000000000000 0.8125000000000000
0.3750000000000000 0.8750000000000000
0.3750000000000000 0.9375000000000000
0.3750000000000000 1.0000000000000000
0.4375000000000000 0.0000000000000000
0.4375000000000000 0.0625000000000000
0.4375000000000000 0.1250000000000000
0.4375000000000000 0.1875000000000000
0.4375000000000000 0.2500000000000000
0.4375000000000000 0.3125000000000000
0.4375000000000000 0.3750000000000000
0.4375000000000000 0.4375000000000000
0.4375000000000000 0.5000000000000000
0.4375000000000000 0.5625000000000000
0.4375000000000000 0.6250000000000000
0.4375000000000000 0.6875000000000000
0.4375000000000000 0.7500000000000000
0.4375000000000000 0.8125000000000000
0.4375000000000000 0.8750000000000000
0.4375000000000000 0.9375000000000000
0.4375000000000000 1.0000000000000000
0.5000000000000000 0.0000000000000000
0.5000000000000000 0.0625000000000000
0.5000000000000000 0.1250000000000000
0.5000000000000000 0.1875000000000000
0.5000000000000000 0.2500000000000000
0.5000000000000000 0.3125000000000000
0.5000000000000000 0.3750000000000000
0.5000000000000000 0.4375000000000000
0.5000000000000000 0.5000000000000000
0.5000000000000000 0.5625000000000000
0.5000000000000000 0.6250000000000000
0.5000000000000000 0.6875000000000000
0.5000000000000000 0.7500000000000000
0.5000000000000000 0.8125000000000000
0.5000000000000000 0.8750000000000000
0.5000000000000000 0.9375000000000000
0.5000000000000000 1.0000000000000000
0.5625000000000000 0.0000000000000000
0.5625000000000000 0.0625000000000000
0.5625000000000000 0.1250000000000000
0.5625000000000000 0.1875000000000000
0.5625000000000000 0.2500000000000000
0.5625000000000000 0.3125000000000000
0.5625000000000000 0.3750000000000000
0.5625000000000000 0.4375000000000000
0.5625000000000000 0.5000000000000000
0.5625000000000000 0.5625000000000000
0.5625000000000000 0.6250000000000000
0.5625000000000000 0.6875000000000000
0.5625000000000000 0.7500000000000000
0.5625000000000000 0.8125000000000000
0.5625000000000000 0.8750000000000000
0.5625000000000000 0.9375000000000000
0.5625000000000000 1.0000000000000000
0.6250000000000000 0.0000000000000000
0.6250000000000000 0.0625000000000000
0.6250000000000000 0.1250000000000000
0.6250000000000000 0.1875000000000000
0.6250000000000000 0.2500000000000000
0.6250000000000000 0.3125000000000000
0.6250000000000000 0.3750000000000000
0.6250000000000000 0.4375000000000000
0.6250000000000000 0.5000000000000000
0.6250000000000000 0.5625000000000000
0.6250000000000000 0.6250000000000000
0.6250000000000000 0.6875000000000000
0.6250000000000000 0.7500000000000000
0.6250000000000000 0.8125000000000000
0.6250000000000000 0.8750000000000000
0.6250000000000000 0.9375000000000000
0.6250000000000000 1.0000000000000000
0.6875000000000000 0.0000000000000000
0.6875000000000000 0.0625000000000000
0.6875000000000000 0.1250000000000000
0.6875000000000000 0.1875000000000000
0.6875000000000000 0.2500000000000000
0.6875000000000000 0.3125000000000000
0.6875000000000000 0.3750000000000000
0.6875000000000000 0.4375000000000000
0.6875000000000000 0.5000000000000000
0.6875000000000000 0.5625000000000000
0.6875000000000000 0.6250000000000000
0.6875000000000000 0.6875000000000000
0.6875000000000000 0.7500000000000000
0.6875000000000000 0.8125000000000000
0.6875000000000000 0.8750000000000000
0.6875000000000000 0.9375000000000000
0.6875000000000000 1.0000000000000000
0.7500000000000000 0.0000000000000000
0.7500000000000000 0.0625000000000000
0.7500000000000000 0.1250000000000000
0.7500000000000000 0.1875000000000000
0.7500000000000000 0.2500000000000000
0.7500000000000000 0.3125000000000000
0.7500000000000000 0.3750000000000000
0.7500000000000000 0.4375000000000000
0.7500000000000000 0.5000000000000000
0.7500000000000000 0.5625000000000000
0.7500000000000000 0.6250000000000000
0.7500000000000000 0.6875000000000000
0.7500000000000000 0.7500000000000000
0.7500000000000000 0.8125000000000000
0.7500000000000000 0.8750000000000000
0.7500000000000000 0.9375000000000000
0.7500000000000000 1.0000000000000000
0.8125000000000000 0.0000000000000000
0.8125000000000000 0.0625000000000000
0.8125000000000000 0.1250000000000000
0.8125000000000000 0.1875000000000000
0.8125000000000000 0.2500000000000000
0.8125000000000000 0.3125000000000000
0.8125000000000000 0.3750000000000000
0.8125000000000000 0.4375000000000000
0.8125000000000000 0.5000000000000000
0.8125000000000000 0.5625000000000000
0.8125000000000000 0.6250000000000000
0.8125000000000000 0.6875000000000000
0.8125000000000000 0.7500000000000000
0.8125000000000000 0.8125000000000000
0.8125000000000000 0.8750000000000000
0.8125000000000000 0.9375000000000000
0.8125000000000000 1.0000000000000000
0.8750000000000000 0.0000000000000000
0.8750000000000000 0.0625000000000000
0.8750000000000000 0.1250000000000000
0.8750000000000000 0.1875000000000000
0.8750000000000000 0.2500000000000000
0.8750000000000000 0.3125000000000000
0.8750000000000000 0.3750000000000000
0.8750000000000000 0.4375000000000000
0.8750000000000000 0.5000000000000000
0.8750000000000000 0.5625000000000000
0.8750000000000000 0.6250000000000000
0.8750000000000000 0.6875000000000000
0.8750000000000000 0.7500000000000000
0.8750000000000000 0.8125000000000000
0.8750000000000000 0.8750000000000000
0.8750000000000000 0.9375000000000000
0.8750000000000000 1.0000000000000000
0.9375000000000000 0.0000000000000000
0.9375000000000000 0.0625000000000000
0.9375000000000000 0.1250000000000000
0.9375000000000000 0.1875000000000000
0.9375000000000000 0.2500000000000000
0.9375000000000000 0.3125000000000000
0.9375000000000000 0.3750000000000000
0.9375000000000000 0.4375000000000000
0.9375000000000000 0.5000000000000000
0.9375000000000000 0.5625000000000000
0.9375000000000000 0.6250000000000000
0.9375000000000000 0.6875000000000000
0.9375000000000000 0.7500000000000000
0.9375000000000000 0.8125000000000000
0.9375000000000000 0.8750000000000000
0.9375000000000000 0.9375000000000000
0.9375000000000000 1.0000000000000000
1.0000000000000000 0.0000000000000000
1.0000000000000000 0.0625000000000000
1.0000000000000000 0.1250000000000000
1.0000000000000000 0.1875000000000000
1.0000000000000000 0.2500000000000000
1.0000000000000000 0.3125000000000000
1.0000000000000000 0.3750000000000000
1.0000000000000000 0.4375000000000000
1.0000000000000000 0.5000000000000000
1.0000000000000000 0.5625000000000000
1.0000000000000000 0.6250000000000000
1.0000000000000000 0.6875000000000000
1.0000000000000000 0.7500000000000000
1.0000000000000000 0.8125000000000000
1.0000000000000000 0.8750000000000000
1.0000000000000000 0.9375000000000000
1.0000000000000000 1.0000000000000000
# element connectivity: number of elements followed by the connectivity
512
3 53 37 36
3 50 66 67
3 189 172 188
3 52 36 35
3 20 37 21
3 41 40 57
3 25 8 24
3 194 193 210
3 64 65 48
3 65 66 49
3 50 34 33
3 133 132 149
3 31 14 30
3 38 54 55
3 96 113 97
3 173 174 157
3 131 130 147
3 163 180 164
3 250 249 266
3 245 244 261
3 149 150 133
3 265 281 282
3 83 84 67
3 156 157 140
3 198 197 214
3 70 69 86
3 260 277 261
3 228 211 227
3 248 232 231
3 5 4 21
3 36 52 53
3 71 55 54
3 58 57 74
3 56 39 55
3 87 70 86
3 87 71 70
3 36 19 35
3 105 89 88
3 89 73 72
3 108 124 125
3 140 157 141
3 77 93 94
3 94 110 111
3 106 107 90
3 112 128 129
3 95 94 111
3 145 144 161
3 38 37 54
3 10 9 26
3 28 11 27
3 26 43 27
3 64 63 80
3 28 12 11
3 48 47 64
3 13 30 14
3 45 61 62
3 46 63 47
3 79 95 96
3 32 15 31
3 66 83 67
3 16 15 32
3 63 64 47
3 114 113 130
3 100 101 84
3 83 66 82
3 116 117 100
3 117 118 101
3 131 132 115
3 182 181 198
3 150 151 134
3 134 135 118
3 64 80 81
3 63 62 79
3 99 115 116
3 97 113 114
3 130 131 114
3 148 164 165
3 131 148 132
3 150 167 151
3 132 148 149
3 164 181 165
3 147 164 148
3 146 162 163
3 148 165 149
3 202 201 218
3 201 202 185
3 185 186 169
3 168 167 184
3 268 267 284
3 183 182 199
3 179 196 180
3 184 200 201
3 197 181 180
3 251 252 235
3 200 199 216
3 237 253 254
3 51 34 50
3 217 200 216
3 184 185 168
3 216 215 232
3 231 247 248
3 248 249 232
3 250 234 233
3 284 285 268
3 175 192 176
3 261 277 278
3 192 209 193
3 229 246 230
3 209 226 210
3 263 264 247
3 143 159 160
3 141 157 158
3 145 162 146
3 214 230 231
3 177 176 193
3 158 157 174
3 164 180 181
3 194 178 177
3 107 106 123
3 139 156 140
3 159 158 175
3 159 142 158
3 207 190 206
3 207 224 208
3 53 70 54
3 227 226 243
3 223 206 222
3 258 242 241
3 53 69 70
3 260 259 276
3 257 256 273
3 20 36 37
3 1 18 2
3 18 19 2
3 18 35 19
3 2 19 3
3 3 20 4
3 19 20 3
3 19 36 20
3 6 22 23
3 4 20 21
3 72 56 55
3 21 37 38
3 72 71 88
3 54 70 71
3 87 86 103
3 104 103 120
3 37 53 54
3 52 69 53
3 121 120 137
3 138 154 155
3 88 87 104
3 88 71 87
3 137 154 138
3 122 105 121
3 87 103 104
3 155 172 156
3 122 121 138
3 104 120 121
3 122 138 139
3 121 137 138
3 123 106 122
3 107 124 108
3 140 123 139
3 105 104 121
3 139 123 122
3 140 141 124
3 90 73 89
3 55 71 72
3 72 73 56
3 58 41 57
3 105 88 104
3 89 72 88
3 106 105 122
3 106 89 105
3 74 57 73
3 39 22 38
3 90 74 73
3 77 94 78
3 106 90 89
3 91 74 90
3 124 107 123
3 108 91 107
3 140 124 123
3 125 126 109
3 141 125 124
3 141 158 142
3 92 109 93
3 109 126 110
3 75 91 92
3 108 125 109
3 109 110 93
3 129 146 130
3 74 91 75
3 43 42 59
3 75 92 76
3 107 91 90
3 108 109 92
3 76 92 93
3 91 108 92
3 58 42 41
3 44 45 28
3 26 9 25
3 76 59 75
3 76 77 60
3 55 39 38
3 25 41 42
3 56 40 39
3 58 74 75
3 56 57 40
3 56 73 57
3 59 58 75
3 59 42 58
3 22 5 21
3 38 22 21
3 39 40 23
3 39 23 22
3 40 41 24
3 22 6 5
3 23 7 6
3 24 8 7
3 25 9 8
3 23 24 7
3 23 40 24
3 41 25 24
3 26 27 10
3 11 10 27
3 42 26 25
3 42 43 26
3 60 43 59
3 44 27 43
3 60 44 43
3 61 45 44
3 76 60 59
3 61 44 60
3 77 61 60
3 62 63 46
3 78 62 61
3 98 97 114
3 78 79 62
3 78 95 79
3 79 80 63
3 79 96 80
3 12 29 13
3 44 28 27
3 45 46 29
3 28 29 12
3 28 45 29
3 30 46 47
3 45 62 46
3 29 30 13
3 29 46 30
3 14 31 15
3 30 47 31
3 49 32 48
3 31 48 32
3 17 16 33
3 17 33 34
3 16 32 33
3 32 49 33
3 67 51 50
3 68 51 67
3 84 68 67
3 102 85 101
3 49 48 65
3 31 47 48
3 50 49 66
3 50 33 49
3 81 65 64
3 82 66 65
3 99 83 82
3 84 85 68
3 99 116 100
3 115 132 116
3 117 116 133
3 99 82 98
3 135 136 119
3 101 100 117
3 100 84 83
3 101 85 84
3 118 102 101
3 118 119 102
3 153 136 152
3 168 152 151
3 169 153 152
3 170 153 169
3 134 118 117
3 135 119 118
3 134 133 150
3 116 132 133
3 133 134 117
3 151 152 135
3 151 135 134
3 152 136 135
3 115 114 131
3 115 98 114
3 112 129 113
3 146 147 130
3 131 147 148
3 146 163 147
3 65 81 82
3 80 97 81
3 80 96 97
3 95 112 96
3 81 98 82
3 81 97 98
3 83 99 100
3 98 115 99
3 61 77 78
3 76 93 77
3 78 94 95
3 93 110 94
3 95 111 112
3 110 126 127
3 96 112 113
3 111 128 112
3 110 127 111
3 144 143 160
3 127 128 111
3 127 126 143
3 113 129 130
3 128 145 129
3 129 145 146
3 128 127 144
3 147 163 164
3 162 179 163
3 215 198 214
3 199 182 198
3 214 197 213
3 198 181 197
3 179 162 178
3 194 210 211
3 230 214 213
3 231 215 214
3 233 216 232
3 199 198 215
3 217 216 233
3 199 215 216
3 235 218 234
3 201 200 217
3 165 166 149
3 183 199 200
3 165 182 166
3 165 181 182
3 185 184 201
3 166 182 183
3 218 217 234
3 218 201 217
3 166 150 149
3 168 185 169
3 166 167 150
3 166 183 167
3 183 184 167
3 183 200 184
3 152 168 169
3 151 167 168
3 187 170 186
3 202 186 185
3 170 169 186
3 204 187 203
3 219 203 202
3 187 186 203
3 220 204 203
3 238 221 237
3 219 202 218
3 203 186 202
3 236 219 235
3 220 203 219
3 237 220 236
3 221 204 220
3 251 235 234
3 219 218 235
3 237 236 253
3 220 219 236
3 269 253 252
3 236 235 252
3 252 253 236
3 251 234 250
3 220 237 221
3 254 270 271
3 255 238 254
3 237 254 238
3 253 270 254
3 271 255 254
3 289 272 288
3 286 270 269
3 270 253 269
3 286 287 270
3 271 272 255
3 287 271 270
3 288 272 271
3 288 271 287
3 269 268 285
3 269 252 268
3 250 266 267
3 285 286 269
3 217 233 234
3 232 249 233
3 249 250 233
3 267 268 251
3 267 251 250
3 268 252 251
3 265 266 249
3 283 267 266
3 215 231 232
3 230 247 231
3 264 248 247
3 265 249 248
3 264 265 248
3 264 281 265
3 246 245 262
3 283 284 267
3 263 280 264
3 265 282 266
3 282 283 266
3 262 279 263
3 280 281 264
3 245 261 262
3 279 280 263
3 243 260 244
3 258 241 257
3 260 261 244
3 278 279 262
3 246 229 245
3 261 278 262
3 211 210 227
3 210 226 227
3 212 211 228
3 227 244 228
3 227 243 244
3 223 224 207
3 229 212 228
3 178 162 161
3 213 229 230
3 246 262 263
3 228 245 229
3 228 244 245
3 247 246 263
3 247 230 246
3 212 195 211
3 196 197 180
3 212 196 195
3 213 197 196
3 213 212 229
3 213 196 212
3 128 144 145
3 126 142 143
3 145 161 162
3 160 176 177
3 160 177 161
3 195 196 179
3 163 179 180
3 178 195 179
3 125 142 126
3 125 141 142
3 127 143 144
3 142 159 143
3 144 160 161
3 159 176 160
3 159 175 176
3 173 156 172
3 194 177 193
3 178 161 177
3 209 192 208
3 193 176 192
3 195 194 211
3 195 178 194
3 191 190 207
3 191 175 174
3 224 225 208
3 208 191 207
3 193 209 210
3 208 225 209
3 138 155 139
3 172 189 173
3 174 173 190
3 157 156 173
3 191 174 190
3 175 158 174
3 192 191 208
3 192 175 191
3 171 172 155
3 188 172 171
3 139 155 156
3 154 171 155
3 189 190 173
3 206 189 205
3 205 189 188
3 206 190 189
3 206 205 222
3 223 222 239
3 241 225 224
3 207 206 223
3 240 239 256
3 240 224 223
3 225 226 209
3 240 241 224
3 242 226 225
3 241 240 257
3 223 239 240
3 258 259 242
3 242 225 241
3 243 242 259
3 243 226 242
3 276 259 275
3 260 243 259
3 277 260 276
3 240 256 257
3 274 258 257
3 275 259 258
3 258 274 275
3 257 273 274
# indices of nodes located on the boundary
1 2 3 4 5 6 7 8 9 10 11 12 13 14 15 16 17 18 34 35 51 52 68 69 85 86 102 103 119 120 136 137 153 154 170 171 187 188 204 205 221 222 238 239 255 256 272 273 274 275 276 277 278 279 280 281 282 283 284 285 286 287 288 289 
