# domain type
Triangular
# nodal coordinates: number of nodes followed by the coordinates
100
0.0000000000000000 0.0000000000000000
0.0000000000000000 0.1111111111111111
0.0000000000000000 0.2222222222222222
0.0000000000000000 0.3333333333333333
0.0000000000000000 0.4444444444444444
0.0000000000000000 0.5555555555555556
0.0000000000000000 0.6666666666666666
0.0000000000000000 0.7777777777777778
0.0000000000000000 0.8888888888888888
0.0000000000000000 1.0000000000000000
0.1111111111111111 0.0000000000000000
0.1111111111111111 0.1111111111111111
0.1111111111111111 0.2222222222222222
0.1111111111111111 0.3333333333333333
0.1111111111111111 0.4444444444444444
0.1111111111111111 0.5555555555555556
0.1111111111111111 0.6666666666666666
0.1111111111111111 0.7777777777777778
0.1111111111111111 0.8888888888888888
0.1111111111111111 1.0000000000000000
0.2222222222222222 0.0000000000000000
0.2222222222222222 0.1111111111111111
0.2222222222222222 0.2222222222222222
0.2222222222222222 0.3333333333333333
0.2222222222222222 0.4444444444444444
0.2222222222222222 0.5555555555555556
0.2222222222222222 0.6666666666666666
0.2222222222222222 0.7777777777777778
0.2222222222222222 0.8888888888888888
0.2222222222222222 1.0000000000000000
0.3333333333333333 0.0000000000000000
0.3333333333333333 0.1111111111111111
0.3333333333333333 0.2222222222222222
0.3333333333333333 0.3333333333333333
0.3333333333333333 0.4444444444444444
0.3333333333333333 0.5555555555555556
0.3333333333333333 0.6666666666666666
0.3333333333333333 0.7777777777777778
0.3333333333333333 0.8888888888888888
0.3333333333333333 1.0000000000000000
0.4444444444444444 0.0000000000000000
0.4444444444444444 0.1111111111111111
0.4444444444444444 0.2222222222222222
0.4444444444444444 0.3333333333333333
0.4444444444444444 0.4444444444444444
0.4444444444444444 0.5555555555555556
0.4444444444444444 0.6666666666666666
0.4444444444444444 0.7777777777777778
0.4444444444444444 0.8888888888888888
0.4444444444444444 1.0000000000000000
0.5555555555555556 0.0000000000000000
0.5555555555555556 0.1111111111111111
0.5555555555555556 0.2222222222222222
0.5555555555555556 0.3333333333333333
0.5555555555555556 0.4444444444444444
0.5555555555555556 0.5555555555555556
0.5555555555555556 0.6666666666666666
0.5555555555555556 0.7777777777777778
0.5555555555555556 0.8888888888888888
0.5555555555555556 1.0000000000000000
0.6666666666666666 0.0000000000000000
0.6666666666666666 0.1111111111111111
0.6666666666666666 0.2222222222222222
0.6666666666666666 0.3333333333333333
0.6666666666666666 0.4444444444444444
0.6666666666666666 0.5555555555555556
0.6666666666666666 0.6666666666666666
0.6666666666666666 0.7777777777777778
0.6666666666666666 0.8888888888888888
0.6666666666666666 1.0000000000000000
0.7777777777777778 0.0000000000000000
0.7777777777777778 0.1111111111111111
0.7777777777777778 0.2222222222222222
0.7777777777777778 0.3333333333333333
0.7777777777777778 0.4444444444444444
0.7777777777777778 0.5555555555555556
0.7777777777777778 0.6666666666666666
0.7777777777777778 0.7777777777777778
0.7777777777777778 0.8888888888888888
0.7777777777777778 1.0000000000000000
0.8888888888888888 0.0000000000000000
0.8888888888888888 0.1111111111111111
0.8888888888888888 0.2222222222222222
0.8888888888888888 0.3333333333333333
0.8888888888888888 0.4444444444444444
0.8888888888888888 0.5555555555555556
0.8888888888888888 0.6666666666666666
0.8888888888888888 0.7777777777777778
0.8888888888888888 0.8888888888888888
0.8888888888888888 1.0000000000000000
1.0000000000000000 0.0000000000000000
1.0000000000000000 0.1111111111111111
1.0000000000000000 0.2222222222222222
1.0000000000000000 0.3333333333333333
1.0000000000000000 0.4444444444444444
1.0000000000000000 0.5555555555555556
1.0000000000000000 0.6666666666666666
1.0000000000000000 0.7777777777777778
1.0000000000000000 0.8888888888888888
1.0000000000000000 1.0000000000000000
# element connectivity: number of elements followed by the connectivity
162
3 37 28 27
3 23 13 22
3 23 14 13
3 5 14 15
3 47 48 38
3 26 35 36
3 35 45 36
3 13 12 22
3 23 33 24
3 16 15 25
3 2 1 11
3 26 25 35
3 15 14 24
3 34 33 43
3 24 25 15
3 26 17 16
3 3 2 12
3 48 58 49
3 29 30 20
3 18 17 27
3 29 19 28
3 7 6 16
3 37 27 36
3 28 18 27
3 40 49 50
3 78 77 87
3 68 58 67
3 67 66 76
3 57 47 56
3 70 69 79
3 77 76 86
3 45 35 44
3 52 53 43
3 32 22 31
3 51 42 41
3 43 33 42
3 74 73 83
3 32 33 23
3 41 42 32
3 11 12 2
3 16 6 15
3 21 12 11
3 4 13 14
3 3 12 13
3 52 51 61
3 83 82 92
3 62 71 72
3 21 22 12
3 21 31 22
3 41 32 31
3 42 33 32
3 44 34 43
3 35 25 34
3 52 43 42
3 44 35 34
3 53 44 43
3 55 65 56
3 54 64 55
3 46 47 37
3 34 24 33
3 34 25 24
3 14 23 24
3 22 32 23
3 4 3 13
3 5 4 14
3 6 5 15
3 18 8 17
3 8 7 17
3 26 16 25
3 17 7 16
3 27 26 36
3 27 17 26
3 9 8 18
3 19 9 18
3 9 19 10
3 29 38 39
3 28 19 18
3 20 10 19
3 29 20 19
3 30 39 40
3 49 59 50
3 38 29 28
3 39 30 29
3 39 49 40
3 38 48 39
3 48 57 58
3 59 60 50
3 39 48 49
3 37 36 46
3 45 46 36
3 57 48 47
3 38 37 47
3 38 28 37
3 55 46 45
3 56 47 46
3 44 53 54
3 66 67 57
3 66 57 56
3 58 59 49
3 65 75 66
3 75 74 84
3 68 77 78
3 67 76 77
3 79 78 88
3 67 58 57
3 68 78 69
3 59 69 60
3 69 78 79
3 60 69 70
3 59 58 68
3 59 68 69
3 67 77 68
3 70 79 80
3 78 87 88
3 79 89 80
3 89 90 80
3 88 87 97
3 89 99 90
3 87 77 86
3 90 99 100
3 89 98 99
3 88 97 98
3 89 88 98
3 89 79 88
3 85 86 76
3 96 87 86
3 95 96 86
3 95 86 85
3 87 96 97
3 85 84 94
3 85 75 84
3 75 65 74
3 76 75 85
3 76 66 75
3 83 93 84
3 94 95 85
3 56 65 66
3 64 74 65
3 46 55 56
3 45 44 54
3 45 54 55
3 53 63 54
3 73 63 72
3 73 64 63
3 55 64 65
3 54 63 64
3 62 72 63
3 62 61 71
3 53 62 63
3 52 61 62
3 51 52 42
3 62 53 52
3 71 81 72
3 81 82 72
3 82 73 72
3 74 64 73
3 74 83 84
3 73 82 83
3 84 93 94
3 83 92 93
3 91 82 81
3 92 82 91
# indices of nodes located on the boundary
1 2 3 4 5 6 7 8 9 10 11 20 21 30 31 40 41 50 51 60 61 70 71 80 81 90 91 92 93 94 95 96 97 98 99 100 
