# domain type
Triangular
# nodal coordinates: number of nodes followed by the coordinates
49
0.0000000000000000 0.0000000000000000
0.0000000000000000 0.1666666666666667
0.0000000000000000 0.3333333333333333
0.0000000000000000 0.5000000000000000
0.0000000000000000 0.6666666666666666
0.0000000000000000 0.8333333333333334
0.0000000000000000 1.0000000000000000
0.1666666666666667 0.0000000000000000
0.1666666666666667 0.1666666666666667
0.1666666666666667 0.3333333333333333
0.1666666666666667 0.5000000000000000
0.1666666666666667 0.6666666666666666
0.1666666666666667 0.8333333333333334
0.1666666666666667 1.0000000000000000
0.3333333333333333 0.0000000000000000
0.3333333333333333 0.1666666666666667
0.3333333333333333 0.3333333333333333
0.3333333333333333 0.5000000000000000
0.3333333333333333 0.6666666666666666
0.3333333333333333 0.8333333333333334
0.3333333333333333 1.0000000000000000
0.5000000000000000 0.0000000000000000
0.5000000000000000 0.1666666666666667
0.5000000000000000 0.3333333333333333
0.5000000000000000 0.5000000000000000
0.5000000000000000 0.6666666666666666
0.5000000000000000 0.8333333333333334
0.5000000000000000 1.0000000000000000
0.6666666666666666 0.0000000000000000
0.6666666666666666 0.1666666666666667
0.6666666666666666 0.3333333333333333
0.6666666666666666 0.5000000000000000
0.6666666666666666 0.6666666666666666
0.6666666666666666 0.8333333333333334
0.6666666666666666 1.0000000000000000
0.8333333333333334 0.0000000000000000
0.8333333333333334 0.1666666666666667
0.8333333333333334 0.3333333333333333
0.8333333333333334 0.5000000000000000
0.8333333333333334 0.6666666666666666
0.8333333333333334 0.8333333333333334
0.8333333333333334 1.0000000000000000
1.0000000000000000 0.0000000000000000
1.0000000000000000 0.1666666666666667
1.0000000000000000 0.3333333333333333
1.0000000000000000 0.5000000000000000
1.0000000000000000 0.6666666666666666
1.0000000000000000 0.8333333333333334
1.0000000000000000 1.0000000000000000
# element connectivity: number of elements followed by the connectivity
72
3 10 4 3
3 3 2 9
3 11 4 10
3 13 14 7
3 26 27 20
3 20 14 13
3 20 21 14
3 28 21 27
3 16 15 22
3 34 27 33
3 18 17 24
3 2 1 8
3 39 40 33
3 47 48 41
3 40 41 34
3 38 45 39
3 41 35 34
3 9 2 8
3 30 31 24
3 9 8 15
3 39 33 32
3 16 9 15
3 24 17 23
3 17 11 10
3 29 30 23
3 25 26 19
3 10 3 9
3 16 10 9
3 17 18 11
3 17 16 23
3 17 10 16
3 12 5 11
3 26 20 19
3 5 4 11
3 7 6 13
3 5 12 6
3 25 18 24
3 12 19 13
3 27 21 20
3 18 12 11
3 13 6 12
3 13 19 20
3 12 18 19
3 18 25 19
3 33 27 26
3 40 34 33
3 35 28 34
3 32 31 38
3 37 36 43
3 34 28 27
3 41 42 35
3 39 46 40
3 49 42 48
3 47 41 40
3 48 42 41
3 45 46 39
3 46 47 40
3 38 37 44
3 30 24 23
3 44 45 38
3 31 25 24
3 32 26 25
3 38 31 37
3 38 39 32
3 26 32 33
3 25 31 32
3 23 16 22
3 37 30 36
3 23 22 29
3 36 30 29
3 37 31 30
3 43 44 37
# indices of nodes located on the boundary
1 2 3 4 5 6 7 8 14 15 21 22 28 29 35 36 42 43 44 45 46 47 48 49 
