# domain type
Quadrilateral
# nodal coordinates: number of nodes followed by the coordinates
49
0.0000000000000000 0.0000000000000000
0.0000000000000000 0.1666666666666667
0.0000000000000000 0.3333333333333333
0.0000000000000000 0.5000000000000000
0.0000000000000000 0.6666666666666666
0.0000000000000000 0.8333333333333334
0.0000000000000000 1.0000000000000000
0.1666666666666667 0.0000000000000000
0.1666666666666667 0.1666666666666667
0.1666666666666667 0.3333333333333333
0.1666666666666667 0.5000000000000000
0.1666666666666667 0.6666666666666666
0.1666666666666667 0.8333333333333334
0.1666666666666667 1.0000000000000000
0.3333333333333333 0.0000000000000000
0.3333333333333333 0.1666666666666667
0.3333333333333333 0.3333333333333333
0.3333333333333333 0.5000000000000000
0.3333333333333333 0.6666666666666666
0.3333333333333333 0.8333333333333334
0.3333333333333333 1.0000000000000000
0.5000000000000000 0.0000000000000000
0.5000000000000000 0.1666666666666667
0.5000000000000000 0.3333333333333333
0.5000000000000000 0.5000000000000000
0.5000000000000000 0.6666666666666666
0.5000000000000000 0.8333333333333334
0.5000000000000000 1.0000000000000000
0.6666666666666666 0.0000000000000000
0.6666666666666666 0.1666666666666667
0.6666666666666666 0.3333333333333333
0.6666666666666666 0.5000000000000000
0.6666666666666666 0.6666666666666666
0.6666666666666666 0.8333333333333334
0.6666666666666666 1.0000000000000000
0.8333333333333334 0.0000000000000000
0.8333333333333334 0.1666666666666667
0.8333333333333334 0.3333333333333333
0.8333333333333334 0.5000000000000000
0.8333333333333334 0.6666666666666666
0.8333333333333334 0.8333333333333334
0.8333333333333334 1.0000000000000000
1.0000000000000000 0.0000000000000000
1.0000000000000000 0.1666666666666667
1.0000000000000000 0.3333333333333333
1.0000000000000000 0.5000000000000000
1.0000000000000000 0.6666666666666666
1.0000000000000000 0.8333333333333334
1.0000000000000000 1.0000000000000000
# element connectivity: number of elements followed by the connectivity
36
4 1 8 9 2 
4 2 9 10 3 
4 3 10 11 4 
4 4 11 12 5 
4 5 12 13 6 
4 6 13 14 7 
4 8 15 16 9 
4 9 16 17 10 
4 10 17 18 11 
4 11 18 19 12 
4 12 19 20 13 
4 13 20 21 14 
4 15 22 23 16 
4 16 23 24 17 
4 17 24 25 18 
4 18 25 26 19 
4 19 26 27 20 
4 20 27 28 21 
4 22 29 30 23 
4 23 30 31 24 
4 24 31 32 25 
4 25 32 33 26 
4 26 33 34 27 
4 27 34 35 28 
4 29 36 37 30 
4 30 37 38 31 
4 31 38 39 32 
4 32 39 40 33 
4 33 40 41 34 
4 34 41 42 35 
4 36 43 44 37 
4 37 44 45 38 
4 38 45 46 39 
4 39 46 47 40 
4 40 47 48 41 
4 41 48 49 42 
# indices of nodes located on the boundary
1 2 3 4 5 6 7 8 14 15 21 22 28 29 35 36 42 43 44 45 46 47 48 49 
