# domain type
Quadrilateral
# nodal coordinates: number of nodes followed by the coordinates
100
0.0000000000000000 0.0000000000000000
0.0000000000000000 0.1111111111111111
0.0000000000000000 0.2222222222222222
0.0000000000000000 0.3333333333333333
0.0000000000000000 0.4444444444444444
0.0000000000000000 0.5555555555555556
0.0000000000000000 0.6666666666666666
0.0000000000000000 0.7777777777777778
0.0000000000000000 0.8888888888888888
0.0000000000000000 1.0000000000000000
0.1111111111111111 0.0000000000000000
0.1111111111111111 0.1111111111111111
0.1111111111111111 0.2222222222222222
0.1111111111111111 0.3333333333333333
0.1111111111111111 0.4444444444444444
0.1111111111111111 0.5555555555555556
0.1111111111111111 0.6666666666666666
0.1111111111111111 0.7777777777777778
0.1111111111111111 0.8888888888888888
0.1111111111111111 1.0000000000000000
0.2222222222222222 0.0000000000000000
0.2222222222222222 0.1111111111111111
0.2222222222222222 0.2222222222222222
0.2222222222222222 0.3333333333333333
0.2222222222222222 0.4444444444444444
0.2222222222222222 0.5555555555555556
0.2222222222222222 0.6666666666666666
0.2222222222222222 0.7777777777777778
0.2222222222222222 0.8888888888888888
0.2222222222222222 1.0000000000000000
0.3333333333333333 0.0000000000000000
0.3333333333333333 0.1111111111111111
0.3333333333333333 0.2222222222222222
0.3333333333333333 0.3333333333333333
0.3333333333333333 0.4444444444444444
0.3333333333333333 0.5555555555555556
0.3333333333333333 0.6666666666666666
0.3333333333333333 0.7777777777777778
0.3333333333333333 0.8888888888888888
0.3333333333333333 1.0000000000000000
0.4444444444444444 0.0000000000000000
0.4444444444444444 0.1111111111111111
0.4444444444444444 0.2222222222222222
0.4444444444444444 0.3333333333333333
0.4444444444444444 0.4444444444444444
0.4444444444444444 0.5555555555555556
0.4444444444444444 0.6666666666666666
0.4444444444444444 0.7777777777777778
0.4444444444444444 0.8888888888888888
0.4444444444444444 1.0000000000000000
0.5555555555555556 0.0000000000000000
0.5555555555555556 0.1111111111111111
0.5555555555555556 0.2222222222222222
0.5555555555555556 0.3333333333333333
0.5555555555555556 0.4444444444444444
0.5555555555555556 0.5555555555555556
0.5555555555555556 0.6666666666666666
0.5555555555555556 0.7777777777777778
0.5555555555555556 0.8888888888888888
0.5555555555555556 1.0000000000000000
0.6666666666666666 0.0000000000000000
0.6666666666666666 0.1111111111111111
0.6666666666666666 0.2222222222222222
0.6666666666666666 0.3333333333333333
0.6666666666666666 0.4444444444444444
0.6666666666666666 0.5555555555555556
0.6666666666666666 0.6666666666666666
0.6666666666666666 0.7777777777777778
0.6666666666666666 0.8888888888888888
0.6666666666666666 1.0000000000000000
0.7777777777777778 0.0000000000000000
0.7777777777777778 0.1111111111111111
0.7777777777777778 0.2222222222222222
0.7777777777777778 0.3333333333333333
0.7777777777777778 0.4444444444444444
0.7777777777777778 0.5555555555555556
0.7777777777777778 0.6666666666666666
0.7777777777777778 0.7777777777777778
0.7777777777777778 0.8888888888888888
0.7777777777777778 1.0000000000000000
0.8888888888888888 0.0000000000000000
0.8888888888888888 0.1111111111111111
0.8888888888888888 0.2222222222222222
0.8888888888888888 0.3333333333333333
0.8888888888888888 0.4444444444444444
0.8888888888888888 0.5555555555555556
0.8888888888888888 0.6666666666666666
0.8888888888888888 0.7777777777777778
0.8888888888888888 0.8888888888888888
0.8888888888888888 1.0000000000000000
1.0000000000000000 0.0000000000000000
1.0000000000000000 0.1111111111111111
1.0000000000000000 0.2222222222222222
1.0000000000000000 0.3333333333333333
1.0000000000000000 0.4444444444444444
1.0000000000000000 0.5555555555555556
1.0000000000000000 0.6666666666666666
1.0000000000000000 0.7777777777777778
1.0000000000000000 0.8888888888888888
1.0000000000000000 1.0000000000000000
# element connectivity: number of elements followed by the connectivity
81
4 1 11 12 2 
4 2 12 13 3 
4 3 13 14 4 
4 4 14 15 5 
4 5 15 16 6 
4 6 16 17 7 
4 7 17 18 8 
4 8 18 19 9 
4 9 19 20 10 
4 11 21 22 12 
4 12 22 23 13 
4 13 23 24 14 
4 14 24 25 15 
4 15 25 26 16 
4 16 26 27 17 
4 17 27 28 18 
4 18 28 29 19 
4 19 29 30 20 
4 21 31 32 22 
4 22 32 33 23 
4 23 33 34 24 
4 24 34 35 25 
4 25 35 36 26 
4 26 36 37 27 
4 27 37 38 28 
4 28 38 39 29 
4 29 39 40 30 
4 31 41 42 32 
4 32 42 43 33 
4 33 43 44 34 
4 34 44 45 35 
4 35 45 46 36 
4 36 46 47 37 
4 37 47 48 38 
4 38 48 49 39 
4 39 49 50 40 
4 41 51 52 42 
4 42 52 53 43 
4 43 53 54 44 
4 44 54 55 45 
4 45 55 56 46 
4 46 56 57 47 
4 47 57 58 48 
4 48 58 59 49 
4 49 59 60 50 
4 51 61 62 52 
4 52 62 63 53 
4 53 63 64 54 
4 54 64 65 55 
4 55 65 66 56 
4 56 66 67 57 
4 57 67 68 58 
4 58 68 69 59 
4 59 69 70 60 
4 61 71 72 62 
4 62 72 73 63 
4 63 73 74 64 
4 64 74 75 65 
4 65 75 76 66 
4 66 76 77 67 
4 67 77 78 68 
4 68 78 79 69 
4 69 79 80 70 
4 71 81 82 72 
4 72 82 83 73 
4 73 83 84 74 
4 74 84 85 75 
4 75 85 86 76 
4 76 86 87 77 
4 77 87 88 78 
4 78 88 89 79 
4 79 89 90 80 
4 81 91 92 82 
4 82 92 93 83 
4 83 93 94 84 
4 84 94 95 85 
4 85 95 96 86 
4 86 96 97 87 
4 87 97 98 88 
4 88 98 99 89 
4 89 99 100 90 
# indices of nodes located on the boundary
1 2 3 4 5 6 7 8 9 10 11 20 21 30 31 40 41 50 51 60 61 70 71 80 81 90 91 92 93 94 95 96 97 98 99 100 
