# domain type
Quadrilateral
# nodal coordinates: number of nodes followed by the coordinates
1369
0.0000000000000000 0.0000000000000000
0.0000000000000000 0.0277777777777778
0.0000000000000000 0.0555555555555556
0.0000000000000000 0.0833333333333333
0.0000000000000000 0.1111111111111111
0.0000000000000000 0.1388888888888889
0.0000000000000000 0.1666666666666667
0.0000000000000000 0.1944444444444444
0.0000000000000000 0.2222222222222222
0.0000000000000000 0.2500000000000000
0.0000000000000000 0.2777777777777778
0.0000000000000000 0.3055555555555556
0.0000000000000000 0.3333333333333333
0.0000000000000000 0.3611111111111111
0.0000000000000000 0.3888888888888889
0.0000000000000000 0.4166666666666667
0.0000000000000000 0.4444444444444444
0.0000000000000000 0.4722222222222222
0.0000000000000000 0.5000000000000000
0.0000000000000000 0.5277777777777778
0.0000000000000000 0.5555555555555556
0.0000000000000000 0.5833333333333334
0.0000000000000000 0.6111111111111112
0.0000000000000000 0.6388888888888888
0.0000000000000000 0.6666666666666666
0.0000000000000000 0.6944444444444444
0.0000000000000000 0.7222222222222222
0.0000000000000000 0.7500000000000000
0.0000000000000000 0.7777777777777778
0.0000000000000000 0.8055555555555556
0.0000000000000000 0.8333333333333334
0.0000000000000000 0.8611111111111112
0.0000000000000000 0.8888888888888888
0.0000000000000000 0.9166666666666666
0.0000000000000000 0.9444444444444444
0.0000000000000000 0.9722222222222222
0.0000000000000000 1.0000000000000000
0.0277777777777778 0.0000000000000000
0.0277777777777778 0.0277777777777778
0.0277777777777778 0.0555555555555556
0.0277777777777778 0.0833333333333333
0.0277777777777778 0.1111111111111111
0.0277777777777778 0.1388888888888889
0.0277777777777778 0.1666666666666667
0.0277777777777778 0.1944444444444444
0.0277777777777778 0.2222222222222222
0.0277777777777778 0.2500000000000000
0.0277777777777778 0.2777777777777778
0.0277777777777778 0.3055555555555556
0.0277777777777778 0.3333333333333333
0.0277777777777778 0.3611111111111111
0.0277777777777778 0.3888888888888889
0.0277777777777778 0.4166666666666667
0.0277777777777778 0.4444444444444444
0.0277777777777778 0.4722222222222222
0.0277777777777778 0.5000000000000000
0.0277777777777778 0.5277777777777778
0.0277777777777778 0.5555555555555556
0.0277777777777778 0.5833333333333334
0.0277777777777778 0.6111111111111112
0.0277777777777778 0.6388888888888888
0.0277777777777778 0.6666666666666666
0.0277777777777778 0.6944444444444444
0.0277777777777778 0.7222222222222222
0.0277777777777778 0.7500000000000000
0.0277777777777778 0.7777777777777778
0.0277777777777778 0.8055555555555556
0.0277777777777778 0.8333333333333334
0.0277777777777778 0.8611111111111112
0.0277777777777778 0.8888888888888888
0.0277777777777778 0.9166666666666666
0.0277777777777778 0.9444444444444444
0.0277777777777778 0.9722222222222222
0.0277777777777778 1.0000000000000000
0.0555555555555556 0.0000000000000000
0.0555555555555556 0.0277777777777778
0.0555555555555556 0.0555555555555556
0.0555555555555556 0.0833333333333333
0.0555555555555556 0.1111111111111111
0.0555555555555556 0.1388888888888889
0.0555555555555556 0.1666666666666667
0.0555555555555556 0.1944444444444444
0.0555555555555556 0.2222222222222222
0.0555555555555556 0.2500000000000000
0.0555555555555556 0.2777777777777778
0.0555555555555556 0.3055555555555556
0.0555555555555556 0.3333333333333333
0.0555555555555556 0.3611111111111111
0.0555555555555556 0.3888888888888889
0.0555555555555556 0.4166666666666667
0.0555555555555556 0.4444444444444444
0.0555555555555556 0.4722222222222222
0.0555555555555556 0.5000000000000000
0.0555555555555556 0.5277777777777778
0.0555555555555556 0.5555555555555556
0.0555555555555556 0.5833333333333334
0.0555555555555556 0.6111111111111112
0.0555555555555556 0.6388888888888888
0.0555555555555556 0.6666666666666666
0.0555555555555556 0.6944444444444444
0.0555555555555556 0.7222222222222222
0.0555555555555556 0.7500000000000000
0.0555555555555556 0.7777777777777778
0.0555555555555556 0.8055555555555556
0.0555555555555556 0.8333333333333334
0.0555555555555556 0.8611111111111112
0.0555555555555556 0.8888888888888888
0.0555555555555556 0.9166666666666666
0.0555555555555556 0.9444444444444444
0.0555555555555556 0.9722222222222222
0.0555555555555556 1.0000000000000000
0.0833333333333333 0.0000000000000000
0.0833333333333333 0.0277777777777778
0.0833333333333333 0.0555555555555556
0.0833333333333333 0.0833333333333333
0.0833333333333333 0.1111111111111111
0.0833333333333333 0.1388888888888889
0.0833333333333333 0.1666666666666667
0.0833333333333333 0.1944444444444444
0.0833333333333333 0.2222222222222222
0.0833333333333333 0.2500000000000000
0.0833333333333333 0.2777777777777778
0.0833333333333333 0.3055555555555556
0.0833333333333333 0.3333333333333333
0.0833333333333333 0.3611111111111111
0.0833333333333333 0.3888888888888889
0.0833333333333333 0.4166666666666667
0.0833333333333333 0.4444444444444444
0.0833333333333333 0.4722222222222222
0.0833333333333333 0.5000000000000000
0.0833333333333333 0.5277777777777778
0.0833333333333333 0.5555555555555556
0.0833333333333333 0.5833333333333334
0.0833333333333333 0.6111111111111112
0.0833333333333333 0.6388888888888888
0.0833333333333333 0.6666666666666666
0.0833333333333333 0.6944444444444444
0.0833333333333333 0.7222222222222222
0.0833333333333333 0.7500000000000000
0.0833333333333333 0.7777777777777778
0.0833333333333333 0.8055555555555556
0.0833333333333333 0.8333333333333334
0.0833333333333333 0.8611111111111112
0.0833333333333333 0.8888888888888888
0.0833333333333333 0.9166666666666666
0.0833333333333333 0.9444444444444444
0.0833333333333333 0.9722222222222222
0.0833333333333333 1.0000000000000000
0.1111111111111111 0.0000000000000000
0.1111111111111111 0.0277777777777778
0.1111111111111111 0.0555555555555556
0.1111111111111111 0.0833333333333333
0.1111111111111111 0.1111111111111111
0.1111111111111111 0.1388888888888889
0.1111111111111111 0.1666666666666667
0.1111111111111111 0.1944444444444444
0.1111111111111111 0.2222222222222222
0.1111111111111111 0.2500000000000000
0.1111111111111111 0.2777777777777778
0.1111111111111111 0.3055555555555556
0.1111111111111111 0.3333333333333333
0.1111111111111111 0.3611111111111111
0.1111111111111111 0.3888888888888889
0.1111111111111111 0.4166666666666667
0.1111111111111111 0.4444444444444444
0.1111111111111111 0.4722222222222222
0.1111111111111111 0.5000000000000000
0.1111111111111111 0.5277777777777778
0.1111111111111111 0.5555555555555556
0.1111111111111111 0.5833333333333334
0.1111111111111111 0.6111111111111112
0.1111111111111111 0.6388888888888888
0.1111111111111111 0.6666666666666666
0.1111111111111111 0.6944444444444444
0.1111111111111111 0.7222222222222222
0.1111111111111111 0.7500000000000000
0.1111111111111111 0.7777777777777778
0.1111111111111111 0.8055555555555556
0.1111111111111111 0.8333333333333334
0.1111111111111111 0.8611111111111112
0.1111111111111111 0.8888888888888888
0.1111111111111111 0.9166666666666666
0.1111111111111111 0.9444444444444444
0.1111111111111111 0.9722222222222222
0.1111111111111111 1.0000000000000000
0.1388888888888889 0.0000000000000000
0.1388888888888889 0.0277777777777778
0.1388888888888889 0.0555555555555556
0.1388888888888889 0.0833333333333333
0.1388888888888889 0.1111111111111111
0.1388888888888889 0.1388888888888889
0.1388888888888889 0.1666666666666667
0.1388888888888889 0.1944444444444444
0.1388888888888889 0.2222222222222222
0.1388888888888889 0.2500000000000000
0.1388888888888889 0.2777777777777778
0.1388888888888889 0.3055555555555556
0.1388888888888889 0.3333333333333333
0.1388888888888889 0.3611111111111111
0.1388888888888889 0.3888888888888889
0.1388888888888889 0.4166666666666667
0.1388888888888889 0.4444444444444444
0.1388888888888889 0.4722222222222222
0.1388888888888889 0.5000000000000000
0.1388888888888889 0.5277777777777778
0.1388888888888889 0.5555555555555556
0.1388888888888889 0.5833333333333334
0.1388888888888889 0.6111111111111112
0.1388888888888889 0.6388888888888888
0.1388888888888889 0.6666666666666666
0.1388888888888889 0.6944444444444444
0.1388888888888889 0.7222222222222222
0.1388888888888889 0.7500000000000000
0.1388888888888889 0.7777777777777778
0.1388888888888889 0.8055555555555556
0.1388888888888889 0.8333333333333334
0.1388888888888889 0.8611111111111112
0.1388888888888889 0.8888888888888888
0.1388888888888889 0.9166666666666666
0.1388888888888889 0.9444444444444444
0.1388888888888889 0.9722222222222222
0.1388888888888889 1.0000000000000000
0.1666666666666667 0.0000000000000000
0.1666666666666667 0.0277777777777778
0.1666666666666667 0.0555555555555556
0.1666666666666667 0.0833333333333333
0.1666666666666667 0.1111111111111111
0.1666666666666667 0.1388888888888889
0.1666666666666667 0.1666666666666667
0.1666666666666667 0.1944444444444444
0.1666666666666667 0.2222222222222222
0.1666666666666667 0.2500000000000000
0.1666666666666667 0.2777777777777778
0.1666666666666667 0.3055555555555556
0.1666666666666667 0.3333333333333333
0.1666666666666667 0.3611111111111111
0.1666666666666667 0.3888888888888889
0.1666666666666667 0.4166666666666667
0.1666666666666667 0.4444444444444444
0.1666666666666667 0.4722222222222222
0.1666666666666667 0.5000000000000000
0.1666666666666667 0.5277777777777778
0.1666666666666667 0.5555555555555556
0.1666666666666667 0.5833333333333334
0.1666666666666667 0.6111111111111112
0.1666666666666667 0.6388888888888888
0.1666666666666667 0.6666666666666666
0.1666666666666667 0.6944444444444444
0.1666666666666667 0.7222222222222222
0.1666666666666667 0.7500000000000000
0.1666666666666667 0.7777777777777778
0.1666666666666667 0.8055555555555556
0.1666666666666667 0.8333333333333334
0.1666666666666667 0.8611111111111112
0.1666666666666667 0.8888888888888888
0.1666666666666667 0.9166666666666666
0.1666666666666667 0.9444444444444444
0.1666666666666667 0.9722222222222222
0.1666666666666667 1.0000000000000000
0.1944444444444444 0.0000000000000000
0.1944444444444444 0.0277777777777778
0.1944444444444444 0.0555555555555556
0.1944444444444444 0.0833333333333333
0.1944444444444444 0.1111111111111111
0.1944444444444444 0.1388888888888889
0.1944444444444444 0.1666666666666667
0.1944444444444444 0.1944444444444444
0.1944444444444444 0.2222222222222222
0.1944444444444444 0.2500000000000000
0.1944444444444444 0.2777777777777778
0.1944444444444444 0.3055555555555556
0.1944444444444444 0.3333333333333333
0.1944444444444444 0.3611111111111111
0.1944444444444444 0.3888888888888889
0.1944444444444444 0.4166666666666667
0.1944444444444444 0.4444444444444444
0.1944444444444444 0.4722222222222222
0.1944444444444444 0.5000000000000000
0.1944444444444444 0.5277777777777778
0.1944444444444444 0.5555555555555556
0.1944444444444444 0.5833333333333334
0.1944444444444444 0.6111111111111112
0.1944444444444444 0.6388888888888888
0.1944444444444444 0.6666666666666666
0.1944444444444444 0.6944444444444444
0.1944444444444444 0.7222222222222222
0.1944444444444444 0.7500000000000000
0.1944444444444444 0.7777777777777778
0.1944444444444444 0.8055555555555556
0.1944444444444444 0.8333333333333334
0.1944444444444444 0.8611111111111112
0.1944444444444444 0.8888888888888888
0.1944444444444444 0.9166666666666666
0.1944444444444444 0.9444444444444444
0.1944444444444444 0.9722222222222222
0.1944444444444444 1.0000000000000000
0.2222222222222222 0.0000000000000000
0.2222222222222222 0.0277777777777778
0.2222222222222222 0.0555555555555556
0.2222222222222222 0.0833333333333333
0.2222222222222222 0.1111111111111111
0.2222222222222222 0.1388888888888889
0.2222222222222222 0.1666666666666667
0.2222222222222222 0.1944444444444444
0.2222222222222222 0.2222222222222222
0.2222222222222222 0.2500000000000000
0.2222222222222222 0.2777777777777778
0.2222222222222222 0.3055555555555556
0.2222222222222222 0.3333333333333333
0.2222222222222222 0.3611111111111111
0.2222222222222222 0.3888888888888889
0.2222222222222222 0.4166666666666667
0.2222222222222222 0.4444444444444444
0.2222222222222222 0.4722222222222222
0.2222222222222222 0.5000000000000000
0.2222222222222222 0.5277777777777778
0.2222222222222222 0.5555555555555556
0.2222222222222222 0.5833333333333334
0.2222222222222222 0.6111111111111112
0.2222222222222222 0.6388888888888888
0.2222222222222222 0.6666666666666666
0.2222222222222222 0.6944444444444444
0.2222222222222222 0.7222222222222222
0.2222222222222222 0.7500000000000000
0.2222222222222222 0.7777777777777778
0.2222222222222222 0.8055555555555556
0.2222222222222222 0.8333333333333334
0.2222222222222222 0.8611111111111112
0.2222222222222222 0.8888888888888888
0.2222222222222222 0.9166666666666666
0.2222222222222222 0.9444444444444444
0.2222222222222222 0.9722222222222222
0.2222222222222222 1.0000000000000000
0.2500000000000000 0.0000000000000000
0.2500000000000000 0.0277777777777778
0.2500000000000000 0.0555555555555556
0.2500000000000000 0.0833333333333333
0.2500000000000000 0.1111111111111111
0.2500000000000000 0.1388888888888889
0.2500000000000000 0.1666666666666667
0.2500000000000000 0.1944444444444444
0.2500000000000000 0.2222222222222222
0.2500000000000000 0.2500000000000000
0.2500000000000000 0.2777777777777778
0.2500000000000000 0.3055555555555556
0.2500000000000000 0.3333333333333333
0.2500000000000000 0.3611111111111111
0.2500000000000000 0.3888888888888889
0.2500000000000000 0.4166666666666667
0.2500000000000000 0.4444444444444444
0.2500000000000000 0.4722222222222222
0.2500000000000000 0.5000000000000000
0.2500000000000000 0.5277777777777778
0.2500000000000000 0.5555555555555556
0.2500000000000000 0.5833333333333334
0.2500000000000000 0.6111111111111112
0.2500000000000000 0.6388888888888888
0.2500000000000000 0.6666666666666666
0.2500000000000000 0.6944444444444444
0.2500000000000000 0.7222222222222222
0.2500000000000000 0.7500000000000000
0.2500000000000000 0.7777777777777778
0.2500000000000000 0.8055555555555556
0.2500000000000000 0.8333333333333334
0.2500000000000000 0.8611111111111112
0.2500000000000000 0.8888888888888888
0.2500000000000000 0.9166666666666666
0.2500000000000000 0.9444444444444444
0.2500000000000000 0.9722222222222222
0.2500000000000000 1.0000000000000000
0.2777777777777778 0.0000000000000000
0.2777777777777778 0.0277777777777778
0.2777777777777778 0.0555555555555556
0.2777777777777778 0.0833333333333333
0.2777777777777778 0.1111111111111111
0.2777777777777778 0.1388888888888889
0.2777777777777778 0.1666666666666667
0.2777777777777778 0.1944444444444444
0.2777777777777778 0.2222222222222222
0.2777777777777778 0.2500000000000000
0.2777777777777778 0.2777777777777778
0.2777777777777778 0.3055555555555556
0.2777777777777778 0.3333333333333333
0.2777777777777778 0.3611111111111111
0.2777777777777778 0.3888888888888889
0.2777777777777778 0.4166666666666667
0.2777777777777778 0.4444444444444444
0.2777777777777778 0.4722222222222222
0.2777777777777778 0.5000000000000000
0.2777777777777778 0.5277777777777778
0.2777777777777778 0.5555555555555556
0.2777777777777778 0.5833333333333334
0.2777777777777778 0.6111111111111112
0.2777777777777778 0.6388888888888888
0.2777777777777778 0.6666666666666666
0.2777777777777778 0.6944444444444444
0.2777777777777778 0.7222222222222222
0.2777777777777778 0.7500000000000000
0.2777777777777778 0.7777777777777778
0.2777777777777778 0.8055555555555556
0.2777777777777778 0.8333333333333334
0.2777777777777778 0.8611111111111112
0.2777777777777778 0.8888888888888888
0.2777777777777778 0.9166666666666666
0.2777777777777778 0.9444444444444444
0.2777777777777778 0.9722222222222222
0.2777777777777778 1.0000000000000000
0.3055555555555556 0.0000000000000000
0.3055555555555556 0.0277777777777778
0.3055555555555556 0.0555555555555556
0.3055555555555556 0.0833333333333333
0.3055555555555556 0.1111111111111111
0.3055555555555556 0.1388888888888889
0.3055555555555556 0.1666666666666667
0.3055555555555556 0.1944444444444444
0.3055555555555556 0.2222222222222222
0.3055555555555556 0.2500000000000000
0.3055555555555556 0.2777777777777778
0.3055555555555556 0.3055555555555556
0.3055555555555556 0.3333333333333333
0.3055555555555556 0.3611111111111111
0.3055555555555556 0.3888888888888889
0.3055555555555556 0.4166666666666667
0.3055555555555556 0.4444444444444444
0.3055555555555556 0.4722222222222222
0.3055555555555556 0.5000000000000000
0.3055555555555556 0.5277777777777778
0.3055555555555556 0.5555555555555556
0.3055555555555556 0.5833333333333334
0.3055555555555556 0.6111111111111112
0.3055555555555556 0.6388888888888888
0.3055555555555556 0.6666666666666666
0.3055555555555556 0.6944444444444444
0.3055555555555556 0.7222222222222222
0.3055555555555556 0.7500000000000000
0.3055555555555556 0.7777777777777778
0.3055555555555556 0.8055555555555556
0.3055555555555556 0.8333333333333334
0.3055555555555556 0.8611111111111112
0.3055555555555556 0.8888888888888888
0.3055555555555556 0.9166666666666666
0.3055555555555556 0.9444444444444444
0.3055555555555556 0.9722222222222222
0.3055555555555556 1.0000000000000000
0.3333333333333333 0.0000000000000000
0.3333333333333333 0.0277777777777778
0.3333333333333333 0.0555555555555556
0.3333333333333333 0.0833333333333333
0.3333333333333333 0.1111111111111111
0.3333333333333333 0.1388888888888889
0.3333333333333333 0.1666666666666667
0.3333333333333333 0.1944444444444444
0.3333333333333333 0.2222222222222222
0.3333333333333333 0.2500000000000000
0.3333333333333333 0.2777777777777778
0.3333333333333333 0.3055555555555556
0.3333333333333333 0.3333333333333333
0.3333333333333333 0.3611111111111111
0.3333333333333333 0.3888888888888889
0.3333333333333333 0.4166666666666667
0.3333333333333333 0.4444444444444444
0.3333333333333333 0.4722222222222222
0.3333333333333333 0.5000000000000000
0.3333333333333333 0.5277777777777778
0.3333333333333333 0.5555555555555556
0.3333333333333333 0.5833333333333334
0.3333333333333333 0.6111111111111112
0.3333333333333333 0.6388888888888888
0.3333333333333333 0.6666666666666666
0.3333333333333333 0.6944444444444444
0.3333333333333333 0.7222222222222222
0.3333333333333333 0.7500000000000000
0.3333333333333333 0.7777777777777778
0.3333333333333333 0.8055555555555556
0.3333333333333333 0.8333333333333334
0.3333333333333333 0.8611111111111112
0.3333333333333333 0.8888888888888888
0.3333333333333333 0.9166666666666666
0.3333333333333333 0.9444444444444444
0.3333333333333333 0.9722222222222222
0.3333333333333333 1.0000000000000000
0.3611111111111111 0.0000000000000000
0.3611111111111111 0.0277777777777778
0.3611111111111111 0.0555555555555556
0.3611111111111111 0.0833333333333333
0.3611111111111111 0.1111111111111111
0.3611111111111111 0.1388888888888889
0.3611111111111111 0.1666666666666667
0.3611111111111111 0.1944444444444444
0.3611111111111111 0.2222222222222222
0.3611111111111111 0.2500000000000000
0.3611111111111111 0.2777777777777778
0.3611111111111111 0.3055555555555556
0.3611111111111111 0.3333333333333333
0.3611111111111111 0.3611111111111111
0.3611111111111111 0.3888888888888889
0.3611111111111111 0.4166666666666667
0.3611111111111111 0.4444444444444444
0.3611111111111111 0.4722222222222222
0.3611111111111111 0.5000000000000000
0.3611111111111111 0.5277777777777778
0.3611111111111111 0.5555555555555556
0.3611111111111111 0.5833333333333334
0.3611111111111111 0.6111111111111112
0.3611111111111111 0.6388888888888888
0.3611111111111111 0.6666666666666666
0.3611111111111111 0.6944444444444444
0.3611111111111111 0.7222222222222222
0.3611111111111111 0.7500000000000000
0.3611111111111111 0.7777777777777778
0.3611111111111111 0.8055555555555556
0.3611111111111111 0.8333333333333334
0.3611111111111111 0.8611111111111112
0.3611111111111111 0.8888888888888888
0.3611111111111111 0.9166666666666666
0.3611111111111111 0.9444444444444444
0.3611111111111111 0.9722222222222222
0.3611111111111111 1.0000000000000000
0.3888888888888889 0.0000000000000000
0.3888888888888889 0.0277777777777778
0.3888888888888889 0.0555555555555556
0.3888888888888889 0.0833333333333333
0.3888888888888889 0.1111111111111111
0.3888888888888889 0.1388888888888889
0.3888888888888889 0.1666666666666667
0.3888888888888889 0.1944444444444444
0.3888888888888889 0.2222222222222222
0.3888888888888889 0.2500000000000000
0.3888888888888889 0.2777777777777778
0.3888888888888889 0.3055555555555556
0.3888888888888889 0.3333333333333333
0.3888888888888889 0.3611111111111111
0.3888888888888889 0.3888888888888889
0.3888888888888889 0.4166666666666667
0.3888888888888889 0.4444444444444444
0.3888888888888889 0.4722222222222222
0.3888888888888889 0.5000000000000000
0.3888888888888889 0.5277777777777778
0.3888888888888889 0.5555555555555556
0.3888888888888889 0.5833333333333334
0.3888888888888889 0.6111111111111112
0.3888888888888889 0.6388888888888888
0.3888888888888889 0.6666666666666666
0.3888888888888889 0.6944444444444444
0.3888888888888889 0.7222222222222222
0.3888888888888889 0.7500000000000000
0.3888888888888889 0.7777777777777778
0.3888888888888889 0.8055555555555556
0.3888888888888889 0.8333333333333334
0.3888888888888889 0.8611111111111112
0.3888888888888889 0.8888888888888888
0.3888888888888889 0.9166666666666666
0.3888888888888889 0.9444444444444444
0.3888888888888889 0.9722222222222222
0.3888888888888889 1.0000000000000000
0.4166666666666667 0.0000000000000000
0.4166666666666667 0.0277777777777778
0.4166666666666667 0.0555555555555556
0.4166666666666667 0.0833333333333333
0.4166666666666667 0.1111111111111111
0.4166666666666667 0.1388888888888889
0.4166666666666667 0.1666666666666667
0.4166666666666667 0.1944444444444444
0.4166666666666667 0.2222222222222222
0.4166666666666667 0.2500000000000000
0.4166666666666667 0.2777777777777778
0.4166666666666667 0.3055555555555556
0.4166666666666667 0.3333333333333333
0.4166666666666667 0.3611111111111111
0.4166666666666667 0.3888888888888889
0.4166666666666667 0.4166666666666667
0.4166666666666667 0.4444444444444444
0.4166666666666667 0.4722222222222222
0.4166666666666667 0.5000000000000000
0.4166666666666667 0.5277777777777778
0.4166666666666667 0.5555555555555556
0.4166666666666667 0.5833333333333334
0.4166666666666667 0.6111111111111112
0.4166666666666667 0.6388888888888888
0.4166666666666667 0.6666666666666666
0.4166666666666667 0.6944444444444444
0.4166666666666667 0.7222222222222222
0.4166666666666667 0.7500000000000000
0.4166666666666667 0.7777777777777778
0.4166666666666667 0.8055555555555556
0.4166666666666667 0.8333333333333334
0.4166666666666667 0.8611111111111112
0.4166666666666667 0.8888888888888888
0.4166666666666667 0.9166666666666666
0.4166666666666667 0.9444444444444444
0.4166666666666667 0.9722222222222222
0.4166666666666667 1.0000000000000000
0.4444444444444444 0.0000000000000000
0.4444444444444444 0.0277777777777778
0.4444444444444444 0.0555555555555556
0.4444444444444444 0.0833333333333333
0.4444444444444444 0.1111111111111111
0.4444444444444444 0.1388888888888889
0.4444444444444444 0.1666666666666667
0.4444444444444444 0.1944444444444444
0.4444444444444444 0.2222222222222222
0.4444444444444444 0.2500000000000000
0.4444444444444444 0.2777777777777778
0.4444444444444444 0.3055555555555556
0.4444444444444444 0.3333333333333333
0.4444444444444444 0.3611111111111111
0.4444444444444444 0.3888888888888889
0.4444444444444444 0.4166666666666667
0.4444444444444444 0.4444444444444444
0.4444444444444444 0.4722222222222222
0.4444444444444444 0.5000000000000000
0.4444444444444444 0.5277777777777778
0.4444444444444444 0.5555555555555556
0.4444444444444444 0.5833333333333334
0.4444444444444444 0.6111111111111112
0.4444444444444444 0.6388888888888888
0.4444444444444444 0.6666666666666666
0.4444444444444444 0.6944444444444444
0.4444444444444444 0.7222222222222222
0.4444444444444444 0.7500000000000000
0.4444444444444444 0.7777777777777778
0.4444444444444444 0.8055555555555556
0.4444444444444444 0.8333333333333334
0.4444444444444444 0.8611111111111112
0.4444444444444444 0.8888888888888888
0.4444444444444444 0.9166666666666666
0.4444444444444444 0.9444444444444444
0.4444444444444444 0.9722222222222222
0.4444444444444444 1.0000000000000000
0.4722222222222222 0.0000000000000000
0.4722222222222222 0.0277777777777778
0.4722222222222222 0.0555555555555556
0.4722222222222222 0.0833333333333333
0.4722222222222222 0.1111111111111111
0.4722222222222222 0.1388888888888889
0.4722222222222222 0.1666666666666667
0.4722222222222222 0.1944444444444444
0.4722222222222222 0.2222222222222222
0.4722222222222222 0.2500000000000000
0.4722222222222222 0.2777777777777778
0.4722222222222222 0.3055555555555556
0.4722222222222222 0.3333333333333333
0.4722222222222222 0.3611111111111111
0.4722222222222222 0.3888888888888889
0.4722222222222222 0.4166666666666667
0.4722222222222222 0.4444444444444444
0.4722222222222222 0.4722222222222222
0.4722222222222222 0.5000000000000000
0.4722222222222222 0.5277777777777778
0.4722222222222222 0.5555555555555556
0.4722222222222222 0.5833333333333334
0.4722222222222222 0.6111111111111112
0.4722222222222222 0.6388888888888888
0.4722222222222222 0.6666666666666666
0.4722222222222222 0.6944444444444444
0.4722222222222222 0.7222222222222222
0.4722222222222222 0.7500000000000000
0.4722222222222222 0.7777777777777778
0.4722222222222222 0.8055555555555556
0.4722222222222222 0.8333333333333334
0.4722222222222222 0.8611111111111112
0.4722222222222222 0.8888888888888888
0.4722222222222222 0.9166666666666666
0.4722222222222222 0.9444444444444444
0.4722222222222222 0.9722222222222222
0.4722222222222222 1.0000000000000000
0.5000000000000000 0.0000000000000000
0.5000000000000000 0.0277777777777778
0.5000000000000000 0.0555555555555556
0.5000000000000000 0.0833333333333333
0.5000000000000000 0.1111111111111111
0.5000000000000000 0.1388888888888889
0.5000000000000000 0.1666666666666667
0.5000000000000000 0.1944444444444444
0.5000000000000000 0.2222222222222222
0.5000000000000000 0.2500000000000000
0.5000000000000000 0.2777777777777778
0.5000000000000000 0.3055555555555556
0.5000000000000000 0.3333333333333333
0.5000000000000000 0.3611111111111111
0.5000000000000000 0.3888888888888889
0.5000000000000000 0.4166666666666667
0.5000000000000000 0.4444444444444444
0.5000000000000000 0.4722222222222222
0.5000000000000000 0.5000000000000000
0.5000000000000000 0.5277777777777778
0.5000000000000000 0.5555555555555556
0.5000000000000000 0.5833333333333334
0.5000000000000000 0.6111111111111112
0.5000000000000000 0.6388888888888888
0.5000000000000000 0.6666666666666666
0.5000000000000000 0.6944444444444444
0.5000000000000000 0.7222222222222222
0.5000000000000000 0.7500000000000000
0.5000000000000000 0.7777777777777778
0.5000000000000000 0.8055555555555556
0.5000000000000000 0.8333333333333334
0.5000000000000000 0.8611111111111112
0.5000000000000000 0.8888888888888888
0.5000000000000000 0.9166666666666666
0.5000000000000000 0.9444444444444444
0.5000000000000000 0.9722222222222222
0.5000000000000000 1.0000000000000000
0.5277777777777778 0.0000000000000000
0.5277777777777778 0.0277777777777778
0.5277777777777778 0.0555555555555556
0.5277777777777778 0.0833333333333333
0.5277777777777778 0.1111111111111111
0.5277777777777778 0.1388888888888889
0.5277777777777778 0.1666666666666667
0.5277777777777778 0.1944444444444444
0.5277777777777778 0.2222222222222222
0.5277777777777778 0.2500000000000000
0.5277777777777778 0.2777777777777778
0.5277777777777778 0.3055555555555556
0.5277777777777778 0.3333333333333333
0.5277777777777778 0.3611111111111111
0.5277777777777778 0.3888888888888889
0.5277777777777778 0.4166666666666667
0.5277777777777778 0.4444444444444444
0.5277777777777778 0.4722222222222222
0.5277777777777778 0.5000000000000000
0.5277777777777778 0.5277777777777778
0.5277777777777778 0.5555555555555556
0.5277777777777778 0.5833333333333334
0.5277777777777778 0.6111111111111112
0.5277777777777778 0.6388888888888888
0.5277777777777778 0.6666666666666666
0.5277777777777778 0.6944444444444444
0.5277777777777778 0.7222222222222222
0.5277777777777778 0.7500000000000000
0.5277777777777778 0.7777777777777778
0.5277777777777778 0.8055555555555556
0.5277777777777778 0.8333333333333334
0.5277777777777778 0.8611111111111112
0.5277777777777778 0.8888888888888888
0.5277777777777778 0.9166666666666666
0.5277777777777778 0.9444444444444444
0.5277777777777778 0.9722222222222222
0.5277777777777778 1.0000000000000000
0.5555555555555556 0.0000000000000000
0.5555555555555556 0.0277777777777778
0.5555555555555556 0.0555555555555556
0.5555555555555556 0.0833333333333333
0.5555555555555556 0.1111111111111111
0.5555555555555556 0.1388888888888889
0.5555555555555556 0.1666666666666667
0.5555555555555556 0.1944444444444444
0.5555555555555556 0.2222222222222222
0.5555555555555556 0.2500000000000000
0.5555555555555556 0.2777777777777778
0.5555555555555556 0.3055555555555556
0.5555555555555556 0.3333333333333333
0.5555555555555556 0.3611111111111111
0.5555555555555556 0.3888888888888889
0.5555555555555556 0.4166666666666667
0.5555555555555556 0.4444444444444444
0.5555555555555556 0.4722222222222222
0.5555555555555556 0.5000000000000000
0.5555555555555556 0.5277777777777778
0.5555555555555556 0.5555555555555556
0.5555555555555556 0.5833333333333334
0.5555555555555556 0.6111111111111112
0.5555555555555556 0.6388888888888888
0.5555555555555556 0.6666666666666666
0.5555555555555556 0.6944444444444444
0.5555555555555556 0.7222222222222222
0.5555555555555556 0.7500000000000000
0.5555555555555556 0.7777777777777778
0.5555555555555556 0.8055555555555556
0.5555555555555556 0.8333333333333334
0.5555555555555556 0.8611111111111112
0.5555555555555556 0.8888888888888888
0.5555555555555556 0.9166666666666666
0.5555555555555556 0.9444444444444444
0.5555555555555556 0.9722222222222222
0.5555555555555556 1.0000000000000000
0.5833333333333334 0.0000000000000000
0.5833333333333334 0.0277777777777778
0.5833333333333334 0.0555555555555556
0.5833333333333334 0.0833333333333333
0.5833333333333334 0.1111111111111111
0.5833333333333334 0.1388888888888889
0.5833333333333334 0.1666666666666667
0.5833333333333334 0.1944444444444444
0.5833333333333334 0.2222222222222222
0.5833333333333334 0.2500000000000000
0.5833333333333334 0.2777777777777778
0.5833333333333334 0.3055555555555556
0.5833333333333334 0.3333333333333333
0.5833333333333334 0.3611111111111111
0.5833333333333334 0.3888888888888889
0.5833333333333334 0.4166666666666667
0.5833333333333334 0.4444444444444444
0.5833333333333334 0.4722222222222222
0.5833333333333334 0.5000000000000000
0.5833333333333334 0.5277777777777778
0.5833333333333334 0.5555555555555556
0.5833333333333334 0.5833333333333334
0.5833333333333334 0.6111111111111112
0.5833333333333334 0.6388888888888888
0.5833333333333334 0.6666666666666666
0.5833333333333334 0.6944444444444444
0.5833333333333334 0.7222222222222222
0.5833333333333334 0.7500000000000000
0.5833333333333334 0.7777777777777778
0.5833333333333334 0.8055555555555556
0.5833333333333334 0.8333333333333334
0.5833333333333334 0.8611111111111112
0.5833333333333334 0.8888888888888888
0.5833333333333334 0.9166666666666666
0.5833333333333334 0.9444444444444444
0.5833333333333334 0.9722222222222222
0.5833333333333334 1.0000000000000000
0.6111111111111112 0.0000000000000000
0.6111111111111112 0.0277777777777778
0.6111111111111112 0.0555555555555556
0.6111111111111112 0.0833333333333333
0.6111111111111112 0.1111111111111111
0.6111111111111112 0.1388888888888889
0.6111111111111112 0.1666666666666667
0.6111111111111112 0.1944444444444444
0.6111111111111112 0.2222222222222222
0.6111111111111112 0.2500000000000000
0.6111111111111112 0.2777777777777778
0.6111111111111112 0.3055555555555556
0.6111111111111112 0.3333333333333333
0.6111111111111112 0.3611111111111111
0.6111111111111112 0.3888888888888889
0.6111111111111112 0.4166666666666667
0.6111111111111112 0.4444444444444444
0.6111111111111112 0.4722222222222222
0.6111111111111112 0.5000000000000000
0.6111111111111112 0.5277777777777778
0.6111111111111112 0.5555555555555556
0.6111111111111112 0.5833333333333334
0.6111111111111112 0.6111111111111112
0.6111111111111112 0.6388888888888888
0.6111111111111112 0.6666666666666666
0.6111111111111112 0.6944444444444444
0.6111111111111112 0.7222222222222222
0.6111111111111112 0.7500000000000000
0.6111111111111112 0.7777777777777778
0.6111111111111112 0.8055555555555556
0.6111111111111112 0.8333333333333334
0.6111111111111112 0.8611111111111112
0.6111111111111112 0.8888888888888888
0.6111111111111112 0.9166666666666666
0.6111111111111112 0.9444444444444444
0.6111111111111112 0.9722222222222222
0.6111111111111112 1.0000000000000000
0.6388888888888888 0.0000000000000000
0.6388888888888888 0.0277777777777778
0.6388888888888888 0.0555555555555556
0.6388888888888888 0.0833333333333333
0.6388888888888888 0.1111111111111111
0.6388888888888888 0.1388888888888889
0.6388888888888888 0.1666666666666667
0.6388888888888888 0.1944444444444444
0.6388888888888888 0.2222222222222222
0.6388888888888888 0.2500000000000000
0.6388888888888888 0.2777777777777778
0.6388888888888888 0.3055555555555556
0.6388888888888888 0.3333333333333333
0.6388888888888888 0.3611111111111111
0.6388888888888888 0.3888888888888889
0.6388888888888888 0.4166666666666667
0.6388888888888888 0.4444444444444444
0.6388888888888888 0.4722222222222222
0.6388888888888888 0.5000000000000000
0.6388888888888888 0.5277777777777778
0.6388888888888888 0.5555555555555556
0.6388888888888888 0.5833333333333334
0.6388888888888888 0.6111111111111112
0.6388888888888888 0.6388888888888888
0.6388888888888888 0.6666666666666666
0.6388888888888888 0.6944444444444444
0.6388888888888888 0.7222222222222222
0.6388888888888888 0.7500000000000000
0.6388888888888888 0.7777777777777778
0.6388888888888888 0.8055555555555556
0.6388888888888888 0.8333333333333334
0.6388888888888888 0.8611111111111112
0.6388888888888888 0.8888888888888888
0.6388888888888888 0.9166666666666666
0.6388888888888888 0.9444444444444444
0.6388888888888888 0.9722222222222222
0.6388888888888888 1.0000000000000000
0.6666666666666666 0.0000000000000000
0.6666666666666666 0.0277777777777778
0.6666666666666666 0.0555555555555556
0.6666666666666666 0.0833333333333333
0.6666666666666666 0.1111111111111111
0.6666666666666666 0.1388888888888889
0.6666666666666666 0.1666666666666667
0.6666666666666666 0.1944444444444444
0.6666666666666666 0.2222222222222222
0.6666666666666666 0.2500000000000000
0.6666666666666666 0.2777777777777778
0.6666666666666666 0.3055555555555556
0.6666666666666666 0.3333333333333333
0.6666666666666666 0.3611111111111111
0.6666666666666666 0.3888888888888889
0.6666666666666666 0.4166666666666667
0.6666666666666666 0.4444444444444444
0.6666666666666666 0.4722222222222222
0.6666666666666666 0.5000000000000000
0.6666666666666666 0.5277777777777778
0.6666666666666666 0.5555555555555556
0.6666666666666666 0.5833333333333334
0.6666666666666666 0.6111111111111112
0.6666666666666666 0.6388888888888888
0.6666666666666666 0.6666666666666666
0.6666666666666666 0.6944444444444444
0.6666666666666666 0.7222222222222222
0.6666666666666666 0.7500000000000000
0.6666666666666666 0.7777777777777778
0.6666666666666666 0.8055555555555556
0.6666666666666666 0.8333333333333334
0.6666666666666666 0.8611111111111112
0.6666666666666666 0.8888888888888888
0.6666666666666666 0.9166666666666666
0.6666666666666666 0.9444444444444444
0.6666666666666666 0.9722222222222222
0.6666666666666666 1.0000000000000000
0.6944444444444444 0.0000000000000000
0.6944444444444444 0.0277777777777778
0.6944444444444444 0.0555555555555556
0.6944444444444444 0.0833333333333333
0.6944444444444444 0.1111111111111111
0.6944444444444444 0.1388888888888889
0.6944444444444444 0.1666666666666667
0.6944444444444444 0.1944444444444444
0.6944444444444444 0.2222222222222222
0.6944444444444444 0.2500000000000000
0.6944444444444444 0.2777777777777778
0.6944444444444444 0.3055555555555556
0.6944444444444444 0.3333333333333333
0.6944444444444444 0.3611111111111111
0.6944444444444444 0.3888888888888889
0.6944444444444444 0.4166666666666667
0.6944444444444444 0.4444444444444444
0.6944444444444444 0.4722222222222222
0.6944444444444444 0.5000000000000000
0.6944444444444444 0.5277777777777778
0.6944444444444444 0.5555555555555556
0.6944444444444444 0.5833333333333334
0.6944444444444444 0.6111111111111112
0.6944444444444444 0.6388888888888888
0.6944444444444444 0.6666666666666666
0.6944444444444444 0.6944444444444444
0.6944444444444444 0.7222222222222222
0.6944444444444444 0.7500000000000000
0.6944444444444444 0.7777777777777778
0.6944444444444444 0.8055555555555556
0.6944444444444444 0.8333333333333334
0.6944444444444444 0.8611111111111112
0.6944444444444444 0.8888888888888888
0.6944444444444444 0.9166666666666666
0.6944444444444444 0.9444444444444444
0.6944444444444444 0.9722222222222222
0.6944444444444444 1.0000000000000000
0.7222222222222222 0.0000000000000000
0.7222222222222222 0.0277777777777778
0.7222222222222222 0.0555555555555556
0.7222222222222222 0.0833333333333333
0.7222222222222222 0.1111111111111111
0.7222222222222222 0.1388888888888889
0.7222222222222222 0.1666666666666667
0.7222222222222222 0.1944444444444444
0.7222222222222222 0.2222222222222222
0.7222222222222222 0.2500000000000000
0.7222222222222222 0.2777777777777778
0.7222222222222222 0.3055555555555556
0.7222222222222222 0.3333333333333333
0.7222222222222222 0.3611111111111111
0.7222222222222222 0.3888888888888889
0.7222222222222222 0.4166666666666667
0.7222222222222222 0.4444444444444444
0.7222222222222222 0.4722222222222222
0.7222222222222222 0.5000000000000000
0.7222222222222222 0.5277777777777778
0.7222222222222222 0.5555555555555556
0.7222222222222222 0.5833333333333334
0.7222222222222222 0.6111111111111112
0.7222222222222222 0.6388888888888888
0.7222222222222222 0.6666666666666666
0.7222222222222222 0.6944444444444444
0.7222222222222222 0.7222222222222222
0.7222222222222222 0.7500000000000000
0.7222222222222222 0.7777777777777778
0.7222222222222222 0.8055555555555556
0.7222222222222222 0.8333333333333334
0.7222222222222222 0.8611111111111112
0.7222222222222222 0.8888888888888888
0.7222222222222222 0.9166666666666666
0.7222222222222222 0.9444444444444444
0.7222222222222222 0.9722222222222222
0.7222222222222222 1.0000000000000000
0.7500000000000000 0.0000000000000000
0.7500000000000000 0.0277777777777778
0.7500000000000000 0.0555555555555556
0.7500000000000000 0.0833333333333333
0.7500000000000000 0.1111111111111111
0.7500000000000000 0.1388888888888889
0.7500000000000000 0.1666666666666667
0.7500000000000000 0.1944444444444444
0.7500000000000000 0.2222222222222222
0.7500000000000000 0.2500000000000000
0.7500000000000000 0.2777777777777778
0.7500000000000000 0.3055555555555556
0.7500000000000000 0.3333333333333333
0.7500000000000000 0.3611111111111111
0.7500000000000000 0.3888888888888889
0.7500000000000000 0.4166666666666667
0.7500000000000000 0.4444444444444444
0.7500000000000000 0.4722222222222222
0.7500000000000000 0.5000000000000000
0.7500000000000000 0.5277777777777778
0.7500000000000000 0.5555555555555556
0.7500000000000000 0.5833333333333334
0.7500000000000000 0.6111111111111112
0.7500000000000000 0.6388888888888888
0.7500000000000000 0.6666666666666666
0.7500000000000000 0.6944444444444444
0.7500000000000000 0.7222222222222222
0.7500000000000000 0.7500000000000000
0.7500000000000000 0.7777777777777778
0.7500000000000000 0.8055555555555556
0.7500000000000000 0.8333333333333334
0.7500000000000000 0.8611111111111112
0.7500000000000000 0.8888888888888888
0.7500000000000000 0.9166666666666666
0.7500000000000000 0.9444444444444444
0.7500000000000000 0.9722222222222222
0.7500000000000000 1.0000000000000000
0.7777777777777778 0.0000000000000000
0.7777777777777778 0.0277777777777778
0.7777777777777778 0.0555555555555556
0.7777777777777778 0.0833333333333333
0.7777777777777778 0.1111111111111111
0.7777777777777778 0.1388888888888889
0.7777777777777778 0.1666666666666667
0.7777777777777778 0.1944444444444444
0.7777777777777778 0.2222222222222222
0.7777777777777778 0.2500000000000000
0.7777777777777778 0.2777777777777778
0.7777777777777778 0.3055555555555556
0.7777777777777778 0.3333333333333333
0.7777777777777778 0.3611111111111111
0.7777777777777778 0.3888888888888889
0.7777777777777778 0.4166666666666667
0.7777777777777778 0.4444444444444444
0.7777777777777778 0.4722222222222222
0.7777777777777778 0.5000000000000000
0.7777777777777778 0.5277777777777778
0.7777777777777778 0.5555555555555556
0.7777777777777778 0.5833333333333334
0.7777777777777778 0.6111111111111112
0.7777777777777778 0.6388888888888888
0.7777777777777778 0.6666666666666666
0.7777777777777778 0.6944444444444444
0.7777777777777778 0.7222222222222222
0.7777777777777778 0.7500000000000000
0.7777777777777778 0.7777777777777778
0.7777777777777778 0.8055555555555556
0.7777777777777778 0.8333333333333334
0.7777777777777778 0.8611111111111112
0.7777777777777778 0.8888888888888888
0.7777777777777778 0.9166666666666666
0.7777777777777778 0.9444444444444444
0.7777777777777778 0.9722222222222222
0.7777777777777778 1.0000000000000000
0.8055555555555556 0.0000000000000000
0.8055555555555556 0.0277777777777778
0.8055555555555556 0.0555555555555556
0.8055555555555556 0.0833333333333333
0.8055555555555556 0.1111111111111111
0.8055555555555556 0.1388888888888889
0.8055555555555556 0.1666666666666667
0.8055555555555556 0.1944444444444444
0.8055555555555556 0.2222222222222222
0.8055555555555556 0.2500000000000000
0.8055555555555556 0.2777777777777778
0.8055555555555556 0.3055555555555556
0.8055555555555556 0.3333333333333333
0.8055555555555556 0.3611111111111111
0.8055555555555556 0.3888888888888889
0.8055555555555556 0.4166666666666667
0.8055555555555556 0.4444444444444444
0.8055555555555556 0.4722222222222222
0.8055555555555556 0.5000000000000000
0.8055555555555556 0.5277777777777778
0.8055555555555556 0.5555555555555556
0.8055555555555556 0.5833333333333334
0.8055555555555556 0.6111111111111112
0.8055555555555556 0.6388888888888888
0.8055555555555556 0.6666666666666666
0.8055555555555556 0.6944444444444444
0.8055555555555556 0.7222222222222222
0.8055555555555556 0.7500000000000000
0.8055555555555556 0.7777777777777778
0.8055555555555556 0.8055555555555556
0.8055555555555556 0.8333333333333334
0.8055555555555556 0.8611111111111112
0.8055555555555556 0.8888888888888888
0.8055555555555556 0.9166666666666666
0.8055555555555556 0.9444444444444444
0.8055555555555556 0.9722222222222222
0.8055555555555556 1.0000000000000000
0.8333333333333334 0.0000000000000000
0.8333333333333334 0.0277777777777778
0.8333333333333334 0.0555555555555556
0.8333333333333334 0.0833333333333333
0.8333333333333334 0.1111111111111111
0.8333333333333334 0.1388888888888889
0.8333333333333334 0.1666666666666667
0.8333333333333334 0.1944444444444444
0.8333333333333334 0.2222222222222222
0.8333333333333334 0.2500000000000000
0.8333333333333334 0.2777777777777778
0.8333333333333334 0.3055555555555556
0.8333333333333334 0.3333333333333333
0.8333333333333334 0.3611111111111111
0.8333333333333334 0.3888888888888889
0.8333333333333334 0.4166666666666667
0.8333333333333334 0.4444444444444444
0.8333333333333334 0.4722222222222222
0.8333333333333334 0.5000000000000000
0.8333333333333334 0.5277777777777778
0.8333333333333334 0.5555555555555556
0.8333333333333334 0.5833333333333334
0.8333333333333334 0.6111111111111112
0.8333333333333334 0.6388888888888888
0.8333333333333334 0.6666666666666666
0.8333333333333334 0.6944444444444444
0.8333333333333334 0.7222222222222222
0.8333333333333334 0.7500000000000000
0.8333333333333334 0.7777777777777778
0.8333333333333334 0.8055555555555556
0.8333333333333334 0.8333333333333334
0.8333333333333334 0.8611111111111112
0.8333333333333334 0.8888888888888888
0.8333333333333334 0.9166666666666666
0.8333333333333334 0.9444444444444444
0.8333333333333334 0.9722222222222222
0.8333333333333334 1.0000000000000000
0.8611111111111112 0.0000000000000000
0.8611111111111112 0.0277777777777778
0.8611111111111112 0.0555555555555556
0.8611111111111112 0.0833333333333333
0.8611111111111112 0.1111111111111111
0.8611111111111112 0.1388888888888889
0.8611111111111112 0.1666666666666667
0.8611111111111112 0.1944444444444444
0.8611111111111112 0.2222222222222222
0.8611111111111112 0.2500000000000000
0.8611111111111112 0.2777777777777778
0.8611111111111112 0.3055555555555556
0.8611111111111112 0.3333333333333333
0.8611111111111112 0.3611111111111111
0.8611111111111112 0.3888888888888889
0.8611111111111112 0.4166666666666667
0.8611111111111112 0.4444444444444444
0.8611111111111112 0.4722222222222222
0.8611111111111112 0.5000000000000000
0.8611111111111112 0.5277777777777778
0.8611111111111112 0.5555555555555556
0.8611111111111112 0.5833333333333334
0.8611111111111112 0.6111111111111112
0.8611111111111112 0.6388888888888888
0.8611111111111112 0.6666666666666666
0.8611111111111112 0.6944444444444444
0.8611111111111112 0.7222222222222222
0.8611111111111112 0.7500000000000000
0.8611111111111112 0.7777777777777778
0.8611111111111112 0.8055555555555556
0.8611111111111112 0.8333333333333334
0.8611111111111112 0.8611111111111112
0.8611111111111112 0.8888888888888888
0.8611111111111112 0.9166666666666666
0.8611111111111112 0.9444444444444444
0.8611111111111112 0.9722222222222222
0.8611111111111112 1.0000000000000000
0.8888888888888888 0.0000000000000000
0.8888888888888888 0.0277777777777778
0.8888888888888888 0.0555555555555556
0.8888888888888888 0.0833333333333333
0.8888888888888888 0.1111111111111111
0.8888888888888888 0.1388888888888889
0.8888888888888888 0.1666666666666667
0.8888888888888888 0.1944444444444444
0.8888888888888888 0.2222222222222222
0.8888888888888888 0.2500000000000000
0.8888888888888888 0.2777777777777778
0.8888888888888888 0.3055555555555556
0.8888888888888888 0.3333333333333333
0.8888888888888888 0.3611111111111111
0.8888888888888888 0.3888888888888889
0.8888888888888888 0.4166666666666667
0.8888888888888888 0.4444444444444444
0.8888888888888888 0.4722222222222222
0.8888888888888888 0.5000000000000000
0.8888888888888888 0.5277777777777778
0.8888888888888888 0.5555555555555556
0.8888888888888888 0.5833333333333334
0.8888888888888888 0.6111111111111112
0.8888888888888888 0.6388888888888888
0.8888888888888888 0.6666666666666666
0.8888888888888888 0.6944444444444444
0.8888888888888888 0.7222222222222222
0.8888888888888888 0.7500000000000000
0.8888888888888888 0.7777777777777778
0.8888888888888888 0.8055555555555556
0.8888888888888888 0.8333333333333334
0.8888888888888888 0.8611111111111112
0.8888888888888888 0.8888888888888888
0.8888888888888888 0.9166666666666666
0.8888888888888888 0.9444444444444444
0.8888888888888888 0.9722222222222222
0.8888888888888888 1.0000000000000000
0.9166666666666666 0.0000000000000000
0.9166666666666666 0.0277777777777778
0.9166666666666666 0.0555555555555556
0.9166666666666666 0.0833333333333333
0.9166666666666666 0.1111111111111111
0.9166666666666666 0.1388888888888889
0.9166666666666666 0.1666666666666667
0.9166666666666666 0.1944444444444444
0.9166666666666666 0.2222222222222222
0.9166666666666666 0.2500000000000000
0.9166666666666666 0.2777777777777778
0.9166666666666666 0.3055555555555556
0.9166666666666666 0.3333333333333333
0.9166666666666666 0.3611111111111111
0.9166666666666666 0.3888888888888889
0.9166666666666666 0.4166666666666667
0.9166666666666666 0.4444444444444444
0.9166666666666666 0.4722222222222222
0.9166666666666666 0.5000000000000000
0.9166666666666666 0.5277777777777778
0.9166666666666666 0.5555555555555556
0.9166666666666666 0.5833333333333334
0.9166666666666666 0.6111111111111112
0.9166666666666666 0.6388888888888888
0.9166666666666666 0.6666666666666666
0.9166666666666666 0.6944444444444444
0.9166666666666666 0.7222222222222222
0.9166666666666666 0.7500000000000000
0.9166666666666666 0.7777777777777778
0.9166666666666666 0.8055555555555556
0.9166666666666666 0.8333333333333334
0.9166666666666666 0.8611111111111112
0.9166666666666666 0.8888888888888888
0.9166666666666666 0.9166666666666666
0.9166666666666666 0.9444444444444444
0.9166666666666666 0.9722222222222222
0.9166666666666666 1.0000000000000000
0.9444444444444444 0.0000000000000000
0.9444444444444444 0.0277777777777778
0.9444444444444444 0.0555555555555556
0.9444444444444444 0.0833333333333333
0.9444444444444444 0.1111111111111111
0.9444444444444444 0.1388888888888889
0.9444444444444444 0.1666666666666667
0.9444444444444444 0.1944444444444444
0.9444444444444444 0.2222222222222222
0.9444444444444444 0.2500000000000000
0.9444444444444444 0.2777777777777778
0.9444444444444444 0.3055555555555556
0.9444444444444444 0.3333333333333333
0.9444444444444444 0.3611111111111111
0.9444444444444444 0.3888888888888889
0.9444444444444444 0.4166666666666667
0.9444444444444444 0.4444444444444444
0.9444444444444444 0.4722222222222222
0.9444444444444444 0.5000000000000000
0.9444444444444444 0.5277777777777778
0.9444444444444444 0.5555555555555556
0.9444444444444444 0.5833333333333334
0.9444444444444444 0.6111111111111112
0.9444444444444444 0.6388888888888888
0.9444444444444444 0.6666666666666666
0.9444444444444444 0.6944444444444444
0.9444444444444444 0.7222222222222222
0.9444444444444444 0.7500000000000000
0.9444444444444444 0.7777777777777778
0.9444444444444444 0.8055555555555556
0.9444444444444444 0.8333333333333334
0.9444444444444444 0.8611111111111112
0.9444444444444444 0.8888888888888888
0.9444444444444444 0.9166666666666666
0.9444444444444444 0.9444444444444444
0.9444444444444444 0.9722222222222222
0.9444444444444444 1.0000000000000000
0.9722222222222222 0.0000000000000000
0.9722222222222222 0.0277777777777778
0.9722222222222222 0.0555555555555556
0.9722222222222222 0.0833333333333333
0.9722222222222222 0.1111111111111111
0.9722222222222222 0.1388888888888889
0.9722222222222222 0.1666666666666667
0.9722222222222222 0.1944444444444444
0.9722222222222222 0.2222222222222222
0.9722222222222222 0.2500000000000000
0.9722222222222222 0.2777777777777778
0.9722222222222222 0.3055555555555556
0.9722222222222222 0.3333333333333333
0.9722222222222222 0.3611111111111111
0.9722222222222222 0.3888888888888889
0.9722222222222222 0.4166666666666667
0.9722222222222222 0.4444444444444444
0.9722222222222222 0.4722222222222222
0.9722222222222222 0.5000000000000000
0.9722222222222222 0.5277777777777778
0.9722222222222222 0.5555555555555556
0.9722222222222222 0.5833333333333334
0.9722222222222222 0.6111111111111112
0.9722222222222222 0.6388888888888888
0.9722222222222222 0.6666666666666666
0.9722222222222222 0.6944444444444444
0.9722222222222222 0.7222222222222222
0.9722222222222222 0.7500000000000000
0.9722222222222222 0.7777777777777778
0.9722222222222222 0.8055555555555556
0.9722222222222222 0.8333333333333334
0.9722222222222222 0.8611111111111112
0.9722222222222222 0.8888888888888888
0.9722222222222222 0.9166666666666666
0.9722222222222222 0.9444444444444444
0.9722222222222222 0.9722222222222222
0.9722222222222222 1.0000000000000000
1.0000000000000000 0.0000000000000000
1.0000000000000000 0.0277777777777778
1.0000000000000000 0.0555555555555556
1.0000000000000000 0.0833333333333333
1.0000000000000000 0.1111111111111111
1.0000000000000000 0.1388888888888889
1.0000000000000000 0.1666666666666667
1.0000000000000000 0.1944444444444444
1.0000000000000000 0.2222222222222222
1.0000000000000000 0.2500000000000000
1.0000000000000000 0.2777777777777778
1.0000000000000000 0.3055555555555556
1.0000000000000000 0.3333333333333333
1.0000000000000000 0.3611111111111111
1.0000000000000000 0.3888888888888889
1.0000000000000000 0.4166666666666667
1.0000000000000000 0.4444444444444444
1.0000000000000000 0.4722222222222222
1.0000000000000000 0.5000000000000000
1.0000000000000000 0.5277777777777778
1.0000000000000000 0.5555555555555556
1.0000000000000000 0.5833333333333334
1.0000000000000000 0.6111111111111112
1.0000000000000000 0.6388888888888888
1.0000000000000000 0.6666666666666666
1.0000000000000000 0.6944444444444444
1.0000000000000000 0.7222222222222222
1.0000000000000000 0.7500000000000000
1.0000000000000000 0.7777777777777778
1.0000000000000000 0.8055555555555556
1.0000000000000000 0.8333333333333334
1.0000000000000000 0.8611111111111112
1.0000000000000000 0.8888888888888888
1.0000000000000000 0.9166666666666666
1.0000000000000000 0.9444444444444444
1.0000000000000000 0.9722222222222222
1.0000000000000000 1.0000000000000000
# element connectivity: number of elements followed by the connectivity
1296
4 1 38 39 2 
4 2 39 40 3 
4 3 40 41 4 
4 4 41 42 5 
4 5 42 43 6 
4 6 43 44 7 
4 7 44 45 8 
4 8 45 46 9 
4 9 46 47 10 
4 10 47 48 11 
4 11 48 49 12 
4 12 49 50 13 
4 13 50 51 14 
4 14 51 52 15 
4 15 52 53 16 
4 16 53 54 17 
4 17 54 55 18 
4 18 55 56 19 
4 19 56 57 20 
4 20 57 58 21 
4 21 58 59 22 
4 22 59 60 23 
4 23 60 61 24 
4 24 61 62 25 
4 25 62 63 26 
4 26 63 64 27 
4 27 64 65 28 
4 28 65 66 29 
4 29 66 67 30 
4 30 67 68 31 
4 31 68 69 32 
4 32 69 70 33 
4 33 70 71 34 
4 34 71 72 35 
4 35 72 73 36 
4 36 73 74 37 
4 38 75 76 39 
4 39 76 77 40 
4 40 77 78 41 
4 41 78 79 42 
4 42 79 80 43 
4 43 80 81 44 
4 44 81 82 45 
4 45 82 83 46 
4 46 83 84 47 
4 47 84 85 48 
4 48 85 86 49 
4 49 86 87 50 
4 50 87 88 51 
4 51 88 89 52 
4 52 89 90 53 
4 53 90 91 54 
4 54 91 92 55 
4 55 92 93 56 
4 56 93 94 57 
4 57 94 95 58 
4 58 95 96 59 
4 59 96 97 60 
4 60 97 98 61 
4 61 98 99 62 
4 62 99 100 63 
4 63 100 101 64 
4 64 101 102 65 
4 65 102 103 66 
4 66 103 104 67 
4 67 104 105 68 
4 68 105 106 69 
4 69 106 107 70 
4 70 107 108 71 
4 71 108 109 72 
4 72 109 110 73 
4 73 110 111 74 
4 75 112 113 76 
4 76 113 114 77 
4 77 114 115 78 
4 78 115 116 79 
4 79 116 117 80 
4 80 117 118 81 
4 81 118 119 82 
4 82 119 120 83 
4 83 120 121 84 
4 84 121 122 85 
4 85 122 123 86 
4 86 123 124 87 
4 87 124 125 88 
4 88 125 126 89 
4 89 126 127 90 
4 90 127 128 91 
4 91 128 129 92 
4 92 129 130 93 
4 93 130 131 94 
4 94 131 132 95 
4 95 132 133 96 
4 96 133 134 97 
4 97 134 135 98 
4 98 135 136 99 
4 99 136 137 100 
4 100 137 138 101 
4 101 138 139 102 
4 102 139 140 103 
4 103 140 141 104 
4 104 141 142 105 
4 105 142 143 106 
4 106 143 144 107 
4 107 144 145 108 
4 108 145 146 109 
4 109 146 147 110 
4 110 147 148 111 
4 112 149 150 113 
4 113 150 151 114 
4 114 151 152 115 
4 115 152 153 116 
4 116 153 154 117 
4 117 154 155 118 
4 118 155 156 119 
4 119 156 157 120 
4 120 157 158 121 
4 121 158 159 122 
4 122 159 160 123 
4 123 160 161 124 
4 124 161 162 125 
4 125 162 163 126 
4 126 163 164 127 
4 127 164 165 128 
4 128 165 166 129 
4 129 166 167 130 
4 130 167 168 131 
4 131 168 169 132 
4 132 169 170 133 
4 133 170 171 134 
4 134 171 172 135 
4 135 172 173 136 
4 136 173 174 137 
4 137 174 175 138 
4 138 175 176 139 
4 139 176 177 140 
4 140 177 178 141 
4 141 178 179 142 
4 142 179 180 143 
4 143 180 181 144 
4 144 181 182 145 
4 145 182 183 146 
4 146 183 184 147 
4 147 184 185 148 
4 149 186 187 150 
4 150 187 188 151 
4 151 188 189 152 
4 152 189 190 153 
4 153 190 191 154 
4 154 191 192 155 
4 155 192 193 156 
4 156 193 194 157 
4 157 194 195 158 
4 158 195 196 159 
4 159 196 197 160 
4 160 197 198 161 
4 161 198 199 162 
4 162 199 200 163 
4 163 200 201 164 
4 164 201 202 165 
4 165 202 203 166 
4 166 203 204 167 
4 167 204 205 168 
4 168 205 206 169 
4 169 206 207 170 
4 170 207 208 171 
4 171 208 209 172 
4 172 209 210 173 
4 173 210 211 174 
4 174 211 212 175 
4 175 212 213 176 
4 176 213 214 177 
4 177 214 215 178 
4 178 215 216 179 
4 179 216 217 180 
4 180 217 218 181 
4 181 218 219 182 
4 182 219 220 183 
4 183 220 221 184 
4 184 221 222 185 
4 186 223 224 187 
4 187 224 225 188 
4 188 225 226 189 
4 189 226 227 190 
4 190 227 228 191 
4 191 228 229 192 
4 192 229 230 193 
4 193 230 231 194 
4 194 231 232 195 
4 195 232 233 196 
4 196 233 234 197 
4 197 234 235 198 
4 198 235 236 199 
4 199 236 237 200 
4 200 237 238 201 
4 201 238 239 202 
4 202 239 240 203 
4 203 240 241 204 
4 204 241 242 205 
4 205 242 243 206 
4 206 243 244 207 
4 207 244 245 208 
4 208 245 246 209 
4 209 246 247 210 
4 210 247 248 211 
4 211 248 249 212 
4 212 249 250 213 
4 213 250 251 214 
4 214 251 252 215 
4 215 252 253 216 
4 216 253 254 217 
4 217 254 255 218 
4 218 255 256 219 
4 219 256 257 220 
4 220 257 258 221 
4 221 258 259 222 
4 223 260 261 224 
4 224 261 262 225 
4 225 262 263 226 
4 226 263 264 227 
4 227 264 265 228 
4 228 265 266 229 
4 229 266 267 230 
4 230 267 268 231 
4 231 268 269 232 
4 232 269 270 233 
4 233 270 271 234 
4 234 271 272 235 
4 235 272 273 236 
4 236 273 274 237 
4 237 274 275 238 
4 238 275 276 239 
4 239 276 277 240 
4 240 277 278 241 
4 241 278 279 242 
4 242 279 280 243 
4 243 280 281 244 
4 244 281 282 245 
4 245 282 283 246 
4 246 283 284 247 
4 247 284 285 248 
4 248 285 286 249 
4 249 286 287 250 
4 250 287 288 251 
4 251 288 289 252 
4 252 289 290 253 
4 253 290 291 254 
4 254 291 292 255 
4 255 292 293 256 
4 256 293 294 257 
4 257 294 295 258 
4 258 295 296 259 
4 260 297 298 261 
4 261 298 299 262 
4 262 299 300 263 
4 263 300 301 264 
4 264 301 302 265 
4 265 302 303 266 
4 266 303 304 267 
4 267 304 305 268 
4 268 305 306 269 
4 269 306 307 270 
4 270 307 308 271 
4 271 308 309 272 
4 272 309 310 273 
4 273 310 311 274 
4 274 311 312 275 
4 275 312 313 276 
4 276 313 314 277 
4 277 314 315 278 
4 278 315 316 279 
4 279 316 317 280 
4 280 317 318 281 
4 281 318 319 282 
4 282 319 320 283 
4 283 320 321 284 
4 284 321 322 285 
4 285 322 323 286 
4 286 323 324 287 
4 287 324 325 288 
4 288 325 326 289 
4 289 326 327 290 
4 290 327 328 291 
4 291 328 329 292 
4 292 329 330 293 
4 293 330 331 294 
4 294 331 332 295 
4 295 332 333 296 
4 297 334 335 298 
4 298 335 336 299 
4 299 336 337 300 
4 300 337 338 301 
4 301 338 339 302 
4 302 339 340 303 
4 303 340 341 304 
4 304 341 342 305 
4 305 342 343 306 
4 306 343 344 307 
4 307 344 345 308 
4 308 345 346 309 
4 309 346 347 310 
4 310 347 348 311 
4 311 348 349 312 
4 312 349 350 313 
4 313 350 351 314 
4 314 351 352 315 
4 315 352 353 316 
4 316 353 354 317 
4 317 354 355 318 
4 318 355 356 319 
4 319 356 357 320 
4 320 357 358 321 
4 321 358 359 322 
4 322 359 360 323 
4 323 360 361 324 
4 324 361 362 325 
4 325 362 363 326 
4 326 363 364 327 
4 327 364 365 328 
4 328 365 366 329 
4 329 366 367 330 
4 330 367 368 331 
4 331 368 369 332 
4 332 369 370 333 
4 334 371 372 335 
4 335 372 373 336 
4 336 373 374 337 
4 337 374 375 338 
4 338 375 376 339 
4 339 376 377 340 
4 340 377 378 341 
4 341 378 379 342 
4 342 379 380 343 
4 343 380 381 344 
4 344 381 382 345 
4 345 382 383 346 
4 346 383 384 347 
4 347 384 385 348 
4 348 385 386 349 
4 349 386 387 350 
4 350 387 388 351 
4 351 388 389 352 
4 352 389 390 353 
4 353 390 391 354 
4 354 391 392 355 
4 355 392 393 356 
4 356 393 394 357 
4 357 394 395 358 
4 358 395 396 359 
4 359 396 397 360 
4 360 397 398 361 
4 361 398 399 362 
4 362 399 400 363 
4 363 400 401 364 
4 364 401 402 365 
4 365 402 403 366 
4 366 403 404 367 
4 367 404 405 368 
4 368 405 406 369 
4 369 406 407 370 
4 371 408 409 372 
4 372 409 410 373 
4 373 410 411 374 
4 374 411 412 375 
4 375 412 413 376 
4 376 413 414 377 
4 377 414 415 378 
4 378 415 416 379 
4 379 416 417 380 
4 380 417 418 381 
4 381 418 419 382 
4 382 419 420 383 
4 383 420 421 384 
4 384 421 422 385 
4 385 422 423 386 
4 386 423 424 387 
4 387 424 425 388 
4 388 425 426 389 
4 389 426 427 390 
4 390 427 428 391 
4 391 428 429 392 
4 392 429 430 393 
4 393 430 431 394 
4 394 431 432 395 
4 395 432 433 396 
4 396 433 434 397 
4 397 434 435 398 
4 398 435 436 399 
4 399 436 437 400 
4 400 437 438 401 
4 401 438 439 402 
4 402 439 440 403 
4 403 440 441 404 
4 404 441 442 405 
4 405 442 443 406 
4 406 443 444 407 
4 408 445 446 409 
4 409 446 447 410 
4 410 447 448 411 
4 411 448 449 412 
4 412 449 450 413 
4 413 450 451 414 
4 414 451 452 415 
4 415 452 453 416 
4 416 453 454 417 
4 417 454 455 418 
4 418 455 456 419 
4 419 456 457 420 
4 420 457 458 421 
4 421 458 459 422 
4 422 459 460 423 
4 423 460 461 424 
4 424 461 462 425 
4 425 462 463 426 
4 426 463 464 427 
4 427 464 465 428 
4 428 465 466 429 
4 429 466 467 430 
4 430 467 468 431 
4 431 468 469 432 
4 432 469 470 433 
4 433 470 471 434 
4 434 471 472 435 
4 435 472 473 436 
4 436 473 474 437 
4 437 474 475 438 
4 438 475 476 439 
4 439 476 477 440 
4 440 477 478 441 
4 441 478 479 442 
4 442 479 480 443 
4 443 480 481 444 
4 445 482 483 446 
4 446 483 484 447 
4 447 484 485 448 
4 448 485 486 449 
4 449 486 487 450 
4 450 487 488 451 
4 451 488 489 452 
4 452 489 490 453 
4 453 490 491 454 
4 454 491 492 455 
4 455 492 493 456 
4 456 493 494 457 
4 457 494 495 458 
4 458 495 496 459 
4 459 496 497 460 
4 460 497 498 461 
4 461 498 499 462 
4 462 499 500 463 
4 463 500 501 464 
4 464 501 502 465 
4 465 502 503 466 
4 466 503 504 467 
4 467 504 505 468 
4 468 505 506 469 
4 469 506 507 470 
4 470 507 508 471 
4 471 508 509 472 
4 472 509 510 473 
4 473 510 511 474 
4 474 511 512 475 
4 475 512 513 476 
4 476 513 514 477 
4 477 514 515 478 
4 478 515 516 479 
4 479 516 517 480 
4 480 517 518 481 
4 482 519 520 483 
4 483 520 521 484 
4 484 521 522 485 
4 485 522 523 486 
4 486 523 524 487 
4 487 524 525 488 
4 488 525 526 489 
4 489 526 527 490 
4 490 527 528 491 
4 491 528 529 492 
4 492 529 530 493 
4 493 530 531 494 
4 494 531 532 495 
4 495 532 533 496 
4 496 533 534 497 
4 497 534 535 498 
4 498 535 536 499 
4 499 536 537 500 
4 500 537 538 501 
4 501 538 539 502 
4 502 539 540 503 
4 503 540 541 504 
4 504 541 542 505 
4 505 542 543 506 
4 506 543 544 507 
4 507 544 545 508 
4 508 545 546 509 
4 509 546 547 510 
4 510 547 548 511 
4 511 548 549 512 
4 512 549 550 513 
4 513 550 551 514 
4 514 551 552 515 
4 515 552 553 516 
4 516 553 554 517 
4 517 554 555 518 
4 519 556 557 520 
4 520 557 558 521 
4 521 558 559 522 
4 522 559 560 523 
4 523 560 561 524 
4 524 561 562 525 
4 525 562 563 526 
4 526 563 564 527 
4 527 564 565 528 
4 528 565 566 529 
4 529 566 567 530 
4 530 567 568 531 
4 531 568 569 532 
4 532 569 570 533 
4 533 570 571 534 
4 534 571 572 535 
4 535 572 573 536 
4 536 573 574 537 
4 537 574 575 538 
4 538 575 576 539 
4 539 576 577 540 
4 540 577 578 541 
4 541 578 579 542 
4 542 579 580 543 
4 543 580 581 544 
4 544 581 582 545 
4 545 582 583 546 
4 546 583 584 547 
4 547 584 585 548 
4 548 585 586 549 
4 549 586 587 550 
4 550 587 588 551 
4 551 588 589 552 
4 552 589 590 553 
4 553 590 591 554 
4 554 591 592 555 
4 556 593 594 557 
4 557 594 595 558 
4 558 595 596 559 
4 559 596 597 560 
4 560 597 598 561 
4 561 598 599 562 
4 562 599 600 563 
4 563 600 601 564 
4 564 601 602 565 
4 565 602 603 566 
4 566 603 604 567 
4 567 604 605 568 
4 568 605 606 569 
4 569 606 607 570 
4 570 607 608 571 
4 571 608 609 572 
4 572 609 610 573 
4 573 610 611 574 
4 574 611 612 575 
4 575 612 613 576 
4 576 613 614 577 
4 577 614 615 578 
4 578 615 616 579 
4 579 616 617 580 
4 580 617 618 581 
4 581 618 619 582 
4 582 619 620 583 
4 583 620 621 584 
4 584 621 622 585 
4 585 622 623 586 
4 586 623 624 587 
4 587 624 625 588 
4 588 625 626 589 
4 589 626 627 590 
4 590 627 628 591 
4 591 628 629 592 
4 593 630 631 594 
4 594 631 632 595 
4 595 632 633 596 
4 596 633 634 597 
4 597 634 635 598 
4 598 635 636 599 
4 599 636 637 600 
4 600 637 638 601 
4 601 638 639 602 
4 602 639 640 603 
4 603 640 641 604 
4 604 641 642 605 
4 605 642 643 606 
4 606 643 644 607 
4 607 644 645 608 
4 608 645 646 609 
4 609 646 647 610 
4 610 647 648 611 
4 611 648 649 612 
4 612 649 650 613 
4 613 650 651 614 
4 614 651 652 615 
4 615 652 653 616 
4 616 653 654 617 
4 617 654 655 618 
4 618 655 656 619 
4 619 656 657 620 
4 620 657 658 621 
4 621 658 659 622 
4 622 659 660 623 
4 623 660 661 624 
4 624 661 662 625 
4 625 662 663 626 
4 626 663 664 627 
4 627 664 665 628 
4 628 665 666 629 
4 630 667 668 631 
4 631 668 669 632 
4 632 669 670 633 
4 633 670 671 634 
4 634 671 672 635 
4 635 672 673 636 
4 636 673 674 637 
4 637 674 675 638 
4 638 675 676 639 
4 639 676 677 640 
4 640 677 678 641 
4 641 678 679 642 
4 642 679 680 643 
4 643 680 681 644 
4 644 681 682 645 
4 645 682 683 646 
4 646 683 684 647 
4 647 684 685 648 
4 648 685 686 649 
4 649 686 687 650 
4 650 687 688 651 
4 651 688 689 652 
4 652 689 690 653 
4 653 690 691 654 
4 654 691 692 655 
4 655 692 693 656 
4 656 693 694 657 
4 657 694 695 658 
4 658 695 696 659 
4 659 696 697 660 
4 660 697 698 661 
4 661 698 699 662 
4 662 699 700 663 
4 663 700 701 664 
4 664 701 702 665 
4 665 702 703 666 
4 667 704 705 668 
4 668 705 706 669 
4 669 706 707 670 
4 670 707 708 671 
4 671 708 709 672 
4 672 709 710 673 
4 673 710 711 674 
4 674 711 712 675 
4 675 712 713 676 
4 676 713 714 677 
4 677 714 715 678 
4 678 715 716 679 
4 679 716 717 680 
4 680 717 718 681 
4 681 718 719 682 
4 682 719 720 683 
4 683 720 721 684 
4 684 721 722 685 
4 685 722 723 686 
4 686 723 724 687 
4 687 724 725 688 
4 688 725 726 689 
4 689 726 727 690 
4 690 727 728 691 
4 691 728 729 692 
4 692 729 730 693 
4 693 730 731 694 
4 694 731 732 695 
4 695 732 733 696 
4 696 733 734 697 
4 697 734 735 698 
4 698 735 736 699 
4 699 736 737 700 
4 700 737 738 701 
4 701 738 739 702 
4 702 739 740 703 
4 704 741 742 705 
4 705 742 743 706 
4 706 743 744 707 
4 707 744 745 708 
4 708 745 746 709 
4 709 746 747 710 
4 710 747 748 711 
4 711 748 749 712 
4 712 749 750 713 
4 713 750 751 714 
4 714 751 752 715 
4 715 752 753 716 
4 716 753 754 717 
4 717 754 755 718 
4 718 755 756 719 
4 719 756 757 720 
4 720 757 758 721 
4 721 758 759 722 
4 722 759 760 723 
4 723 760 761 724 
4 724 761 762 725 
4 725 762 763 726 
4 726 763 764 727 
4 727 764 765 728 
4 728 765 766 729 
4 729 766 767 730 
4 730 767 768 731 
4 731 768 769 732 
4 732 769 770 733 
4 733 770 771 734 
4 734 771 772 735 
4 735 772 773 736 
4 736 773 774 737 
4 737 774 775 738 
4 738 775 776 739 
4 739 776 777 740 
4 741 778 779 742 
4 742 779 780 743 
4 743 780 781 744 
4 744 781 782 745 
4 745 782 783 746 
4 746 783 784 747 
4 747 784 785 748 
4 748 785 786 749 
4 749 786 787 750 
4 750 787 788 751 
4 751 788 789 752 
4 752 789 790 753 
4 753 790 791 754 
4 754 791 792 755 
4 755 792 793 756 
4 756 793 794 757 
4 757 794 795 758 
4 758 795 796 759 
4 759 796 797 760 
4 760 797 798 761 
4 761 798 799 762 
4 762 799 800 763 
4 763 800 801 764 
4 764 801 802 765 
4 765 802 803 766 
4 766 803 804 767 
4 767 804 805 768 
4 768 805 806 769 
4 769 806 807 770 
4 770 807 808 771 
4 771 808 809 772 
4 772 809 810 773 
4 773 810 811 774 
4 774 811 812 775 
4 775 812 813 776 
4 776 813 814 777 
4 778 815 816 779 
4 779 816 817 780 
4 780 817 818 781 
4 781 818 819 782 
4 782 819 820 783 
4 783 820 821 784 
4 784 821 822 785 
4 785 822 823 786 
4 786 823 824 787 
4 787 824 825 788 
4 788 825 826 789 
4 789 826 827 790 
4 790 827 828 791 
4 791 828 829 792 
4 792 829 830 793 
4 793 830 831 794 
4 794 831 832 795 
4 795 832 833 796 
4 796 833 834 797 
4 797 834 835 798 
4 798 835 836 799 
4 799 836 837 800 
4 800 837 838 801 
4 801 838 839 802 
4 802 839 840 803 
4 803 840 841 804 
4 804 841 842 805 
4 805 842 843 806 
4 806 843 844 807 
4 807 844 845 808 
4 808 845 846 809 
4 809 846 847 810 
4 810 847 848 811 
4 811 848 849 812 
4 812 849 850 813 
4 813 850 851 814 
4 815 852 853 816 
4 816 853 854 817 
4 817 854 855 818 
4 818 855 856 819 
4 819 856 857 820 
4 820 857 858 821 
4 821 858 859 822 
4 822 859 860 823 
4 823 860 861 824 
4 824 861 862 825 
4 825 862 863 826 
4 826 863 864 827 
4 827 864 865 828 
4 828 865 866 829 
4 829 866 867 830 
4 830 867 868 831 
4 831 868 869 832 
4 832 869 870 833 
4 833 870 871 834 
4 834 871 872 835 
4 835 872 873 836 
4 836 873 874 837 
4 837 874 875 838 
4 838 875 876 839 
4 839 876 877 840 
4 840 877 878 841 
4 841 878 879 842 
4 842 879 880 843 
4 843 880 881 844 
4 844 881 882 845 
4 845 882 883 846 
4 846 883 884 847 
4 847 884 885 848 
4 848 885 886 849 
4 849 886 887 850 
4 850 887 888 851 
4 852 889 890 853 
4 853 890 891 854 
4 854 891 892 855 
4 855 892 893 856 
4 856 893 894 857 
4 857 894 895 858 
4 858 895 896 859 
4 859 896 897 860 
4 860 897 898 861 
4 861 898 899 862 
4 862 899 900 863 
4 863 900 901 864 
4 864 901 902 865 
4 865 902 903 866 
4 866 903 904 867 
4 867 904 905 868 
4 868 905 906 869 
4 869 906 907 870 
4 870 907 908 871 
4 871 908 909 872 
4 872 909 910 873 
4 873 910 911 874 
4 874 911 912 875 
4 875 912 913 876 
4 876 913 914 877 
4 877 914 915 878 
4 878 915 916 879 
4 879 916 917 880 
4 880 917 918 881 
4 881 918 919 882 
4 882 919 920 883 
4 883 920 921 884 
4 884 921 922 885 
4 885 922 923 886 
4 886 923 924 887 
4 887 924 925 888 
4 889 926 927 890 
4 890 927 928 891 
4 891 928 929 892 
4 892 929 930 893 
4 893 930 931 894 
4 894 931 932 895 
4 895 932 933 896 
4 896 933 934 897 
4 897 934 935 898 
4 898 935 936 899 
4 899 936 937 900 
4 900 937 938 901 
4 901 938 939 902 
4 902 939 940 903 
4 903 940 941 904 
4 904 941 942 905 
4 905 942 943 906 
4 906 943 944 907 
4 907 944 945 908 
4 908 945 946 909 
4 909 946 947 910 
4 910 947 948 911 
4 911 948 949 912 
4 912 949 950 913 
4 913 950 951 914 
4 914 951 952 915 
4 915 952 953 916 
4 916 953 954 917 
4 917 954 955 918 
4 918 955 956 919 
4 919 956 957 920 
4 920 957 958 921 
4 921 958 959 922 
4 922 959 960 923 
4 923 960 961 924 
4 924 961 962 925 
4 926 963 964 927 
4 927 964 965 928 
4 928 965 966 929 
4 929 966 967 930 
4 930 967 968 931 
4 931 968 969 932 
4 932 969 970 933 
4 933 970 971 934 
4 934 971 972 935 
4 935 972 973 936 
4 936 973 974 937 
4 937 974 975 938 
4 938 975 976 939 
4 939 976 977 940 
4 940 977 978 941 
4 941 978 979 942 
4 942 979 980 943 
4 943 980 981 944 
4 944 981 982 945 
4 945 982 983 946 
4 946 983 984 947 
4 947 984 985 948 
4 948 985 986 949 
4 949 986 987 950 
4 950 987 988 951 
4 951 988 989 952 
4 952 989 990 953 
4 953 990 991 954 
4 954 991 992 955 
4 955 992 993 956 
4 956 993 994 957 
4 957 994 995 958 
4 958 995 996 959 
4 959 996 997 960 
4 960 997 998 961 
4 961 998 999 962 
4 963 1000 1001 964 
4 964 1001 1002 965 
4 965 1002 1003 966 
4 966 1003 1004 967 
4 967 1004 1005 968 
4 968 1005 1006 969 
4 969 1006 1007 970 
4 970 1007 1008 971 
4 971 1008 1009 972 
4 972 1009 1010 973 
4 973 1010 1011 974 
4 974 1011 1012 975 
4 975 1012 1013 976 
4 976 1013 1014 977 
4 977 1014 1015 978 
4 978 1015 1016 979 
4 979 1016 1017 980 
4 980 1017 1018 981 
4 981 1018 1019 982 
4 982 1019 1020 983 
4 983 1020 1021 984 
4 984 1021 1022 985 
4 985 1022 1023 986 
4 986 1023 1024 987 
4 987 1024 1025 988 
4 988 1025 1026 989 
4 989 1026 1027 990 
4 990 1027 1028 991 
4 991 1028 1029 992 
4 992 1029 1030 993 
4 993 1030 1031 994 
4 994 1031 1032 995 
4 995 1032 1033 996 
4 996 1033 1034 997 
4 997 1034 1035 998 
4 998 1035 1036 999 
4 1000 1037 1038 1001 
4 1001 1038 1039 1002 
4 1002 1039 1040 1003 
4 1003 1040 1041 1004 
4 1004 1041 1042 1005 
4 1005 1042 1043 1006 
4 1006 1043 1044 1007 
4 1007 1044 1045 1008 
4 1008 1045 1046 1009 
4 1009 1046 1047 1010 
4 1010 1047 1048 1011 
4 1011 1048 1049 1012 
4 1012 1049 1050 1013 
4 1013 1050 1051 1014 
4 1014 1051 1052 1015 
4 1015 1052 1053 1016 
4 1016 1053 1054 1017 
4 1017 1054 1055 1018 
4 1018 1055 1056 1019 
4 1019 1056 1057 1020 
4 1020 1057 1058 1021 
4 1021 1058 1059 1022 
4 1022 1059 1060 1023 
4 1023 1060 1061 1024 
4 1024 1061 1062 1025 
4 1025 1062 1063 1026 
4 1026 1063 1064 1027 
4 1027 1064 1065 1028 
4 1028 1065 1066 1029 
4 1029 1066 1067 1030 
4 1030 1067 1068 1031 
4 1031 1068 1069 1032 
4 1032 1069 1070 1033 
4 1033 1070 1071 1034 
4 1034 1071 1072 1035 
4 1035 1072 1073 1036 
4 1037 1074 1075 1038 
4 1038 1075 1076 1039 
4 1039 1076 1077 1040 
4 1040 1077 1078 1041 
4 1041 1078 1079 1042 
4 1042 1079 1080 1043 
4 1043 1080 1081 1044 
4 1044 1081 1082 1045 
4 1045 1082 1083 1046 
4 1046 1083 1084 1047 
4 1047 1084 1085 1048 
4 1048 1085 1086 1049 
4 1049 1086 1087 1050 
4 1050 1087 1088 1051 
4 1051 1088 1089 1052 
4 1052 1089 1090 1053 
4 1053 1090 1091 1054 
4 1054 1091 1092 1055 
4 1055 1092 1093 1056 
4 1056 1093 1094 1057 
4 1057 1094 1095 1058 
4 1058 1095 1096 1059 
4 1059 1096 1097 1060 
4 1060 1097 1098 1061 
4 1061 1098 1099 1062 
4 1062 1099 1100 1063 
4 1063 1100 1101 1064 
4 1064 1101 1102 1065 
4 1065 1102 1103 1066 
4 1066 1103 1104 1067 
4 1067 1104 1105 1068 
4 1068 1105 1106 1069 
4 1069 1106 1107 1070 
4 1070 1107 1108 1071 
4 1071 1108 1109 1072 
4 1072 1109 1110 1073 
4 1074 1111 1112 1075 
4 1075 1112 1113 1076 
4 1076 1113 1114 1077 
4 1077 1114 1115 1078 
4 1078 1115 1116 1079 
4 1079 1116 1117 1080 
4 1080 1117 1118 1081 
4 1081 1118 1119 1082 
4 1082 1119 1120 1083 
4 1083 1120 1121 1084 
4 1084 1121 1122 1085 
4 1085 1122 1123 1086 
4 1086 1123 1124 1087 
4 1087 1124 1125 1088 
4 1088 1125 1126 1089 
4 1089 1126 1127 1090 
4 1090 1127 1128 1091 
4 1091 1128 1129 1092 
4 1092 1129 1130 1093 
4 1093 1130 1131 1094 
4 1094 1131 1132 1095 
4 1095 1132 1133 1096 
4 1096 1133 1134 1097 
4 1097 1134 1135 1098 
4 1098 1135 1136 1099 
4 1099 1136 1137 1100 
4 1100 1137 1138 1101 
4 1101 1138 1139 1102 
4 1102 1139 1140 1103 
4 1103 1140 1141 1104 
4 1104 1141 1142 1105 
4 1105 1142 1143 1106 
4 1106 1143 1144 1107 
4 1107 1144 1145 1108 
4 1108 1145 1146 1109 
4 1109 1146 1147 1110 
4 1111 1148 1149 1112 
4 1112 1149 1150 1113 
4 1113 1150 1151 1114 
4 1114 1151 1152 1115 
4 1115 1152 1153 1116 
4 1116 1153 1154 1117 
4 1117 1154 1155 1118 
4 1118 1155 1156 1119 
4 1119 1156 1157 1120 
4 1120 1157 1158 1121 
4 1121 1158 1159 1122 
4 1122 1159 1160 1123 
4 1123 1160 1161 1124 
4 1124 1161 1162 1125 
4 1125 1162 1163 1126 
4 1126 1163 1164 1127 
4 1127 1164 1165 1128 
4 1128 1165 1166 1129 
4 1129 1166 1167 1130 
4 1130 1167 1168 1131 
4 1131 1168 1169 1132 
4 1132 1169 1170 1133 
4 1133 1170 1171 1134 
4 1134 1171 1172 1135 
4 1135 1172 1173 1136 
4 1136 1173 1174 1137 
4 1137 1174 1175 1138 
4 1138 1175 1176 1139 
4 1139 1176 1177 1140 
4 1140 1177 1178 1141 
4 1141 1178 1179 1142 
4 1142 1179 1180 1143 
4 1143 1180 1181 1144 
4 1144 1181 1182 1145 
4 1145 1182 1183 1146 
4 1146 1183 1184 1147 
4 1148 1185 1186 1149 
4 1149 1186 1187 1150 
4 1150 1187 1188 1151 
4 1151 1188 1189 1152 
4 1152 1189 1190 1153 
4 1153 1190 1191 1154 
4 1154 1191 1192 1155 
4 1155 1192 1193 1156 
4 1156 1193 1194 1157 
4 1157 1194 1195 1158 
4 1158 1195 1196 1159 
4 1159 1196 1197 1160 
4 1160 1197 1198 1161 
4 1161 1198 1199 1162 
4 1162 1199 1200 1163 
4 1163 1200 1201 1164 
4 1164 1201 1202 1165 
4 1165 1202 1203 1166 
4 1166 1203 1204 1167 
4 1167 1204 1205 1168 
4 1168 1205 1206 1169 
4 1169 1206 1207 1170 
4 1170 1207 1208 1171 
4 1171 1208 1209 1172 
4 1172 1209 1210 1173 
4 1173 1210 1211 1174 
4 1174 1211 1212 1175 
4 1175 1212 1213 1176 
4 1176 1213 1214 1177 
4 1177 1214 1215 1178 
4 1178 1215 1216 1179 
4 1179 1216 1217 1180 
4 1180 1217 1218 1181 
4 1181 1218 1219 1182 
4 1182 1219 1220 1183 
4 1183 1220 1221 1184 
4 1185 1222 1223 1186 
4 1186 1223 1224 1187 
4 1187 1224 1225 1188 
4 1188 1225 1226 1189 
4 1189 1226 1227 1190 
4 1190 1227 1228 1191 
4 1191 1228 1229 1192 
4 1192 1229 1230 1193 
4 1193 1230 1231 1194 
4 1194 1231 1232 1195 
4 1195 1232 1233 1196 
4 1196 1233 1234 1197 
4 1197 1234 1235 1198 
4 1198 1235 1236 1199 
4 1199 1236 1237 1200 
4 1200 1237 1238 1201 
4 1201 1238 1239 1202 
4 1202 1239 1240 1203 
4 1203 1240 1241 1204 
4 1204 1241 1242 1205 
4 1205 1242 1243 1206 
4 1206 1243 1244 1207 
4 1207 1244 1245 1208 
4 1208 1245 1246 1209 
4 1209 1246 1247 1210 
4 1210 1247 1248 1211 
4 1211 1248 1249 1212 
4 1212 1249 1250 1213 
4 1213 1250 1251 1214 
4 1214 1251 1252 1215 
4 1215 1252 1253 1216 
4 1216 1253 1254 1217 
4 1217 1254 1255 1218 
4 1218 1255 1256 1219 
4 1219 1256 1257 1220 
4 1220 1257 1258 1221 
4 1222 1259 1260 1223 
4 1223 1260 1261 1224 
4 1224 1261 1262 1225 
4 1225 1262 1263 1226 
4 1226 1263 1264 1227 
4 1227 1264 1265 1228 
4 1228 1265 1266 1229 
4 1229 1266 1267 1230 
4 1230 1267 1268 1231 
4 1231 1268 1269 1232 
4 1232 1269 1270 1233 
4 1233 1270 1271 1234 
4 1234 1271 1272 1235 
4 1235 1272 1273 1236 
4 1236 1273 1274 1237 
4 1237 1274 1275 1238 
4 1238 1275 1276 1239 
4 1239 1276 1277 1240 
4 1240 1277 1278 1241 
4 1241 1278 1279 1242 
4 1242 1279 1280 1243 
4 1243 1280 1281 1244 
4 1244 1281 1282 1245 
4 1245 1282 1283 1246 
4 1246 1283 1284 1247 
4 1247 1284 1285 1248 
4 1248 1285 1286 1249 
4 1249 1286 1287 1250 
4 1250 1287 1288 1251 
4 1251 1288 1289 1252 
4 1252 1289 1290 1253 
4 1253 1290 1291 1254 
4 1254 1291 1292 1255 
4 1255 1292 1293 1256 
4 1256 1293 1294 1257 
4 1257 1294 1295 1258 
4 1259 1296 1297 1260 
4 1260 1297 1298 1261 
4 1261 1298 1299 1262 
4 1262 1299 1300 1263 
4 1263 1300 1301 1264 
4 1264 1301 1302 1265 
4 1265 1302 1303 1266 
4 1266 1303 1304 1267 
4 1267 1304 1305 1268 
4 1268 1305 1306 1269 
4 1269 1306 1307 1270 
4 1270 1307 1308 1271 
4 1271 1308 1309 1272 
4 1272 1309 1310 1273 
4 1273 1310 1311 1274 
4 1274 1311 1312 1275 
4 1275 1312 1313 1276 
4 1276 1313 1314 1277 
4 1277 1314 1315 1278 
4 1278 1315 1316 1279 
4 1279 1316 1317 1280 
4 1280 1317 1318 1281 
4 1281 1318 1319 1282 
4 1282 1319 1320 1283 
4 1283 1320 1321 1284 
4 1284 1321 1322 1285 
4 1285 1322 1323 1286 
4 1286 1323 1324 1287 
4 1287 1324 1325 1288 
4 1288 1325 1326 1289 
4 1289 1326 1327 1290 
4 1290 1327 1328 1291 
4 1291 1328 1329 1292 
4 1292 1329 1330 1293 
4 1293 1330 1331 1294 
4 1294 1331 1332 1295 
4 1296 1333 1334 1297 
4 1297 1334 1335 1298 
4 1298 1335 1336 1299 
4 1299 1336 1337 1300 
4 1300 1337 1338 1301 
4 1301 1338 1339 1302 
4 1302 1339 1340 1303 
4 1303 1340 1341 1304 
4 1304 1341 1342 1305 
4 1305 1342 1343 1306 
4 1306 1343 1344 1307 
4 1307 1344 1345 1308 
4 1308 1345 1346 1309 
4 1309 1346 1347 1310 
4 1310 1347 1348 1311 
4 1311 1348 1349 1312 
4 1312 1349 1350 1313 
4 1313 1350 1351 1314 
4 1314 1351 1352 1315 
4 1315 1352 1353 1316 
4 1316 1353 1354 1317 
4 1317 1354 1355 1318 
4 1318 1355 1356 1319 
4 1319 1356 1357 1320 
4 1320 1357 1358 1321 
4 1321 1358 1359 1322 
4 1322 1359 1360 1323 
4 1323 1360 1361 1324 
4 1324 1361 1362 1325 
4 1325 1362 1363 1326 
4 1326 1363 1364 1327 
4 1327 1364 1365 1328 
4 1328 1365 1366 1329 
4 1329 1366 1367 1330 
4 1330 1367 1368 1331 
4 1331 1368 1369 1332 
# indices of nodes located on the boundary
1 2 3 4 5 6 7 8 9 10 11 12 13 14 15 16 17 18 19 20 21 22 23 24 25 26 27 28 29 30 31 32 33 34 35 36 37 38 74 75 111 112 148 149 185 186 222 223 259 260 296 297 333 334 370 371 407 408 444 445 481 482 518 519 555 556 592 593 629 630 666 667 703 704 740 741 777 778 814 815 851 852 888 889 925 926 962 963 999 1000 1036 1037 1073 1074 1110 1111 1147 1148 1184 1185 1221 1222 1258 1259 1295 1296 1332 1333 1334 1335 1336 1337 1338 1339 1340 1341 1342 1343 1344 1345 1346 1347 1348 1349 1350 1351 1352 1353 1354 1355 1356 1357 1358 1359 1360 1361 1362 1363 1364 1365 1366 1367 1368 1369 
