# domain type
Quadrilateral
# nodal coordinates: number of nodes followed by the coordinates
196
0.0000000000000000 0.0000000000000000
0.0000000000000000 0.0769230769230769
0.0000000000000000 0.1538461538461539
0.0000000000000000 0.2307692307692308
0.0000000000000000 0.3076923076923077
0.0000000000000000 0.3846153846153846
0.0000000000000000 0.4615384615384616
0.0000000000000000 0.5384615384615384
0.0000000000000000 0.6153846153846154
0.0000000000000000 0.6923076923076923
0.0000000000000000 0.7692307692307693
0.0000000000000000 0.8461538461538461
0.0000000000000000 0.9230769230769231
0.0000000000000000 1.0000000000000000
0.0769230769230769 0.0000000000000000
0.0769230769230769 0.0769230769230769
0.0769230769230769 0.1538461538461539
0.0769230769230769 0.2307692307692308
0.0769230769230769 0.3076923076923077
0.0769230769230769 0.3846153846153846
0.0769230769230769 0.4615384615384616
0.0769230769230769 0.5384615384615384
0.0769230769230769 0.6153846153846154
0.0769230769230769 0.6923076923076923
0.0769230769230769 0.7692307692307693
0.0769230769230769 0.8461538461538461
0.0769230769230769 0.9230769230769231
0.0769230769230769 1.0000000000000000
0.1538461538461539 0.0000000000000000
0.1538461538461539 0.0769230769230769
0.1538461538461539 0.1538461538461539
0.1538461538461539 0.2307692307692308
0.1538461538461539 0.3076923076923077
0.1538461538461539 0.3846153846153846
0.1538461538461539 0.4615384615384616
0.1538461538461539 0.5384615384615384
0.1538461538461539 0.6153846153846154
0.1538461538461539 0.6923076923076923
0.1538461538461539 0.7692307692307693
0.1538461538461539 0.8461538461538461
0.1538461538461539 0.9230769230769231
0.1538461538461539 1.0000000000000000
0.2307692307692308 0.0000000000000000
0.2307692307692308 0.0769230769230769
0.2307692307692308 0.1538461538461539
0.2307692307692308 0.2307692307692308
0.2307692307692308 0.3076923076923077
0.2307692307692308 0.3846153846153846
0.2307692307692308 0.4615384615384616
0.2307692307692308 0.5384615384615384
0.2307692307692308 0.6153846153846154
0.2307692307692308 0.6923076923076923
0.2307692307692308 0.7692307692307693
0.2307692307692308 0.8461538461538461
0.2307692307692308 0.9230769230769231
0.2307692307692308 1.0000000000000000
0.3076923076923077 0.0000000000000000
0.3076923076923077 0.0769230769230769
0.3076923076923077 0.1538461538461539
0.3076923076923077 0.2307692307692308
0.3076923076923077 0.3076923076923077
0.3076923076923077 0.3846153846153846
0.3076923076923077 0.4615384615384616
0.3076923076923077 0.5384615384615384
0.3076923076923077 0.6153846153846154
0.3076923076923077 0.6923076923076923
0.3076923076923077 0.7692307692307693
0.3076923076923077 0.8461538461538461
0.3076923076923077 0.9230769230769231
0.3076923076923077 1.0000000000000000
0.3846153846153846 0.0000000000000000
0.3846153846153846 0.0769230769230769
0.3846153846153846 0.1538461538461539
0.3846153846153846 0.2307692307692308
0.3846153846153846 0.3076923076923077
0.3846153846153846 0.3846153846153846
0.3846153846153846 0.4615384615384616
0.3846153846153846 0.5384615384615384
0.3846153846153846 0.6153846153846154
0.3846153846153846 0.6923076923076923
0.3846153846153846 0.7692307692307693
0.3846153846153846 0.8461538461538461
0.3846153846153846 0.9230769230769231
0.3846153846153846 1.0000000000000000
0.4615384615384616 0.0000000000000000
0.4615384615384616 0.0769230769230769
0.4615384615384616 0.1538461538461539
0.4615384615384616 0.2307692307692308
0.4615384615384616 0.3076923076923077
0.4615384615384616 0.3846153846153846
0.4615384615384616 0.4615384615384616
0.4615384615384616 0.5384615384615384
0.4615384615384616 0.6153846153846154
0.4615384615384616 0.6923076923076923
0.4615384615384616 0.7692307692307693
0.4615384615384616 0.8461538461538461
0.4615384615384616 0.9230769230769231
0.4615384615384616 1.0000000000000000
0.5384615384615384 0.0000000000000000
0.5384615384615384 0.0769230769230769
0.5384615384615384 0.1538461538461539
0.5384615384615384 0.2307692307692308
0.5384615384615384 0.3076923076923077
0.5384615384615384 0.3846153846153846
0.5384615384615384 0.4615384615384616
0.5384615384615384 0.5384615384615384
0.5384615384615384 0.6153846153846154
0.5384615384615384 0.6923076923076923
0.5384615384615384 0.7692307692307693
0.5384615384615384 0.8461538461538461
0.5384615384615384 0.9230769230769231
0.5384615384615384 1.0000000000000000
0.6153846153846154 0.0000000000000000
0.6153846153846154 0.0769230769230769
0.6153846153846154 0.1538461538461539
0.6153846153846154 0.2307692307692308
0.6153846153846154 0.3076923076923077
0.6153846153846154 0.3846153846153846
0.6153846153846154 0.4615384615384616
0.6153846153846154 0.5384615384615384
0.6153846153846154 0.6153846153846154
0.6153846153846154 0.6923076923076923
0.6153846153846154 0.7692307692307693
0.6153846153846154 0.8461538461538461
0.6153846153846154 0.9230769230769231
0.6153846153846154 1.0000000000000000
0.6923076923076923 0.0000000000000000
0.6923076923076923 0.0769230769230769
0.6923076923076923 0.1538461538461539
0.6923076923076923 0.2307692307692308
0.6923076923076923 0.3076923076923077
0.6923076923076923 0.3846153846153846
0.6923076923076923 0.4615384615384616
0.6923076923076923 0.5384615384615384
0.6923076923076923 0.6153846153846154
0.6923076923076923 0.6923076923076923
0.6923076923076923 0.7692307692307693
0.6923076923076923 0.8461538461538461
0.6923076923076923 0.9230769230769231
0.6923076923076923 1.0000000000000000
0.7692307692307693 0.0000000000000000
0.7692307692307693 0.0769230769230769
0.7692307692307693 0.1538461538461539
0.7692307692307693 0.2307692307692308
0.7692307692307693 0.3076923076923077
0.7692307692307693 0.3846153846153846
0.7692307692307693 0.4615384615384616
0.7692307692307693 0.5384615384615384
0.7692307692307693 0.6153846153846154
0.7692307692307693 0.6923076923076923
0.7692307692307693 0.7692307692307693
0.7692307692307693 0.8461538461538461
0.7692307692307693 0.9230769230769231
0.7692307692307693 1.0000000000000000
0.8461538461538461 0.0000000000000000
0.8461538461538461 0.0769230769230769
0.8461538461538461 0.1538461538461539
0.8461538461538461 0.2307692307692308
0.8461538461538461 0.3076923076923077
0.8461538461538461 0.3846153846153846
0.8461538461538461 0.4615384615384616
0.8461538461538461 0.5384615384615384
0.8461538461538461 0.6153846153846154
0.8461538461538461 0.6923076923076923
0.8461538461538461 0.7692307692307693
0.8461538461538461 0.8461538461538461
0.8461538461538461 0.9230769230769231
0.8461538461538461 1.0000000000000000
0.9230769230769231 0.0000000000000000
0.9230769230769231 0.0769230769230769
0.9230769230769231 0.1538461538461539
0.9230769230769231 0.2307692307692308
0.9230769230769231 0.3076923076923077
0.9230769230769231 0.3846153846153846
0.9230769230769231 0.4615384615384616
0.9230769230769231 0.5384615384615384
0.9230769230769231 0.6153846153846154
0.9230769230769231 0.6923076923076923
0.9230769230769231 0.7692307692307693
0.9230769230769231 0.8461538461538461
0.9230769230769231 0.9230769230769231
0.9230769230769231 1.0000000000000000
1.0000000000000000 0.0000000000000000
1.0000000000000000 0.0769230769230769
1.0000000000000000 0.1538461538461539
1.0000000000000000 0.2307692307692308
1.0000000000000000 0.3076923076923077
1.0000000000000000 0.3846153846153846
1.0000000000000000 0.4615384615384616
1.0000000000000000 0.5384615384615384
1.0000000000000000 0.6153846153846154
1.0000000000000000 0.6923076923076923
1.0000000000000000 0.7692307692307693
1.0000000000000000 0.8461538461538461
1.0000000000000000 0.9230769230769231
1.0000000000000000 1.0000000000000000
# element connectivity: number of elements followed by the connectivity
169
4 1 15 16 2 
4 2 16 17 3 
4 3 17 18 4 
4 4 18 19 5 
4 5 19 20 6 
4 6 20 21 7 
4 7 21 22 8 
4 8 22 23 9 
4 9 23 24 10 
4 10 24 25 11 
4 11 25 26 12 
4 12 26 27 13 
4 13 27 28 14 
4 15 29 30 16 
4 16 30 31 17 
4 17 31 32 18 
4 18 32 33 19 
4 19 33 34 20 
4 20 34 35 21 
4 21 35 36 22 
4 22 36 37 23 
4 23 37 38 24 
4 24 38 39 25 
4 25 39 40 26 
4 26 40 41 27 
4 27 41 42 28 
4 29 43 44 30 
4 30 44 45 31 
4 31 45 46 32 
4 32 46 47 33 
4 33 47 48 34 
4 34 48 49 35 
4 35 49 50 36 
4 36 50 51 37 
4 37 51 52 38 
4 38 52 53 39 
4 39 53 54 40 
4 40 54 55 41 
4 41 55 56 42 
4 43 57 58 44 
4 44 58 59 45 
4 45 59 60 46 
4 46 60 61 47 
4 47 61 62 48 
4 48 62 63 49 
4 49 63 64 50 
4 50 64 65 51 
4 51 65 66 52 
4 52 66 67 53 
4 53 67 68 54 
4 54 68 69 55 
4 55 69 70 56 
4 57 71 72 58 
4 58 72 73 59 
4 59 73 74 60 
4 60 74 75 61 
4 61 75 76 62 
4 62 76 77 63 
4 63 77 78 64 
4 64 78 79 65 
4 65 79 80 66 
4 66 80 81 67 
4 67 81 82 68 
4 68 82 83 69 
4 69 83 84 70 
4 71 85 86 72 
4 72 86 87 73 
4 73 87 88 74 
4 74 88 89 75 
4 75 89 90 76 
4 76 90 91 77 
4 77 91 92 78 
4 78 92 93 79 
4 79 93 94 80 
4 80 94 95 81 
4 81 95 96 82 
4 82 96 97 83 
4 83 97 98 84 
4 85 99 100 86 
4 86 100 101 87 
4 87 101 102 88 
4 88 102 103 89 
4 89 103 104 90 
4 90 104 105 91 
4 91 105 106 92 
4 92 106 107 93 
4 93 107 108 94 
4 94 108 109 95 
4 95 109 110 96 
4 96 110 111 97 
4 97 111 112 98 
4 99 113 114 100 
4 100 114 115 101 
4 101 115 116 102 
4 102 116 117 103 
4 103 117 118 104 
4 104 118 119 105 
4 105 119 120 106 
4 106 120 121 107 
4 107 121 122 108 
4 108 122 123 109 
4 109 123 124 110 
4 110 124 125 111 
4 111 125 126 112 
4 113 127 128 114 
4 114 128 129 115 
4 115 129 130 116 
4 116 130 131 117 
4 117 131 132 118 
4 118 132 133 119 
4 119 133 134 120 
4 120 134 135 121 
4 121 135 136 122 
4 122 136 137 123 
4 123 137 138 124 
4 124 138 139 125 
4 125 139 140 126 
4 127 141 142 128 
4 128 142 143 129 
4 129 143 144 130 
4 130 144 145 131 
4 131 145 146 132 
4 132 146 147 133 
4 133 147 148 134 
4 134 148 149 135 
4 135 149 150 136 
4 136 150 151 137 
4 137 151 152 138 
4 138 152 153 139 
4 139 153 154 140 
4 141 155 156 142 
4 142 156 157 143 
4 143 157 158 144 
4 144 158 159 145 
4 145 159 160 146 
4 146 160 161 147 
4 147 161 162 148 
4 148 162 163 149 
4 149 163 164 150 
4 150 164 165 151 
4 151 165 166 152 
4 152 166 167 153 
4 153 167 168 154 
4 155 169 170 156 
4 156 170 171 157 
4 157 171 172 158 
4 158 172 173 159 
4 159 173 174 160 
4 160 174 175 161 
4 161 175 176 162 
4 162 176 177 163 
4 163 177 178 164 
4 164 178 179 165 
4 165 179 180 166 
4 166 180 181 167 
4 167 181 182 168 
4 169 183 184 170 
4 170 184 185 171 
4 171 185 186 172 
4 172 186 187 173 
4 173 187 188 174 
4 174 188 189 175 
4 175 189 190 176 
4 176 190 191 177 
4 177 191 192 178 
4 178 192 193 179 
4 179 193 194 180 
4 180 194 195 181 
4 181 195 196 182 
# indices of nodes located on the boundary
1 2 3 4 5 6 7 8 9 10 11 12 13 14 15 28 29 42 43 56 57 70 71 84 85 98 99 112 113 126 127 140 141 154 155 168 169 182 183 184 185 186 187 188 189 190 191 192 193 194 195 196 
