# domain type
Quadrilateral
# nodal coordinates: number of nodes followed by the coordinates
361
0.0000000000000000 0.0000000000000000
0.0000000000000000 0.0555555555555556
0.0000000000000000 0.1111111111111111
0.0000000000000000 0.1666666666666667
0.0000000000000000 0.2222222222222222
0.0000000000000000 0.2777777777777778
0.0000000000000000 0.3333333333333333
0.0000000000000000 0.3888888888888889
0.0000000000000000 0.4444444444444444
0.0000000000000000 0.5000000000000000
0.0000000000000000 0.5555555555555556
0.0000000000000000 0.6111111111111112
0.0000000000000000 0.6666666666666666
0.0000000000000000 0.7222222222222222
0.0000000000000000 0.7777777777777778
0.0000000000000000 0.8333333333333334
0.0000000000000000 0.8888888888888888
0.0000000000000000 0.9444444444444444
0.0000000000000000 1.0000000000000000
0.0555555555555556 0.0000000000000000
0.0555555555555556 0.0555555555555556
0.0555555555555556 0.1111111111111111
0.0555555555555556 0.1666666666666667
0.0555555555555556 0.2222222222222222
0.0555555555555556 0.2777777777777778
0.0555555555555556 0.3333333333333333
0.0555555555555556 0.3888888888888889
0.0555555555555556 0.4444444444444444
0.0555555555555556 0.5000000000000000
0.0555555555555556 0.5555555555555556
0.0555555555555556 0.6111111111111112
0.0555555555555556 0.6666666666666666
0.0555555555555556 0.7222222222222222
0.0555555555555556 0.7777777777777778
0.0555555555555556 0.8333333333333334
0.0555555555555556 0.8888888888888888
0.0555555555555556 0.9444444444444444
0.0555555555555556 1.0000000000000000
0.1111111111111111 0.0000000000000000
0.1111111111111111 0.0555555555555556
0.1111111111111111 0.1111111111111111
0.1111111111111111 0.1666666666666667
0.1111111111111111 0.2222222222222222
0.1111111111111111 0.2777777777777778
0.1111111111111111 0.3333333333333333
0.1111111111111111 0.3888888888888889
0.1111111111111111 0.4444444444444444
0.1111111111111111 0.5000000000000000
0.1111111111111111 0.5555555555555556
0.1111111111111111 0.6111111111111112
0.1111111111111111 0.6666666666666666
0.1111111111111111 0.7222222222222222
0.1111111111111111 0.7777777777777778
0.1111111111111111 0.8333333333333334
0.1111111111111111 0.8888888888888888
0.1111111111111111 0.9444444444444444
0.1111111111111111 1.0000000000000000
0.1666666666666667 0.0000000000000000
0.1666666666666667 0.0555555555555556
0.1666666666666667 0.1111111111111111
0.1666666666666667 0.1666666666666667
0.1666666666666667 0.2222222222222222
0.1666666666666667 0.2777777777777778
0.1666666666666667 0.3333333333333333
0.1666666666666667 0.3888888888888889
0.1666666666666667 0.4444444444444444
0.1666666666666667 0.5000000000000000
0.1666666666666667 0.5555555555555556
0.1666666666666667 0.6111111111111112
0.1666666666666667 0.6666666666666666
0.1666666666666667 0.7222222222222222
0.1666666666666667 0.7777777777777778
0.1666666666666667 0.8333333333333334
0.1666666666666667 0.8888888888888888
0.1666666666666667 0.9444444444444444
0.1666666666666667 1.0000000000000000
0.2222222222222222 0.0000000000000000
0.2222222222222222 0.0555555555555556
0.2222222222222222 0.1111111111111111
0.2222222222222222 0.1666666666666667
0.2222222222222222 0.2222222222222222
0.2222222222222222 0.2777777777777778
0.2222222222222222 0.3333333333333333
0.2222222222222222 0.3888888888888889
0.2222222222222222 0.4444444444444444
0.2222222222222222 0.5000000000000000
0.2222222222222222 0.5555555555555556
0.2222222222222222 0.6111111111111112
0.2222222222222222 0.6666666666666666
0.2222222222222222 0.7222222222222222
0.2222222222222222 0.7777777777777778
0.2222222222222222 0.8333333333333334
0.2222222222222222 0.8888888888888888
0.2222222222222222 0.9444444444444444
0.2222222222222222 1.0000000000000000
0.2777777777777778 0.0000000000000000
0.2777777777777778 0.0555555555555556
0.2777777777777778 0.1111111111111111
0.2777777777777778 0.1666666666666667
0.2777777777777778 0.2222222222222222
0.2777777777777778 0.2777777777777778
0.2777777777777778 0.3333333333333333
0.2777777777777778 0.3888888888888889
0.2777777777777778 0.4444444444444444
0.2777777777777778 0.5000000000000000
0.2777777777777778 0.5555555555555556
0.2777777777777778 0.6111111111111112
0.2777777777777778 0.6666666666666666
0.2777777777777778 0.7222222222222222
0.2777777777777778 0.7777777777777778
0.2777777777777778 0.8333333333333334
0.2777777777777778 0.8888888888888888
0.2777777777777778 0.9444444444444444
0.2777777777777778 1.0000000000000000
0.3333333333333333 0.0000000000000000
0.3333333333333333 0.0555555555555556
0.3333333333333333 0.1111111111111111
0.3333333333333333 0.1666666666666667
0.3333333333333333 0.2222222222222222
0.3333333333333333 0.2777777777777778
0.3333333333333333 0.3333333333333333
0.3333333333333333 0.3888888888888889
0.3333333333333333 0.4444444444444444
0.3333333333333333 0.5000000000000000
0.3333333333333333 0.5555555555555556
0.3333333333333333 0.6111111111111112
0.3333333333333333 0.6666666666666666
0.3333333333333333 0.7222222222222222
0.3333333333333333 0.7777777777777778
0.3333333333333333 0.8333333333333334
0.3333333333333333 0.8888888888888888
0.3333333333333333 0.9444444444444444
0.3333333333333333 1.0000000000000000
0.3888888888888889 0.0000000000000000
0.3888888888888889 0.0555555555555556
0.3888888888888889 0.1111111111111111
0.3888888888888889 0.1666666666666667
0.3888888888888889 0.2222222222222222
0.3888888888888889 0.2777777777777778
0.3888888888888889 0.3333333333333333
0.3888888888888889 0.3888888888888889
0.3888888888888889 0.4444444444444444
0.3888888888888889 0.5000000000000000
0.3888888888888889 0.5555555555555556
0.3888888888888889 0.6111111111111112
0.3888888888888889 0.6666666666666666
0.3888888888888889 0.7222222222222222
0.3888888888888889 0.7777777777777778
0.3888888888888889 0.8333333333333334
0.3888888888888889 0.8888888888888888
0.3888888888888889 0.9444444444444444
0.3888888888888889 1.0000000000000000
0.4444444444444444 0.0000000000000000
0.4444444444444444 0.0555555555555556
0.4444444444444444 0.1111111111111111
0.4444444444444444 0.1666666666666667
0.4444444444444444 0.2222222222222222
0.4444444444444444 0.2777777777777778
0.4444444444444444 0.3333333333333333
0.4444444444444444 0.3888888888888889
0.4444444444444444 0.4444444444444444
0.4444444444444444 0.5000000000000000
0.4444444444444444 0.5555555555555556
0.4444444444444444 0.6111111111111112
0.4444444444444444 0.6666666666666666
0.4444444444444444 0.7222222222222222
0.4444444444444444 0.7777777777777778
0.4444444444444444 0.8333333333333334
0.4444444444444444 0.8888888888888888
0.4444444444444444 0.9444444444444444
0.4444444444444444 1.0000000000000000
0.5000000000000000 0.0000000000000000
0.5000000000000000 0.0555555555555556
0.5000000000000000 0.1111111111111111
0.5000000000000000 0.1666666666666667
0.5000000000000000 0.2222222222222222
0.5000000000000000 0.2777777777777778
0.5000000000000000 0.3333333333333333
0.5000000000000000 0.3888888888888889
0.5000000000000000 0.4444444444444444
0.5000000000000000 0.5000000000000000
0.5000000000000000 0.5555555555555556
0.5000000000000000 0.6111111111111112
0.5000000000000000 0.6666666666666666
0.5000000000000000 0.7222222222222222
0.5000000000000000 0.7777777777777778
0.5000000000000000 0.8333333333333334
0.5000000000000000 0.8888888888888888
0.5000000000000000 0.9444444444444444
0.5000000000000000 1.0000000000000000
0.5555555555555556 0.0000000000000000
0.5555555555555556 0.0555555555555556
0.5555555555555556 0.1111111111111111
0.5555555555555556 0.1666666666666667
0.5555555555555556 0.2222222222222222
0.5555555555555556 0.2777777777777778
0.5555555555555556 0.3333333333333333
0.5555555555555556 0.3888888888888889
0.5555555555555556 0.4444444444444444
0.5555555555555556 0.5000000000000000
0.5555555555555556 0.5555555555555556
0.5555555555555556 0.6111111111111112
0.5555555555555556 0.6666666666666666
0.5555555555555556 0.7222222222222222
0.5555555555555556 0.7777777777777778
0.5555555555555556 0.8333333333333334
0.5555555555555556 0.8888888888888888
0.5555555555555556 0.9444444444444444
0.5555555555555556 1.0000000000000000
0.6111111111111112 0.0000000000000000
0.6111111111111112 0.0555555555555556
0.6111111111111112 0.1111111111111111
0.6111111111111112 0.1666666666666667
0.6111111111111112 0.2222222222222222
0.6111111111111112 0.2777777777777778
0.6111111111111112 0.3333333333333333
0.6111111111111112 0.3888888888888889
0.6111111111111112 0.4444444444444444
0.6111111111111112 0.5000000000000000
0.6111111111111112 0.5555555555555556
0.6111111111111112 0.6111111111111112
0.6111111111111112 0.6666666666666666
0.6111111111111112 0.7222222222222222
0.6111111111111112 0.7777777777777778
0.6111111111111112 0.8333333333333334
0.6111111111111112 0.8888888888888888
0.6111111111111112 0.9444444444444444
0.6111111111111112 1.0000000000000000
0.6666666666666666 0.0000000000000000
0.6666666666666666 0.0555555555555556
0.6666666666666666 0.1111111111111111
0.6666666666666666 0.1666666666666667
0.6666666666666666 0.2222222222222222
0.6666666666666666 0.2777777777777778
0.6666666666666666 0.3333333333333333
0.6666666666666666 0.3888888888888889
0.6666666666666666 0.4444444444444444
0.6666666666666666 0.5000000000000000
0.6666666666666666 0.5555555555555556
0.6666666666666666 0.6111111111111112
0.6666666666666666 0.6666666666666666
0.6666666666666666 0.7222222222222222
0.6666666666666666 0.7777777777777778
0.6666666666666666 0.8333333333333334
0.6666666666666666 0.8888888888888888
0.6666666666666666 0.9444444444444444
0.6666666666666666 1.0000000000000000
0.7222222222222222 0.0000000000000000
0.7222222222222222 0.0555555555555556
0.7222222222222222 0.1111111111111111
0.7222222222222222 0.1666666666666667
0.7222222222222222 0.2222222222222222
0.7222222222222222 0.2777777777777778
0.7222222222222222 0.3333333333333333
0.7222222222222222 0.3888888888888889
0.7222222222222222 0.4444444444444444
0.7222222222222222 0.5000000000000000
0.7222222222222222 0.5555555555555556
0.7222222222222222 0.6111111111111112
0.7222222222222222 0.6666666666666666
0.7222222222222222 0.7222222222222222
0.7222222222222222 0.7777777777777778
0.7222222222222222 0.8333333333333334
0.7222222222222222 0.8888888888888888
0.7222222222222222 0.9444444444444444
0.7222222222222222 1.0000000000000000
0.7777777777777778 0.0000000000000000
0.7777777777777778 0.0555555555555556
0.7777777777777778 0.1111111111111111
0.7777777777777778 0.1666666666666667
0.7777777777777778 0.2222222222222222
0.7777777777777778 0.2777777777777778
0.7777777777777778 0.3333333333333333
0.7777777777777778 0.3888888888888889
0.7777777777777778 0.4444444444444444
0.7777777777777778 0.5000000000000000
0.7777777777777778 0.5555555555555556
0.7777777777777778 0.6111111111111112
0.7777777777777778 0.6666666666666666
0.7777777777777778 0.7222222222222222
0.7777777777777778 0.7777777777777778
0.7777777777777778 0.8333333333333334
0.7777777777777778 0.8888888888888888
0.7777777777777778 0.9444444444444444
0.7777777777777778 1.0000000000000000
0.8333333333333334 0.0000000000000000
0.8333333333333334 0.0555555555555556
0.8333333333333334 0.1111111111111111
0.8333333333333334 0.1666666666666667
0.8333333333333334 0.2222222222222222
0.8333333333333334 0.2777777777777778
0.8333333333333334 0.3333333333333333
0.8333333333333334 0.3888888888888889
0.8333333333333334 0.4444444444444444
0.8333333333333334 0.5000000000000000
0.8333333333333334 0.5555555555555556
0.8333333333333334 0.6111111111111112
0.8333333333333334 0.6666666666666666
0.8333333333333334 0.7222222222222222
0.8333333333333334 0.7777777777777778
0.8333333333333334 0.8333333333333334
0.8333333333333334 0.8888888888888888
0.8333333333333334 0.9444444444444444
0.8333333333333334 1.0000000000000000
0.8888888888888888 0.0000000000000000
0.8888888888888888 0.0555555555555556
0.8888888888888888 0.1111111111111111
0.8888888888888888 0.1666666666666667
0.8888888888888888 0.2222222222222222
0.8888888888888888 0.2777777777777778
0.8888888888888888 0.3333333333333333
0.8888888888888888 0.3888888888888889
0.8888888888888888 0.4444444444444444
0.8888888888888888 0.5000000000000000
0.8888888888888888 0.5555555555555556
0.8888888888888888 0.6111111111111112
0.8888888888888888 0.6666666666666666
0.8888888888888888 0.7222222222222222
0.8888888888888888 0.7777777777777778
0.8888888888888888 0.8333333333333334
0.8888888888888888 0.8888888888888888
0.8888888888888888 0.9444444444444444
0.8888888888888888 1.0000000000000000
0.9444444444444444 0.0000000000000000
0.9444444444444444 0.0555555555555556
0.9444444444444444 0.1111111111111111
0.9444444444444444 0.1666666666666667
0.9444444444444444 0.2222222222222222
0.9444444444444444 0.2777777777777778
0.9444444444444444 0.3333333333333333
0.9444444444444444 0.3888888888888889
0.9444444444444444 0.4444444444444444
0.9444444444444444 0.5000000000000000
0.9444444444444444 0.5555555555555556
0.9444444444444444 0.6111111111111112
0.9444444444444444 0.6666666666666666
0.9444444444444444 0.7222222222222222
0.9444444444444444 0.7777777777777778
0.9444444444444444 0.8333333333333334
0.9444444444444444 0.8888888888888888
0.9444444444444444 0.9444444444444444
0.9444444444444444 1.0000000000000000
1.0000000000000000 0.0000000000000000
1.0000000000000000 0.0555555555555556
1.0000000000000000 0.1111111111111111
1.0000000000000000 0.1666666666666667
1.0000000000000000 0.2222222222222222
1.0000000000000000 0.2777777777777778
1.0000000000000000 0.3333333333333333
1.0000000000000000 0.3888888888888889
1.0000000000000000 0.4444444444444444
1.0000000000000000 0.5000000000000000
1.0000000000000000 0.5555555555555556
1.0000000000000000 0.6111111111111112
1.0000000000000000 0.6666666666666666
1.0000000000000000 0.7222222222222222
1.0000000000000000 0.7777777777777778
1.0000000000000000 0.8333333333333334
1.0000000000000000 0.8888888888888888
1.0000000000000000 0.9444444444444444
1.0000000000000000 1.0000000000000000
# element connectivity: number of elements followed by the connectivity
324
4 1 20 21 2 
4 2 21 22 3 
4 3 22 23 4 
4 4 23 24 5 
4 5 24 25 6 
4 6 25 26 7 
4 7 26 27 8 
4 8 27 28 9 
4 9 28 29 10 
4 10 29 30 11 
4 11 30 31 12 
4 12 31 32 13 
4 13 32 33 14 
4 14 33 34 15 
4 15 34 35 16 
4 16 35 36 17 
4 17 36 37 18 
4 18 37 38 19 
4 20 39 40 21 
4 21 40 41 22 
4 22 41 42 23 
4 23 42 43 24 
4 24 43 44 25 
4 25 44 45 26 
4 26 45 46 27 
4 27 46 47 28 
4 28 47 48 29 
4 29 48 49 30 
4 30 49 50 31 
4 31 50 51 32 
4 32 51 52 33 
4 33 52 53 34 
4 34 53 54 35 
4 35 54 55 36 
4 36 55 56 37 
4 37 56 57 38 
4 39 58 59 40 
4 40 59 60 41 
4 41 60 61 42 
4 42 61 62 43 
4 43 62 63 44 
4 44 63 64 45 
4 45 64 65 46 
4 46 65 66 47 
4 47 66 67 48 
4 48 67 68 49 
4 49 68 69 50 
4 50 69 70 51 
4 51 70 71 52 
4 52 71 72 53 
4 53 72 73 54 
4 54 73 74 55 
4 55 74 75 56 
4 56 75 76 57 
4 58 77 78 59 
4 59 78 79 60 
4 60 79 80 61 
4 61 80 81 62 
4 62 81 82 63 
4 63 82 83 64 
4 64 83 84 65 
4 65 84 85 66 
4 66 85 86 67 
4 67 86 87 68 
4 68 87 88 69 
4 69 88 89 70 
4 70 89 90 71 
4 71 90 91 72 
4 72 91 92 73 
4 73 92 93 74 
4 74 93 94 75 
4 75 94 95 76 
4 77 96 97 78 
4 78 97 98 79 
4 79 98 99 80 
4 80 99 100 81 
4 81 100 101 82 
4 82 101 102 83 
4 83 102 103 84 
4 84 103 104 85 
4 85 104 105 86 
4 86 105 106 87 
4 87 106 107 88 
4 88 107 108 89 
4 89 108 109 90 
4 90 109 110 91 
4 91 110 111 92 
4 92 111 112 93 
4 93 112 113 94 
4 94 113 114 95 
4 96 115 116 97 
4 97 116 117 98 
4 98 117 118 99 
4 99 118 119 100 
4 100 119 120 101 
4 101 120 121 102 
4 102 121 122 103 
4 103 122 123 104 
4 104 123 124 105 
4 105 124 125 106 
4 106 125 126 107 
4 107 126 127 108 
4 108 127 128 109 
4 109 128 129 110 
4 110 129 130 111 
4 111 130 131 112 
4 112 131 132 113 
4 113 132 133 114 
4 115 134 135 116 
4 116 135 136 117 
4 117 136 137 118 
4 118 137 138 119 
4 119 138 139 120 
4 120 139 140 121 
4 121 140 141 122 
4 122 141 142 123 
4 123 142 143 124 
4 124 143 144 125 
4 125 144 145 126 
4 126 145 146 127 
4 127 146 147 128 
4 128 147 148 129 
4 129 148 149 130 
4 130 149 150 131 
4 131 150 151 132 
4 132 151 152 133 
4 134 153 154 135 
4 135 154 155 136 
4 136 155 156 137 
4 137 156 157 138 
4 138 157 158 139 
4 139 158 159 140 
4 140 159 160 141 
4 141 160 161 142 
4 142 161 162 143 
4 143 162 163 144 
4 144 163 164 145 
4 145 164 165 146 
4 146 165 166 147 
4 147 166 167 148 
4 148 167 168 149 
4 149 168 169 150 
4 150 169 170 151 
4 151 170 171 152 
4 153 172 173 154 
4 154 173 174 155 
4 155 174 175 156 
4 156 175 176 157 
4 157 176 177 158 
4 158 177 178 159 
4 159 178 179 160 
4 160 179 180 161 
4 161 180 181 162 
4 162 181 182 163 
4 163 182 183 164 
4 164 183 184 165 
4 165 184 185 166 
4 166 185 186 167 
4 167 186 187 168 
4 168 187 188 169 
4 169 188 189 170 
4 170 189 190 171 
4 172 191 192 173 
4 173 192 193 174 
4 174 193 194 175 
4 175 194 195 176 
4 176 195 196 177 
4 177 196 197 178 
4 178 197 198 179 
4 179 198 199 180 
4 180 199 200 181 
4 181 200 201 182 
4 182 201 202 183 
4 183 202 203 184 
4 184 203 204 185 
4 185 204 205 186 
4 186 205 206 187 
4 187 206 207 188 
4 188 207 208 189 
4 189 208 209 190 
4 191 210 211 192 
4 192 211 212 193 
4 193 212 213 194 
4 194 213 214 195 
4 195 214 215 196 
4 196 215 216 197 
4 197 216 217 198 
4 198 217 218 199 
4 199 218 219 200 
4 200 219 220 201 
4 201 220 221 202 
4 202 221 222 203 
4 203 222 223 204 
4 204 223 224 205 
4 205 224 225 206 
4 206 225 226 207 
4 207 226 227 208 
4 208 227 228 209 
4 210 229 230 211 
4 211 230 231 212 
4 212 231 232 213 
4 213 232 233 214 
4 214 233 234 215 
4 215 234 235 216 
4 216 235 236 217 
4 217 236 237 218 
4 218 237 238 219 
4 219 238 239 220 
4 220 239 240 221 
4 221 240 241 222 
4 222 241 242 223 
4 223 242 243 224 
4 224 243 244 225 
4 225 244 245 226 
4 226 245 246 227 
4 227 246 247 228 
4 229 248 249 230 
4 230 249 250 231 
4 231 250 251 232 
4 232 251 252 233 
4 233 252 253 234 
4 234 253 254 235 
4 235 254 255 236 
4 236 255 256 237 
4 237 256 257 238 
4 238 257 258 239 
4 239 258 259 240 
4 240 259 260 241 
4 241 260 261 242 
4 242 261 262 243 
4 243 262 263 244 
4 244 263 264 245 
4 245 264 265 246 
4 246 265 266 247 
4 248 267 268 249 
4 249 268 269 250 
4 250 269 270 251 
4 251 270 271 252 
4 252 271 272 253 
4 253 272 273 254 
4 254 273 274 255 
4 255 274 275 256 
4 256 275 276 257 
4 257 276 277 258 
4 258 277 278 259 
4 259 278 279 260 
4 260 279 280 261 
4 261 280 281 262 
4 262 281 282 263 
4 263 282 283 264 
4 264 283 284 265 
4 265 284 285 266 
4 267 286 287 268 
4 268 287 288 269 
4 269 288 289 270 
4 270 289 290 271 
4 271 290 291 272 
4 272 291 292 273 
4 273 292 293 274 
4 274 293 294 275 
4 275 294 295 276 
4 276 295 296 277 
4 277 296 297 278 
4 278 297 298 279 
4 279 298 299 280 
4 280 299 300 281 
4 281 300 301 282 
4 282 301 302 283 
4 283 302 303 284 
4 284 303 304 285 
4 286 305 306 287 
4 287 306 307 288 
4 288 307 308 289 
4 289 308 309 290 
4 290 309 310 291 
4 291 310 311 292 
4 292 311 312 293 
4 293 312 313 294 
4 294 313 314 295 
4 295 314 315 296 
4 296 315 316 297 
4 297 316 317 298 
4 298 317 318 299 
4 299 318 319 300 
4 300 319 320 301 
4 301 320 321 302 
4 302 321 322 303 
4 303 322 323 304 
4 305 324 325 306 
4 306 325 326 307 
4 307 326 327 308 
4 308 327 328 309 
4 309 328 329 310 
4 310 329 330 311 
4 311 330 331 312 
4 312 331 332 313 
4 313 332 333 314 
4 314 333 334 315 
4 315 334 335 316 
4 316 335 336 317 
4 317 336 337 318 
4 318 337 338 319 
4 319 338 339 320 
4 320 339 340 321 
4 321 340 341 322 
4 322 341 342 323 
4 324 343 344 325 
4 325 344 345 326 
4 326 345 346 327 
4 327 346 347 328 
4 328 347 348 329 
4 329 348 349 330 
4 330 349 350 331 
4 331 350 351 332 
4 332 351 352 333 
4 333 352 353 334 
4 334 353 354 335 
4 335 354 355 336 
4 336 355 356 337 
4 337 356 357 338 
4 338 357 358 339 
4 339 358 359 340 
4 340 359 360 341 
4 341 360 361 342 
# indices of nodes located on the boundary
1 2 3 4 5 6 7 8 9 10 11 12 13 14 15 16 17 18 19 20 38 39 57 58 76 77 95 96 114 115 133 134 152 153 171 172 190 191 209 210 228 229 247 248 266 267 285 286 304 305 323 324 342 343 344 345 346 347 348 349 350 351 352 353 354 355 356 357 358 359 360 361 
