# domain type
Quadrilateral
# nodal coordinates: number of nodes followed by the coordinates
25
0.0000000000000000 0.0000000000000000
0.0000000000000000 0.2500000000000000
0.0000000000000000 0.5000000000000000
0.0000000000000000 0.7500000000000000
0.0000000000000000 1.0000000000000000
0.2500000000000000 0.0000000000000000
0.2554239484441130 0.3499491620097704
0.2677107533789109 0.5287849344815138
0.3162808061960974 0.7914522538893108
0.2500000000000000 1.0000000000000000
0.5000000000000000 0.0000000000000000
0.5330828995203305 0.2964839941625138
0.5898486137834300 0.5763957078491957
0.5118155198446711 0.8318204038907671
0.5000000000000000 1.0000000000000000
0.7500000000000000 0.0000000000000000
0.8488417928784980 0.2600221540195491
0.8039982099037929 0.5178116953886767
0.8206917419322762 0.7859634913482081
0.7500000000000000 1.0000000000000000
1.0000000000000000 0.0000000000000000
1.0000000000000000 0.2500000000000000
1.0000000000000000 0.5000000000000000
1.0000000000000000 0.7500000000000000
1.0000000000000000 1.0000000000000000
# element connectivity: number of elements followed by the connectivity
16
4 1 6 7 2 
4 2 7 8 3 
4 3 8 9 4 
4 4 9 10 5 
4 6 11 12 7 
4 7 12 13 8 
4 8 13 14 9 
4 9 14 15 10 
4 11 16 17 12 
4 12 17 18 13 
4 13 18 19 14 
4 14 19 20 15 
4 16 21 22 17 
4 17 22 23 18 
4 18 23 24 19 
4 19 24 25 20 
# indices of nodes located on the boundary
1 2 3 4 5 6 10 11 15 16 20 21 22 23 24 25 
