# domain type
Quadrilateral
# nodal coordinates: number of nodes followed by the coordinates
100
0.0000000000000000 0.0000000000000000
0.0000000000000000 0.1111111111111111
0.0000000000000000 0.2222222222222222
0.0000000000000000 0.3333333333333333
0.0000000000000000 0.4444444444444444
0.0000000000000000 0.5555555555555556
0.0000000000000000 0.6666666666666666
0.0000000000000000 0.7777777777777778
0.0000000000000000 0.8888888888888888
0.0000000000000000 1.0000000000000000
0.1111111111111111 0.0000000000000000
0.1132643261890321 0.1347054336456857
0.1407962720699388 0.2262888325039739
0.1379319103924787 0.3513473519946929
0.1344934429242472 0.4491042776495892
0.1435426421432546 0.5605459538736012
0.1425445993473521 0.7015301284775072
0.1458389800799679 0.7907364585736414
0.1239100878050743 0.9157125972778172
0.1111111111111111 1.0000000000000000
0.2222222222222222 0.0000000000000000
0.2530014216171786 0.1539743407651512
0.2469631037761783 0.2414437775097938
0.2398453685591819 0.3642112086496862
0.2249595852023984 0.4781377455684201
0.2568966902884966 0.5747841033843156
0.2372259495134242 0.6957999128801572
0.2492384847672420 0.7826557800321357
0.2551668466445430 0.9303893265949036
0.2222222222222222 1.0000000000000000
0.3333333333333333 0.0000000000000000
0.3379916996432666 0.1194427025076305
0.3390172613236886 0.2340523928403395
0.3577573380895643 0.3687924560094043
0.3548990848259982 0.4661157233526188
0.3729100301859750 0.5897314784026164
0.3688426790583502 0.6842669664541278
0.3659707148309320 0.7899083908499418
0.3356147504938831 0.8905437615142368
0.3333333333333333 1.0000000000000000
0.4444444444444444 0.0000000000000000
0.4476837910710656 0.1410353295159401
0.4483789982077653 0.2413139759667490
0.4799267050717312 0.3534106326624327
0.4863559173142534 0.4715492075240096
0.4748318032181492 0.5581957020825902
0.4503147980317139 0.6807027305928385
0.4765655350958563 0.8121209835939083
0.4493490435841044 0.9198414661780486
0.4444444444444444 1.0000000000000000
0.5555555555555556 0.0000000000000000
0.5607774600956370 0.1166814302715191
0.5840319076873745 0.2280067311284188
0.5701695206558579 0.3374378817208534
0.5846138676709233 0.4447920130475260
0.5888502872490453 0.5743604171184075
0.5814749213979945 0.6958032522194628
0.5884458812439013 0.8099076677640900
0.5659923073221291 0.9124981908258861
0.5555555555555556 1.0000000000000000
0.6666666666666666 0.0000000000000000
0.6993314462976022 0.1159474639232465
0.7098043788927384 0.2503007277123773
0.7051969018556407 0.3389555495701913
0.6704993124383776 0.4504134801917144
0.6829527385030755 0.5599375152316000
0.6830755024146674 0.6729789888191968
0.6971123765627382 0.7852556132662901
0.6932418504615061 0.8976110632114201
0.6666666666666666 1.0000000000000000
0.7777777777777778 0.0000000000000000
0.8128606197174181 0.1252213233399749
0.7941179074861279 0.2362857332953907
0.7869345715335642 0.3430028137521253
0.7816296243286903 0.4556018598229216
0.8120859518710715 0.5952409957904878
0.7869188676206560 0.6979210322025018
0.7950342947132356 0.8024772418986394
0.8023012680869879 0.8970859407892290
0.7777777777777778 1.0000000000000000
0.8888888888888888 0.0000000000000000
0.8990645889788044 0.1205347041125476
0.9174195831288527 0.2256598581383412
0.9104213498843635 0.3739466849235363
0.8956375788940563 0.4758540096754191
0.9236414207372445 0.5803461763002168
0.8933602809938853 0.6805968439971818
0.9019585037226057 0.7851646027956511
0.8994388008758035 0.9165554337457731
0.8888888888888888 1.0000000000000000
1.0000000000000000 0.0000000000000000
1.0000000000000000 0.1111111111111111
1.0000000000000000 0.2222222222222222
1.0000000000000000 0.3333333333333333
1.0000000000000000 0.4444444444444444
1.0000000000000000 0.5555555555555556
1.0000000000000000 0.6666666666666666
1.0000000000000000 0.7777777777777778
1.0000000000000000 0.8888888888888888
1.0000000000000000 1.0000000000000000
# element connectivity: number of elements followed by the connectivity
81
4 1 11 12 2 
4 2 12 13 3 
4 3 13 14 4 
4 4 14 15 5 
4 5 15 16 6 
4 6 16 17 7 
4 7 17 18 8 
4 8 18 19 9 
4 9 19 20 10 
4 11 21 22 12 
4 12 22 23 13 
4 13 23 24 14 
4 14 24 25 15 
4 15 25 26 16 
4 16 26 27 17 
4 17 27 28 18 
4 18 28 29 19 
4 19 29 30 20 
4 21 31 32 22 
4 22 32 33 23 
4 23 33 34 24 
4 24 34 35 25 
4 25 35 36 26 
4 26 36 37 27 
4 27 37 38 28 
4 28 38 39 29 
4 29 39 40 30 
4 31 41 42 32 
4 32 42 43 33 
4 33 43 44 34 
4 34 44 45 35 
4 35 45 46 36 
4 36 46 47 37 
4 37 47 48 38 
4 38 48 49 39 
4 39 49 50 40 
4 41 51 52 42 
4 42 52 53 43 
4 43 53 54 44 
4 44 54 55 45 
4 45 55 56 46 
4 46 56 57 47 
4 47 57 58 48 
4 48 58 59 49 
4 49 59 60 50 
4 51 61 62 52 
4 52 62 63 53 
4 53 63 64 54 
4 54 64 65 55 
4 55 65 66 56 
4 56 66 67 57 
4 57 67 68 58 
4 58 68 69 59 
4 59 69 70 60 
4 61 71 72 62 
4 62 72 73 63 
4 63 73 74 64 
4 64 74 75 65 
4 65 75 76 66 
4 66 76 77 67 
4 67 77 78 68 
4 68 78 79 69 
4 69 79 80 70 
4 71 81 82 72 
4 72 82 83 73 
4 73 83 84 74 
4 74 84 85 75 
4 75 85 86 76 
4 76 86 87 77 
4 77 87 88 78 
4 78 88 89 79 
4 79 89 90 80 
4 81 91 92 82 
4 82 92 93 83 
4 83 93 94 84 
4 84 94 95 85 
4 85 95 96 86 
4 86 96 97 87 
4 87 97 98 88 
4 88 98 99 89 
4 89 99 100 90 
# indices of nodes located on the boundary
1 2 3 4 5 6 7 8 9 10 11 20 21 30 31 40 41 50 51 60 61 70 71 80 81 90 91 92 93 94 95 96 97 98 99 100 
