# domain type
Quadrilateral
# nodal coordinates: number of nodes followed by the coordinates
49
0.0000000000000000 0.0000000000000000
0.0000000000000000 0.1666666666666667
0.0000000000000000 0.3333333333333333
0.0000000000000000 0.5000000000000000
0.0000000000000000 0.6666666666666666
0.0000000000000000 0.8333333333333334
0.0000000000000000 1.0000000000000000
0.1666666666666667 0.0000000000000000
0.1704469792712194 0.1797772127578421
0.2014590449107519 0.3395580344503395
0.1890565983117950 0.5204911266391947
0.1783779353117107 0.6970705111229161
0.1805964449328757 0.8401112929083171
0.1666666666666667 1.0000000000000000
0.3333333333333333 0.0000000000000000
0.3936769039336309 0.2330259818436728
0.3783594118224164 0.3554728555634999
0.3645645466602665 0.5198231210591948
0.3941421649493081 0.6708030147546421
0.3402674383186252 0.8532162647925177
0.3333333333333333 1.0000000000000000
0.5000000000000000 0.0000000000000000
0.5497030715801144 0.1697567509932121
0.5490844970397759 0.3670285428305135
0.5374574283521092 0.5507617257793409
0.5122796065010351 0.7087379999475729
0.5398140900225237 0.8393261100517395
0.5000000000000000 1.0000000000000000
0.6666666666666666 0.0000000000000000
0.6866624660059859 0.1720574948753542
0.6756081955219121 0.3851493691032629
0.6808401022239228 0.5603423162815714
0.7263294450293876 0.7022514634511333
0.6714301875191363 0.8406102808028306
0.6666666666666666 1.0000000000000000
0.8333333333333334 0.0000000000000000
0.8494991039291147 0.2217205905237065
0.8369169594805810 0.3558731812534781
0.8627814704709617 0.5195982035350989
0.8342188800311502 0.7164208951802452
0.8931460900649049 0.8340224412228932
0.8333333333333334 1.0000000000000000
1.0000000000000000 0.0000000000000000
1.0000000000000000 0.1666666666666667
1.0000000000000000 0.3333333333333333
1.0000000000000000 0.5000000000000000
1.0000000000000000 0.6666666666666666
1.0000000000000000 0.8333333333333334
1.0000000000000000 1.0000000000000000
# element connectivity: number of elements followed by the connectivity
36
4 1 8 9 2 
4 2 9 10 3 
4 3 10 11 4 
4 4 11 12 5 
4 5 12 13 6 
4 6 13 14 7 
4 8 15 16 9 
4 9 16 17 10 
4 10 17 18 11 
4 11 18 19 12 
4 12 19 20 13 
4 13 20 21 14 
4 15 22 23 16 
4 16 23 24 17 
4 17 24 25 18 
4 18 25 26 19 
4 19 26 27 20 
4 20 27 28 21 
4 22 29 30 23 
4 23 30 31 24 
4 24 31 32 25 
4 25 32 33 26 
4 26 33 34 27 
4 27 34 35 28 
4 29 36 37 30 
4 30 37 38 31 
4 31 38 39 32 
4 32 39 40 33 
4 33 40 41 34 
4 34 41 42 35 
4 36 43 44 37 
4 37 44 45 38 
4 38 45 46 39 
4 39 46 47 40 
4 40 47 48 41 
4 41 48 49 42 
# indices of nodes located on the boundary
1 2 3 4 5 6 7 8 14 15 21 22 28 29 35 36 42 43 44 45 46 47 48 49 
