# domain type
Polygonal
# nodal coordinates: number of nodes followed by the coordinates
668
0.0000000000000000 0.0000000000000000
0.0000000000000000 0.0555555555555556
0.0000000000000000 0.1111111111111111
0.0000000000000000 0.1666666666666667
0.0000000000000000 0.2222222222222222
0.0000000000000000 0.2777777777777778
0.0000000000000000 0.3333333333333333
0.0000000000000000 0.3888888888888889
0.0000000000000000 0.4444444444444444
0.0000000000000000 0.5000000000000000
0.0000000000000000 0.5555555555555556
0.0000000000000000 0.6111111111111112
0.0000000000000000 0.6666666666666666
0.0000000000000000 0.7222222222222222
0.0000000000000000 0.7777777777777778
0.0000000000000000 0.8333333333333334
0.0000000000000000 0.8888888888888888
0.0000000000000000 0.9444444444444444
0.0000000000000000 1.0000000000000000
0.0277777777777778 0.0555555555555556
0.0277777777777778 0.1111111111111111
0.0277777777777778 0.1666666666666667
0.0277777777777778 0.2222222222222222
0.0277777777777778 0.2777777777777778
0.0277777777777778 0.3333333333333333
0.0277777777777778 0.3888888888888889
0.0277777777777778 0.4444444444444444
0.0277777777777778 0.5000000000000000
0.0277777777777778 0.5555555555555556
0.0277777777777778 0.6111111111111112
0.0277777777777778 0.6666666666666666
0.0277777777777778 0.7222222222222222
0.0277777777777778 0.7777777777777778
0.0277777777777778 0.8333333333333334
0.0277777777777778 0.8888888888888888
0.0277777777777778 0.9444444444444444
0.0277777777777778 1.0000000000000000
0.0555555555555556 0.0000000000000000
0.0555555555555556 0.0555555555555556
0.0555555555555556 0.1111111111111111
0.0555555555555556 0.1666666666666667
0.0555555555555556 0.2222222222222222
0.0555555555555556 0.2777777777777778
0.0555555555555556 0.3333333333333333
0.0555555555555556 0.3888888888888889
0.0555555555555556 0.4444444444444444
0.0555555555555556 0.5000000000000000
0.0555555555555556 0.5555555555555556
0.0555555555555556 0.6111111111111112
0.0555555555555556 0.6666666666666666
0.0555555555555556 0.7222222222222222
0.0555555555555556 0.7777777777777778
0.0555555555555556 0.8333333333333334
0.0555555555555556 0.8888888888888888
0.0555555555555556 0.9444444444444444
0.0833333333333333 0.0555555555555556
0.0833333333333333 0.1111111111111111
0.0833333333333333 0.1666666666666667
0.0833333333333333 0.2222222222222222
0.0833333333333333 0.2777777777777778
0.0833333333333333 0.3333333333333333
0.0833333333333333 0.3888888888888889
0.0833333333333333 0.4444444444444444
0.0833333333333333 0.5000000000000000
0.0833333333333333 0.5555555555555556
0.0833333333333333 0.6111111111111112
0.0833333333333333 0.6666666666666666
0.0833333333333333 0.7222222222222222
0.0833333333333333 0.7777777777777778
0.0833333333333333 0.8333333333333334
0.0833333333333333 0.8888888888888888
0.0833333333333333 0.9444444444444444
0.0833333333333333 1.0000000000000000
0.1111111111111111 0.0000000000000000
0.1111111111111111 0.0555555555555556
0.1111111111111111 0.1111111111111111
0.1111111111111111 0.1666666666666667
0.1111111111111111 0.2222222222222222
0.1111111111111111 0.2777777777777778
0.1111111111111111 0.3333333333333333
0.1111111111111111 0.3888888888888889
0.1111111111111111 0.4444444444444444
0.1111111111111111 0.5000000000000000
0.1111111111111111 0.5555555555555556
0.1111111111111111 0.6111111111111112
0.1111111111111111 0.6666666666666666
0.1111111111111111 0.7222222222222222
0.1111111111111111 0.7777777777777778
0.1111111111111111 0.8333333333333334
0.1111111111111111 0.8888888888888888
0.1111111111111111 0.9444444444444444
0.1388888888888889 0.0555555555555556
0.1388888888888889 0.1111111111111111
0.1388888888888889 0.1666666666666667
0.1388888888888889 0.2222222222222222
0.1388888888888889 0.2777777777777778
0.1388888888888889 0.3333333333333333
0.1388888888888889 0.3888888888888889
0.1388888888888889 0.4444444444444444
0.1388888888888889 0.5000000000000000
0.1388888888888889 0.5555555555555556
0.1388888888888889 0.6111111111111112
0.1388888888888889 0.6666666666666666
0.1388888888888889 0.7222222222222222
0.1388888888888889 0.7777777777777778
0.1388888888888889 0.8333333333333334
0.1388888888888889 0.8888888888888888
0.1388888888888889 0.9444444444444444
0.1388888888888889 1.0000000000000000
0.1666666666666667 0.0000000000000000
0.1666666666666667 0.0555555555555556
0.1666666666666667 0.1111111111111111
0.1666666666666667 0.1666666666666667
0.1666666666666667 0.2222222222222222
0.1666666666666667 0.2777777777777778
0.1666666666666667 0.3333333333333333
0.1666666666666667 0.3888888888888889
0.1666666666666667 0.4444444444444444
0.1666666666666667 0.5000000000000000
0.1666666666666667 0.5555555555555556
0.1666666666666667 0.6111111111111112
0.1666666666666667 0.6666666666666666
0.1666666666666667 0.7222222222222222
0.1666666666666667 0.7777777777777778
0.1666666666666667 0.8333333333333334
0.1666666666666667 0.8888888888888888
0.1666666666666667 0.9444444444444444
0.1944444444444444 0.0555555555555556
0.1944444444444444 0.1111111111111111
0.1944444444444444 0.1666666666666667
0.1944444444444444 0.2222222222222222
0.1944444444444444 0.2777777777777778
0.1944444444444444 0.3333333333333333
0.1944444444444444 0.3888888888888889
0.1944444444444444 0.4444444444444444
0.1944444444444444 0.5000000000000000
0.1944444444444444 0.5555555555555556
0.1944444444444444 0.6111111111111112
0.1944444444444444 0.6666666666666666
0.1944444444444444 0.7222222222222222
0.1944444444444444 0.7777777777777778
0.1944444444444444 0.8333333333333334
0.1944444444444444 0.8888888888888888
0.1944444444444444 0.9444444444444444
0.1944444444444444 1.0000000000000000
0.2222222222222222 0.0000000000000000
0.2222222222222222 0.0555555555555556
0.2222222222222222 0.1111111111111111
0.2222222222222222 0.1666666666666667
0.2222222222222222 0.2222222222222222
0.2222222222222222 0.2777777777777778
0.2222222222222222 0.3333333333333333
0.2222222222222222 0.3888888888888889
0.2222222222222222 0.4444444444444444
0.2222222222222222 0.5000000000000000
0.2222222222222222 0.5555555555555556
0.2222222222222222 0.6111111111111112
0.2222222222222222 0.6666666666666666
0.2222222222222222 0.7222222222222222
0.2222222222222222 0.7777777777777778
0.2222222222222222 0.8333333333333334
0.2222222222222222 0.8888888888888888
0.2222222222222222 0.9444444444444444
0.2500000000000000 0.0555555555555556
0.2500000000000000 0.1111111111111111
0.2500000000000000 0.1666666666666667
0.2500000000000000 0.2222222222222222
0.2500000000000000 0.2777777777777778
0.2500000000000000 0.3333333333333333
0.2500000000000000 0.3888888888888889
0.2500000000000000 0.4444444444444444
0.2500000000000000 0.5000000000000000
0.2500000000000000 0.5555555555555556
0.2500000000000000 0.6111111111111112
0.2500000000000000 0.6666666666666666
0.2500000000000000 0.7222222222222222
0.2500000000000000 0.7777777777777778
0.2500000000000000 0.8333333333333334
0.2500000000000000 0.8888888888888888
0.2500000000000000 0.9444444444444444
0.2500000000000000 1.0000000000000000
0.2777777777777778 0.0000000000000000
0.2777777777777778 0.0555555555555556
0.2777777777777778 0.1111111111111111
0.2777777777777778 0.1666666666666667
0.2777777777777778 0.2222222222222222
0.2777777777777778 0.2777777777777778
0.2777777777777778 0.3333333333333333
0.2777777777777778 0.3888888888888889
0.2777777777777778 0.4444444444444444
0.2777777777777778 0.5000000000000000
0.2777777777777778 0.5555555555555556
0.2777777777777778 0.6111111111111112
0.2777777777777778 0.6666666666666666
0.2777777777777778 0.7222222222222222
0.2777777777777778 0.7777777777777778
0.2777777777777778 0.8333333333333334
0.2777777777777778 0.8888888888888888
0.2777777777777778 0.9444444444444444
0.3055555555555556 0.0555555555555556
0.3055555555555556 0.1111111111111111
0.3055555555555556 0.1666666666666667
0.3055555555555556 0.2222222222222222
0.3055555555555556 0.2777777777777778
0.3055555555555556 0.3333333333333333
0.3055555555555556 0.3888888888888889
0.3055555555555556 0.4444444444444444
0.3055555555555556 0.5000000000000000
0.3055555555555556 0.5555555555555556
0.3055555555555556 0.6111111111111112
0.3055555555555556 0.6666666666666666
0.3055555555555556 0.7222222222222222
0.3055555555555556 0.7777777777777778
0.3055555555555556 0.8333333333333334
0.3055555555555556 0.8888888888888888
0.3055555555555556 0.9444444444444444
0.3055555555555556 1.0000000000000000
0.3333333333333333 0.0000000000000000
0.3333333333333333 0.0555555555555556
0.3333333333333333 0.1111111111111111
0.3333333333333333 0.1666666666666667
0.3333333333333333 0.2222222222222222
0.3333333333333333 0.2777777777777778
0.3333333333333333 0.3333333333333333
0.3333333333333333 0.3888888888888889
0.3333333333333333 0.4444444444444444
0.3333333333333333 0.5000000000000000
0.3333333333333333 0.5555555555555556
0.3333333333333333 0.6111111111111112
0.3333333333333333 0.6666666666666666
0.3333333333333333 0.7222222222222222
0.3333333333333333 0.7777777777777778
0.3333333333333333 0.8333333333333334
0.3333333333333333 0.8888888888888888
0.3333333333333333 0.9444444444444444
0.3611111111111111 0.0555555555555556
0.3611111111111111 0.1111111111111111
0.3611111111111111 0.1666666666666667
0.3611111111111111 0.2222222222222222
0.3611111111111111 0.2777777777777778
0.3611111111111111 0.3333333333333333
0.3611111111111111 0.3888888888888889
0.3611111111111111 0.4444444444444444
0.3611111111111111 0.5000000000000000
0.3611111111111111 0.5555555555555556
0.3611111111111111 0.6111111111111112
0.3611111111111111 0.6666666666666666
0.3611111111111111 0.7222222222222222
0.3611111111111111 0.7777777777777778
0.3611111111111111 0.8333333333333334
0.3611111111111111 0.8888888888888888
0.3611111111111111 0.9444444444444444
0.3611111111111111 1.0000000000000000
0.3888888888888889 0.0000000000000000
0.3888888888888889 0.0555555555555556
0.3888888888888889 0.1111111111111111
0.3888888888888889 0.1666666666666667
0.3888888888888889 0.2222222222222222
0.3888888888888889 0.2777777777777778
0.3888888888888889 0.3333333333333333
0.3888888888888889 0.3888888888888889
0.3888888888888889 0.4444444444444444
0.3888888888888889 0.5000000000000000
0.3888888888888889 0.5555555555555556
0.3888888888888889 0.6111111111111112
0.3888888888888889 0.6666666666666666
0.3888888888888889 0.7222222222222222
0.3888888888888889 0.7777777777777778
0.3888888888888889 0.8333333333333334
0.3888888888888889 0.8888888888888888
0.3888888888888889 0.9444444444444444
0.4166666666666667 0.0555555555555556
0.4166666666666667 0.1111111111111111
0.4166666666666667 0.1666666666666667
0.4166666666666667 0.2222222222222222
0.4166666666666667 0.2777777777777778
0.4166666666666667 0.3333333333333333
0.4166666666666667 0.3888888888888889
0.4166666666666667 0.4444444444444444
0.4166666666666667 0.5000000000000000
0.4166666666666667 0.5555555555555556
0.4166666666666667 0.6111111111111112
0.4166666666666667 0.6666666666666666
0.4166666666666667 0.7222222222222222
0.4166666666666667 0.7777777777777778
0.4166666666666667 0.8333333333333334
0.4166666666666667 0.8888888888888888
0.4166666666666667 0.9444444444444444
0.4166666666666667 1.0000000000000000
0.4444444444444444 0.0000000000000000
0.4444444444444444 0.0555555555555556
0.4444444444444444 0.1111111111111111
0.4444444444444444 0.1666666666666667
0.4444444444444444 0.2222222222222222
0.4444444444444444 0.2777777777777778
0.4444444444444444 0.3333333333333333
0.4444444444444444 0.3888888888888889
0.4444444444444444 0.4444444444444444
0.4444444444444444 0.5000000000000000
0.4444444444444444 0.5555555555555556
0.4444444444444444 0.6111111111111112
0.4444444444444444 0.6666666666666666
0.4444444444444444 0.7222222222222222
0.4444444444444444 0.7777777777777778
0.4444444444444444 0.8333333333333334
0.4444444444444444 0.8888888888888888
0.4444444444444444 0.9444444444444444
0.4722222222222222 0.0555555555555556
0.4722222222222222 0.1111111111111111
0.4722222222222222 0.1666666666666667
0.4722222222222222 0.2222222222222222
0.4722222222222222 0.2777777777777778
0.4722222222222222 0.3333333333333333
0.4722222222222222 0.3888888888888889
0.4722222222222222 0.4444444444444444
0.4722222222222222 0.5000000000000000
0.4722222222222222 0.5555555555555556
0.4722222222222222 0.6111111111111112
0.4722222222222222 0.6666666666666666
0.4722222222222222 0.7222222222222222
0.4722222222222222 0.7777777777777778
0.4722222222222222 0.8333333333333334
0.4722222222222222 0.8888888888888888
0.4722222222222222 0.9444444444444444
0.4722222222222222 1.0000000000000000
0.5000000000000000 0.0000000000000000
0.5000000000000000 0.0555555555555556
0.5000000000000000 0.1111111111111111
0.5000000000000000 0.1666666666666667
0.5000000000000000 0.2222222222222222
0.5000000000000000 0.2777777777777778
0.5000000000000000 0.3333333333333333
0.5000000000000000 0.3888888888888889
0.5000000000000000 0.4444444444444444
0.5000000000000000 0.5000000000000000
0.5000000000000000 0.5555555555555556
0.5000000000000000 0.6111111111111112
0.5000000000000000 0.6666666666666666
0.5000000000000000 0.7222222222222222
0.5000000000000000 0.7777777777777778
0.5000000000000000 0.8333333333333334
0.5000000000000000 0.8888888888888888
0.5000000000000000 0.9444444444444444
0.5277777777777778 0.0555555555555556
0.5277777777777778 0.1111111111111111
0.5277777777777778 0.1666666666666667
0.5277777777777778 0.2222222222222222
0.5277777777777778 0.2777777777777778
0.5277777777777778 0.3333333333333333
0.5277777777777778 0.3888888888888889
0.5277777777777778 0.4444444444444444
0.5277777777777778 0.5000000000000000
0.5277777777777778 0.5555555555555556
0.5277777777777778 0.6111111111111112
0.5277777777777778 0.6666666666666666
0.5277777777777778 0.7222222222222222
0.5277777777777778 0.7777777777777778
0.5277777777777778 0.8333333333333334
0.5277777777777778 0.8888888888888888
0.5277777777777778 0.9444444444444444
0.5277777777777778 1.0000000000000000
0.5555555555555556 0.0000000000000000
0.5555555555555556 0.0555555555555556
0.5555555555555556 0.1111111111111111
0.5555555555555556 0.1666666666666667
0.5555555555555556 0.2222222222222222
0.5555555555555556 0.2777777777777778
0.5555555555555556 0.3333333333333333
0.5555555555555556 0.3888888888888889
0.5555555555555556 0.4444444444444444
0.5555555555555556 0.5000000000000000
0.5555555555555556 0.5555555555555556
0.5555555555555556 0.6111111111111112
0.5555555555555556 0.6666666666666666
0.5555555555555556 0.7222222222222222
0.5555555555555556 0.7777777777777778
0.5555555555555556 0.8333333333333334
0.5555555555555556 0.8888888888888888
0.5555555555555556 0.9444444444444444
0.5833333333333334 0.0555555555555556
0.5833333333333334 0.1111111111111111
0.5833333333333334 0.1666666666666667
0.5833333333333334 0.2222222222222222
0.5833333333333334 0.2777777777777778
0.5833333333333334 0.3333333333333333
0.5833333333333334 0.3888888888888889
0.5833333333333334 0.4444444444444444
0.5833333333333334 0.5000000000000000
0.5833333333333334 0.5555555555555556
0.5833333333333334 0.6111111111111112
0.5833333333333334 0.6666666666666666
0.5833333333333334 0.7222222222222222
0.5833333333333334 0.7777777777777778
0.5833333333333334 0.8333333333333334
0.5833333333333334 0.8888888888888888
0.5833333333333334 0.9444444444444444
0.5833333333333334 1.0000000000000000
0.6111111111111112 0.0000000000000000
0.6111111111111112 0.0555555555555556
0.6111111111111112 0.1111111111111111
0.6111111111111112 0.1666666666666667
0.6111111111111112 0.2222222222222222
0.6111111111111112 0.2777777777777778
0.6111111111111112 0.3333333333333333
0.6111111111111112 0.3888888888888889
0.6111111111111112 0.4444444444444444
0.6111111111111112 0.5000000000000000
0.6111111111111112 0.5555555555555556
0.6111111111111112 0.6111111111111112
0.6111111111111112 0.6666666666666666
0.6111111111111112 0.7222222222222222
0.6111111111111112 0.7777777777777778
0.6111111111111112 0.8333333333333334
0.6111111111111112 0.8888888888888888
0.6111111111111112 0.9444444444444444
0.6388888888888888 0.0555555555555556
0.6388888888888888 0.1111111111111111
0.6388888888888888 0.1666666666666667
0.6388888888888888 0.2222222222222222
0.6388888888888888 0.2777777777777778
0.6388888888888888 0.3333333333333333
0.6388888888888888 0.3888888888888889
0.6388888888888888 0.4444444444444444
0.6388888888888888 0.5000000000000000
0.6388888888888888 0.5555555555555556
0.6388888888888888 0.6111111111111112
0.6388888888888888 0.6666666666666666
0.6388888888888888 0.7222222222222222
0.6388888888888888 0.7777777777777778
0.6388888888888888 0.8333333333333334
0.6388888888888888 0.8888888888888888
0.6388888888888888 0.9444444444444444
0.6388888888888888 1.0000000000000000
0.6666666666666666 0.0000000000000000
0.6666666666666666 0.0555555555555556
0.6666666666666666 0.1111111111111111
0.6666666666666666 0.1666666666666667
0.6666666666666666 0.2222222222222222
0.6666666666666666 0.2777777777777778
0.6666666666666666 0.3333333333333333
0.6666666666666666 0.3888888888888889
0.6666666666666666 0.4444444444444444
0.6666666666666666 0.5000000000000000
0.6666666666666666 0.5555555555555556
0.6666666666666666 0.6111111111111112
0.6666666666666666 0.6666666666666666
0.6666666666666666 0.7222222222222222
0.6666666666666666 0.7777777777777778
0.6666666666666666 0.8333333333333334
0.6666666666666666 0.8888888888888888
0.6666666666666666 0.9444444444444444
0.6944444444444444 0.0555555555555556
0.6944444444444444 0.1111111111111111
0.6944444444444444 0.1666666666666667
0.6944444444444444 0.2222222222222222
0.6944444444444444 0.2777777777777778
0.6944444444444444 0.3333333333333333
0.6944444444444444 0.3888888888888889
0.6944444444444444 0.4444444444444444
0.6944444444444444 0.5000000000000000
0.6944444444444444 0.5555555555555556
0.6944444444444444 0.6111111111111112
0.6944444444444444 0.6666666666666666
0.6944444444444444 0.7222222222222222
0.6944444444444444 0.7777777777777778
0.6944444444444444 0.8333333333333334
0.6944444444444444 0.8888888888888888
0.6944444444444444 0.9444444444444444
0.6944444444444444 1.0000000000000000
0.7222222222222222 0.0000000000000000
0.7222222222222222 0.0555555555555556
0.7222222222222222 0.1111111111111111
0.7222222222222222 0.1666666666666667
0.7222222222222222 0.2222222222222222
0.7222222222222222 0.2777777777777778
0.7222222222222222 0.3333333333333333
0.7222222222222222 0.3888888888888889
0.7222222222222222 0.4444444444444444
0.7222222222222222 0.5000000000000000
0.7222222222222222 0.5555555555555556
0.7222222222222222 0.6111111111111112
0.7222222222222222 0.6666666666666666
0.7222222222222222 0.7222222222222222
0.7222222222222222 0.7777777777777778
0.7222222222222222 0.8333333333333334
0.7222222222222222 0.8888888888888888
0.7222222222222222 0.9444444444444444
0.7500000000000000 0.0555555555555556
0.7500000000000000 0.1111111111111111
0.7500000000000000 0.1666666666666667
0.7500000000000000 0.2222222222222222
0.7500000000000000 0.2777777777777778
0.7500000000000000 0.3333333333333333
0.7500000000000000 0.3888888888888889
0.7500000000000000 0.4444444444444444
0.7500000000000000 0.5000000000000000
0.7500000000000000 0.5555555555555556
0.7500000000000000 0.6111111111111112
0.7500000000000000 0.6666666666666666
0.7500000000000000 0.7222222222222222
0.7500000000000000 0.7777777777777778
0.7500000000000000 0.8333333333333334
0.7500000000000000 0.8888888888888888
0.7500000000000000 0.9444444444444444
0.7500000000000000 1.0000000000000000
0.7777777777777778 0.0000000000000000
0.7777777777777778 0.0555555555555556
0.7777777777777778 0.1111111111111111
0.7777777777777778 0.1666666666666667
0.7777777777777778 0.2222222222222222
0.7777777777777778 0.2777777777777778
0.7777777777777778 0.3333333333333333
0.7777777777777778 0.3888888888888889
0.7777777777777778 0.4444444444444444
0.7777777777777778 0.5000000000000000
0.7777777777777778 0.5555555555555556
0.7777777777777778 0.6111111111111112
0.7777777777777778 0.6666666666666666
0.7777777777777778 0.7222222222222222
0.7777777777777778 0.7777777777777778
0.7777777777777778 0.8333333333333334
0.7777777777777778 0.8888888888888888
0.7777777777777778 0.9444444444444444
0.8055555555555556 0.0555555555555556
0.8055555555555556 0.1111111111111111
0.8055555555555556 0.1666666666666667
0.8055555555555556 0.2222222222222222
0.8055555555555556 0.2777777777777778
0.8055555555555556 0.3333333333333333
0.8055555555555556 0.3888888888888889
0.8055555555555556 0.4444444444444444
0.8055555555555556 0.5000000000000000
0.8055555555555556 0.5555555555555556
0.8055555555555556 0.6111111111111112
0.8055555555555556 0.6666666666666666
0.8055555555555556 0.7222222222222222
0.8055555555555556 0.7777777777777778
0.8055555555555556 0.8333333333333334
0.8055555555555556 0.8888888888888888
0.8055555555555556 0.9444444444444444
0.8055555555555556 1.0000000000000000
0.8333333333333334 0.0000000000000000
0.8333333333333334 0.0555555555555556
0.8333333333333334 0.1111111111111111
0.8333333333333334 0.1666666666666667
0.8333333333333334 0.2222222222222222
0.8333333333333334 0.2777777777777778
0.8333333333333334 0.3333333333333333
0.8333333333333334 0.3888888888888889
0.8333333333333334 0.4444444444444444
0.8333333333333334 0.5000000000000000
0.8333333333333334 0.5555555555555556
0.8333333333333334 0.6111111111111112
0.8333333333333334 0.6666666666666666
0.8333333333333334 0.7222222222222222
0.8333333333333334 0.7777777777777778
0.8333333333333334 0.8333333333333334
0.8333333333333334 0.8888888888888888
0.8333333333333334 0.9444444444444444
0.8611111111111112 0.0555555555555556
0.8611111111111112 0.1111111111111111
0.8611111111111112 0.1666666666666667
0.8611111111111112 0.2222222222222222
0.8611111111111112 0.2777777777777778
0.8611111111111112 0.3333333333333333
0.8611111111111112 0.3888888888888889
0.8611111111111112 0.4444444444444444
0.8611111111111112 0.5000000000000000
0.8611111111111112 0.5555555555555556
0.8611111111111112 0.6111111111111112
0.8611111111111112 0.6666666666666666
0.8611111111111112 0.7222222222222222
0.8611111111111112 0.7777777777777778
0.8611111111111112 0.8333333333333334
0.8611111111111112 0.8888888888888888
0.8611111111111112 0.9444444444444444
0.8611111111111112 1.0000000000000000
0.8888888888888888 0.0000000000000000
0.8888888888888888 0.0555555555555556
0.8888888888888888 0.1111111111111111
0.8888888888888888 0.1666666666666667
0.8888888888888888 0.2222222222222222
0.8888888888888888 0.2777777777777778
0.8888888888888888 0.3333333333333333
0.8888888888888888 0.3888888888888889
0.8888888888888888 0.4444444444444444
0.8888888888888888 0.5000000000000000
0.8888888888888888 0.5555555555555556
0.8888888888888888 0.6111111111111112
0.8888888888888888 0.6666666666666666
0.8888888888888888 0.7222222222222222
0.8888888888888888 0.7777777777777778
0.8888888888888888 0.8333333333333334
0.8888888888888888 0.8888888888888888
0.8888888888888888 0.9444444444444444
0.9166666666666666 0.0555555555555556
0.9166666666666666 0.1111111111111111
0.9166666666666666 0.1666666666666667
0.9166666666666666 0.2222222222222222
0.9166666666666666 0.2777777777777778
0.9166666666666666 0.3333333333333333
0.9166666666666666 0.3888888888888889
0.9166666666666666 0.4444444444444444
0.9166666666666666 0.5000000000000000
0.9166666666666666 0.5555555555555556
0.9166666666666666 0.6111111111111112
0.9166666666666666 0.6666666666666666
0.9166666666666666 0.7222222222222222
0.9166666666666666 0.7777777777777778
0.9166666666666666 0.8333333333333334
0.9166666666666666 0.8888888888888888
0.9166666666666666 0.9444444444444444
0.9166666666666666 1.0000000000000000
0.9444444444444444 0.0000000000000000
0.9444444444444444 0.0555555555555556
0.9444444444444444 0.1111111111111111
0.9444444444444444 0.1666666666666667
0.9444444444444444 0.2222222222222222
0.9444444444444444 0.2777777777777778
0.9444444444444444 0.3333333333333333
0.9444444444444444 0.3888888888888889
0.9444444444444444 0.4444444444444444
0.9444444444444444 0.5000000000000000
0.9444444444444444 0.5555555555555556
0.9444444444444444 0.6111111111111112
0.9444444444444444 0.6666666666666666
0.9444444444444444 0.7222222222222222
0.9444444444444444 0.7777777777777778
0.9444444444444444 0.8333333333333334
0.9444444444444444 0.8888888888888888
0.9444444444444444 0.9444444444444444
0.9722222222222222 0.0555555555555556
0.9722222222222222 0.1111111111111111
0.9722222222222222 0.1666666666666667
0.9722222222222222 0.2222222222222222
0.9722222222222222 0.2777777777777778
0.9722222222222222 0.3333333333333333
0.9722222222222222 0.3888888888888889
0.9722222222222222 0.4444444444444444
0.9722222222222222 0.5000000000000000
0.9722222222222222 0.5555555555555556
0.9722222222222222 0.6111111111111112
0.9722222222222222 0.6666666666666666
0.9722222222222222 0.7222222222222222
0.9722222222222222 0.7777777777777778
0.9722222222222222 0.8333333333333334
0.9722222222222222 0.8888888888888888
0.9722222222222222 0.9444444444444444
0.9722222222222222 1.0000000000000000
1.0000000000000000 0.0000000000000000
1.0000000000000000 0.0555555555555556
1.0000000000000000 0.1111111111111111
1.0000000000000000 0.1666666666666667
1.0000000000000000 0.2222222222222222
1.0000000000000000 0.2777777777777778
1.0000000000000000 0.3333333333333333
1.0000000000000000 0.3888888888888889
1.0000000000000000 0.4444444444444444
1.0000000000000000 0.5000000000000000
1.0000000000000000 0.5555555555555556
1.0000000000000000 0.6111111111111112
1.0000000000000000 0.6666666666666666
1.0000000000000000 0.7222222222222222
1.0000000000000000 0.7777777777777778
1.0000000000000000 0.8333333333333334
1.0000000000000000 0.8888888888888888
1.0000000000000000 0.9444444444444444
1.0000000000000000 1.0000000000000000
# element connectivity: number of elements followed by the connectivity
666
3 1 20 2 
3 2 21 3 
3 3 22 4 
3 4 23 5 
3 5 24 6 
3 6 25 7 
3 7 26 8 
3 8 27 9 
3 9 28 10 
3 10 29 11 
3 11 30 12 
3 12 31 13 
3 13 32 14 
3 14 33 15 
3 15 34 16 
3 16 35 17 
3 17 36 18 
3 18 37 19 
3 1 38 20 
3 38 74 56 
3 74 110 92 
3 110 146 128 
3 146 182 164 
3 182 218 200 
3 218 254 236 
3 254 290 272 
3 290 326 308 
3 326 362 344 
3 362 398 380 
3 398 434 416 
3 434 470 452 
3 470 506 488 
3 506 542 524 
3 542 578 560 
3 578 614 596 
3 614 650 632 
4 2 20 39 21 
4 39 56 75 57 
4 75 92 111 93 
4 111 128 147 129 
4 147 164 183 165 
4 183 200 219 201 
4 219 236 255 237 
4 255 272 291 273 
4 291 308 327 309 
4 327 344 363 345 
4 363 380 399 381 
4 399 416 435 417 
4 435 452 471 453 
4 471 488 507 489 
4 507 524 543 525 
4 543 560 579 561 
4 579 596 615 597 
4 615 632 651 633 
4 3 21 40 22 
4 40 57 76 58 
4 76 93 112 94 
4 112 129 148 130 
4 148 165 184 166 
4 184 201 220 202 
4 220 237 256 238 
4 256 273 292 274 
4 292 309 328 310 
4 328 345 364 346 
4 364 381 400 382 
4 400 417 436 418 
4 436 453 472 454 
4 472 489 508 490 
4 508 525 544 526 
4 544 561 580 562 
4 580 597 616 598 
4 616 633 652 634 
4 4 22 41 23 
4 41 58 77 59 
4 77 94 113 95 
4 113 130 149 131 
4 149 166 185 167 
4 185 202 221 203 
4 221 238 257 239 
4 257 274 293 275 
4 293 310 329 311 
4 329 346 365 347 
4 365 382 401 383 
4 401 418 437 419 
4 437 454 473 455 
4 473 490 509 491 
4 509 526 545 527 
4 545 562 581 563 
4 581 598 617 599 
4 617 634 653 635 
4 5 23 42 24 
4 42 59 78 60 
4 78 95 114 96 
4 114 131 150 132 
4 150 167 186 168 
4 186 203 222 204 
4 222 239 258 240 
4 258 275 294 276 
4 294 311 330 312 
4 330 347 366 348 
4 366 383 402 384 
4 402 419 438 420 
4 438 455 474 456 
4 474 491 510 492 
4 510 527 546 528 
4 546 563 582 564 
4 582 599 618 600 
4 618 635 654 636 
4 6 24 43 25 
4 43 60 79 61 
4 79 96 115 97 
4 115 132 151 133 
4 151 168 187 169 
4 187 204 223 205 
4 223 240 259 241 
4 259 276 295 277 
4 295 312 331 313 
4 331 348 367 349 
4 367 384 403 385 
4 403 420 439 421 
4 439 456 475 457 
4 475 492 511 493 
4 511 528 547 529 
4 547 564 583 565 
4 583 600 619 601 
4 619 636 655 637 
4 7 25 44 26 
4 44 61 80 62 
4 80 97 116 98 
4 116 133 152 134 
4 152 169 188 170 
4 188 205 224 206 
4 224 241 260 242 
4 260 277 296 278 
4 296 313 332 314 
4 332 349 368 350 
4 368 385 404 386 
4 404 421 440 422 
4 440 457 476 458 
4 476 493 512 494 
4 512 529 548 530 
4 548 565 584 566 
4 584 601 620 602 
4 620 637 656 638 
4 8 26 45 27 
4 45 62 81 63 
4 81 98 117 99 
4 117 134 153 135 
4 153 170 189 171 
4 189 206 225 207 
4 225 242 261 243 
4 261 278 297 279 
4 297 314 333 315 
4 333 350 369 351 
4 369 386 405 387 
4 405 422 441 423 
4 441 458 477 459 
4 477 494 513 495 
4 513 530 549 531 
4 549 566 585 567 
4 585 602 621 603 
4 621 638 657 639 
4 9 27 46 28 
4 46 63 82 64 
4 82 99 118 100 
4 118 135 154 136 
4 154 171 190 172 
4 190 207 226 208 
4 226 243 262 244 
4 262 279 298 280 
4 298 315 334 316 
4 334 351 370 352 
4 370 387 406 388 
4 406 423 442 424 
4 442 459 478 460 
4 478 495 514 496 
4 514 531 550 532 
4 550 567 586 568 
4 586 603 622 604 
4 622 639 658 640 
4 10 28 47 29 
4 47 64 83 65 
4 83 100 119 101 
4 119 136 155 137 
4 155 172 191 173 
4 191 208 227 209 
4 227 244 263 245 
4 263 280 299 281 
4 299 316 335 317 
4 335 352 371 353 
4 371 388 407 389 
4 407 424 443 425 
4 443 460 479 461 
4 479 496 515 497 
4 515 532 551 533 
4 551 568 587 569 
4 587 604 623 605 
4 623 640 659 641 
4 11 29 48 30 
4 48 65 84 66 
4 84 101 120 102 
4 120 137 156 138 
4 156 173 192 174 
4 192 209 228 210 
4 228 245 264 246 
4 264 281 300 282 
4 300 317 336 318 
4 336 353 372 354 
4 372 389 408 390 
4 408 425 444 426 
4 444 461 480 462 
4 480 497 516 498 
4 516 533 552 534 
4 552 569 588 570 
4 588 605 624 606 
4 624 641 660 642 
4 12 30 49 31 
4 49 66 85 67 
4 85 102 121 103 
4 121 138 157 139 
4 157 174 193 175 
4 193 210 229 211 
4 229 246 265 247 
4 265 282 301 283 
4 301 318 337 319 
4 337 354 373 355 
4 373 390 409 391 
4 409 426 445 427 
4 445 462 481 463 
4 481 498 517 499 
4 517 534 553 535 
4 553 570 589 571 
4 589 606 625 607 
4 625 642 661 643 
4 13 31 50 32 
4 50 67 86 68 
4 86 103 122 104 
4 122 139 158 140 
4 158 175 194 176 
4 194 211 230 212 
4 230 247 266 248 
4 266 283 302 284 
4 302 319 338 320 
4 338 355 374 356 
4 374 391 410 392 
4 410 427 446 428 
4 446 463 482 464 
4 482 499 518 500 
4 518 535 554 536 
4 554 571 590 572 
4 590 607 626 608 
4 626 643 662 644 
4 14 32 51 33 
4 51 68 87 69 
4 87 104 123 105 
4 123 140 159 141 
4 159 176 195 177 
4 195 212 231 213 
4 231 248 267 249 
4 267 284 303 285 
4 303 320 339 321 
4 339 356 375 357 
4 375 392 411 393 
4 411 428 447 429 
4 447 464 483 465 
4 483 500 519 501 
4 519 536 555 537 
4 555 572 591 573 
4 591 608 627 609 
4 627 644 663 645 
4 15 33 52 34 
4 52 69 88 70 
4 88 105 124 106 
4 124 141 160 142 
4 160 177 196 178 
4 196 213 232 214 
4 232 249 268 250 
4 268 285 304 286 
4 304 321 340 322 
4 340 357 376 358 
4 376 393 412 394 
4 412 429 448 430 
4 448 465 484 466 
4 484 501 520 502 
4 520 537 556 538 
4 556 573 592 574 
4 592 609 628 610 
4 628 645 664 646 
4 16 34 53 35 
4 53 70 89 71 
4 89 106 125 107 
4 125 142 161 143 
4 161 178 197 179 
4 197 214 233 215 
4 233 250 269 251 
4 269 286 305 287 
4 305 322 341 323 
4 341 358 377 359 
4 377 394 413 395 
4 413 430 449 431 
4 449 466 485 467 
4 485 502 521 503 
4 521 538 557 539 
4 557 574 593 575 
4 593 610 629 611 
4 629 646 665 647 
4 17 35 54 36 
4 54 71 90 72 
4 90 107 126 108 
4 126 143 162 144 
4 162 179 198 180 
4 198 215 234 216 
4 234 251 270 252 
4 270 287 306 288 
4 306 323 342 324 
4 342 359 378 360 
4 378 395 414 396 
4 414 431 450 432 
4 450 467 486 468 
4 486 503 522 504 
4 522 539 558 540 
4 558 575 594 576 
4 594 611 630 612 
4 630 647 666 648 
4 18 36 55 37 
4 55 72 91 73 
4 91 108 127 109 
4 127 144 163 145 
4 163 180 199 181 
4 199 216 235 217 
4 235 252 271 253 
4 271 288 307 289 
4 307 324 343 325 
4 343 360 379 361 
4 379 396 415 397 
4 415 432 451 433 
4 451 468 487 469 
4 487 504 523 505 
4 523 540 559 541 
4 559 576 595 577 
4 595 612 631 613 
4 631 648 667 649 
4 20 38 56 39 
4 56 74 92 75 
4 92 110 128 111 
4 128 146 164 147 
4 164 182 200 183 
4 200 218 236 219 
4 236 254 272 255 
4 272 290 308 291 
4 308 326 344 327 
4 344 362 380 363 
4 380 398 416 399 
4 416 434 452 435 
4 452 470 488 471 
4 488 506 524 507 
4 524 542 560 543 
4 560 578 596 579 
4 596 614 632 615 
4 21 39 57 40 
4 57 75 93 76 
4 93 111 129 112 
4 129 147 165 148 
4 165 183 201 184 
4 201 219 237 220 
4 237 255 273 256 
4 273 291 309 292 
4 309 327 345 328 
4 345 363 381 364 
4 381 399 417 400 
4 417 435 453 436 
4 453 471 489 472 
4 489 507 525 508 
4 525 543 561 544 
4 561 579 597 580 
4 597 615 633 616 
4 22 40 58 41 
4 58 76 94 77 
4 94 112 130 113 
4 130 148 166 149 
4 166 184 202 185 
4 202 220 238 221 
4 238 256 274 257 
4 274 292 310 293 
4 310 328 346 329 
4 346 364 382 365 
4 382 400 418 401 
4 418 436 454 437 
4 454 472 490 473 
4 490 508 526 509 
4 526 544 562 545 
4 562 580 598 581 
4 598 616 634 617 
4 23 41 59 42 
4 59 77 95 78 
4 95 113 131 114 
4 131 149 167 150 
4 167 185 203 186 
4 203 221 239 222 
4 239 257 275 258 
4 275 293 311 294 
4 311 329 347 330 
4 347 365 383 366 
4 383 401 419 402 
4 419 437 455 438 
4 455 473 491 474 
4 491 509 527 510 
4 527 545 563 546 
4 563 581 599 582 
4 599 617 635 618 
4 24 42 60 43 
4 60 78 96 79 
4 96 114 132 115 
4 132 150 168 151 
4 168 186 204 187 
4 204 222 240 223 
4 240 258 276 259 
4 276 294 312 295 
4 312 330 348 331 
4 348 366 384 367 
4 384 402 420 403 
4 420 438 456 439 
4 456 474 492 475 
4 492 510 528 511 
4 528 546 564 547 
4 564 582 600 583 
4 600 618 636 619 
4 25 43 61 44 
4 61 79 97 80 
4 97 115 133 116 
4 133 151 169 152 
4 169 187 205 188 
4 205 223 241 224 
4 241 259 277 260 
4 277 295 313 296 
4 313 331 349 332 
4 349 367 385 368 
4 385 403 421 404 
4 421 439 457 440 
4 457 475 493 476 
4 493 511 529 512 
4 529 547 565 548 
4 565 583 601 584 
4 601 619 637 620 
4 26 44 62 45 
4 62 80 98 81 
4 98 116 134 117 
4 134 152 170 153 
4 170 188 206 189 
4 206 224 242 225 
4 242 260 278 261 
4 278 296 314 297 
4 314 332 350 333 
4 350 368 386 369 
4 386 404 422 405 
4 422 440 458 441 
4 458 476 494 477 
4 494 512 530 513 
4 530 548 566 549 
4 566 584 602 585 
4 602 620 638 621 
4 27 45 63 46 
4 63 81 99 82 
4 99 117 135 118 
4 135 153 171 154 
4 171 189 207 190 
4 207 225 243 226 
4 243 261 279 262 
4 279 297 315 298 
4 315 333 351 334 
4 351 369 387 370 
4 387 405 423 406 
4 423 441 459 442 
4 459 477 495 478 
4 495 513 531 514 
4 531 549 567 550 
4 567 585 603 586 
4 603 621 639 622 
4 28 46 64 47 
4 64 82 100 83 
4 100 118 136 119 
4 136 154 172 155 
4 172 190 208 191 
4 208 226 244 227 
4 244 262 280 263 
4 280 298 316 299 
4 316 334 352 335 
4 352 370 388 371 
4 388 406 424 407 
4 424 442 460 443 
4 460 478 496 479 
4 496 514 532 515 
4 532 550 568 551 
4 568 586 604 587 
4 604 622 640 623 
4 29 47 65 48 
4 65 83 101 84 
4 101 119 137 120 
4 137 155 173 156 
4 173 191 209 192 
4 209 227 245 228 
4 245 263 281 264 
4 281 299 317 300 
4 317 335 353 336 
4 353 371 389 372 
4 389 407 425 408 
4 425 443 461 444 
4 461 479 497 480 
4 497 515 533 516 
4 533 551 569 552 
4 569 587 605 588 
4 605 623 641 624 
4 30 48 66 49 
4 66 84 102 85 
4 102 120 138 121 
4 138 156 174 157 
4 174 192 210 193 
4 210 228 246 229 
4 246 264 282 265 
4 282 300 318 301 
4 318 336 354 337 
4 354 372 390 373 
4 390 408 426 409 
4 426 444 462 445 
4 462 480 498 481 
4 498 516 534 517 
4 534 552 570 553 
4 570 588 606 589 
4 606 624 642 625 
4 31 49 67 50 
4 67 85 103 86 
4 103 121 139 122 
4 139 157 175 158 
4 175 193 211 194 
4 211 229 247 230 
4 247 265 283 266 
4 283 301 319 302 
4 319 337 355 338 
4 355 373 391 374 
4 391 409 427 410 
4 427 445 463 446 
4 463 481 499 482 
4 499 517 535 518 
4 535 553 571 554 
4 571 589 607 590 
4 607 625 643 626 
4 32 50 68 51 
4 68 86 104 87 
4 104 122 140 123 
4 140 158 176 159 
4 176 194 212 195 
4 212 230 248 231 
4 248 266 284 267 
4 284 302 320 303 
4 320 338 356 339 
4 356 374 392 375 
4 392 410 428 411 
4 428 446 464 447 
4 464 482 500 483 
4 500 518 536 519 
4 536 554 572 555 
4 572 590 608 591 
4 608 626 644 627 
4 33 51 69 52 
4 69 87 105 88 
4 105 123 141 124 
4 141 159 177 160 
4 177 195 213 196 
4 213 231 249 232 
4 249 267 285 268 
4 285 303 321 304 
4 321 339 357 340 
4 357 375 393 376 
4 393 411 429 412 
4 429 447 465 448 
4 465 483 501 484 
4 501 519 537 520 
4 537 555 573 556 
4 573 591 609 592 
4 609 627 645 628 
4 34 52 70 53 
4 70 88 106 89 
4 106 124 142 125 
4 142 160 178 161 
4 178 196 214 197 
4 214 232 250 233 
4 250 268 286 269 
4 286 304 322 305 
4 322 340 358 341 
4 358 376 394 377 
4 394 412 430 413 
4 430 448 466 449 
4 466 484 502 485 
4 502 520 538 521 
4 538 556 574 557 
4 574 592 610 593 
4 610 628 646 629 
4 35 53 71 54 
4 71 89 107 90 
4 107 125 143 126 
4 143 161 179 162 
4 179 197 215 198 
4 215 233 251 234 
4 251 269 287 270 
4 287 305 323 306 
4 323 341 359 342 
4 359 377 395 378 
4 395 413 431 414 
4 431 449 467 450 
4 467 485 503 486 
4 503 521 539 522 
4 539 557 575 558 
4 575 593 611 594 
4 611 629 647 630 
4 36 54 72 55 
4 72 90 108 91 
4 108 126 144 127 
4 144 162 180 163 
4 180 198 216 199 
4 216 234 252 235 
4 252 270 288 271 
4 288 306 324 307 
4 324 342 360 343 
4 360 378 396 379 
4 396 414 432 415 
4 432 450 468 451 
4 468 486 504 487 
4 504 522 540 523 
4 540 558 576 559 
4 576 594 612 595 
4 612 630 648 631 
3 37 55 73 
3 73 91 109 
3 109 127 145 
3 145 163 181 
3 181 199 217 
3 217 235 253 
3 253 271 289 
3 289 307 325 
3 325 343 361 
3 361 379 397 
3 397 415 433 
3 433 451 469 
3 469 487 505 
3 505 523 541 
3 541 559 577 
3 577 595 613 
3 613 631 649 
3 667 668 649 
3 666 667 648 
3 665 666 647 
3 664 665 646 
3 663 664 645 
3 662 663 644 
3 661 662 643 
3 660 661 642 
3 659 660 641 
3 658 659 640 
3 657 658 639 
3 656 657 638 
3 655 656 637 
3 654 655 636 
3 653 654 635 
3 652 653 634 
3 651 652 633 
3 650 651 632 
# indices of nodes located on the boundary
1 2 3 4 5 6 7 8 9 10 11 12 13 14 15 16 17 18 19 37 38 73 74 109 110 145 146 181 182 217 218 253 254 289 290 325 326 361 362 397 398 433 434 469 470 505 506 541 542 577 578 613 614 649 650 651 652 653 654 655 656 657 658 659 660 661 662 663 664 665 666 667 668 
