# domain type
Polygonal
# nodal coordinates: number of nodes followed by the coordinates
467
0.0000000000000000 0.0000000000000000
0.0000000000000000 0.0666666666666667
0.0000000000000000 0.1333333333333333
0.0000000000000000 0.2000000000000000
0.0000000000000000 0.2666666666666667
0.0000000000000000 0.3333333333333333
0.0000000000000000 0.4000000000000000
0.0000000000000000 0.4666666666666667
0.0000000000000000 0.5333333333333333
0.0000000000000000 0.6000000000000000
0.0000000000000000 0.6666666666666666
0.0000000000000000 0.7333333333333333
0.0000000000000000 0.8000000000000000
0.0000000000000000 0.8666666666666667
0.0000000000000000 0.9333333333333333
0.0000000000000000 1.0000000000000000
0.0333333333333333 0.0666666666666667
0.0333333333333333 0.1333333333333333
0.0333333333333333 0.2000000000000000
0.0333333333333333 0.2666666666666667
0.0333333333333333 0.3333333333333333
0.0333333333333333 0.4000000000000000
0.0333333333333333 0.4666666666666667
0.0333333333333333 0.5333333333333333
0.0333333333333333 0.6000000000000000
0.0333333333333333 0.6666666666666666
0.0333333333333333 0.7333333333333333
0.0333333333333333 0.8000000000000000
0.0333333333333333 0.8666666666666667
0.0333333333333333 0.9333333333333333
0.0333333333333333 1.0000000000000000
0.0666666666666667 0.0000000000000000
0.0666666666666667 0.0666666666666667
0.0666666666666667 0.1333333333333333
0.0666666666666667 0.2000000000000000
0.0666666666666667 0.2666666666666667
0.0666666666666667 0.3333333333333333
0.0666666666666667 0.4000000000000000
0.0666666666666667 0.4666666666666667
0.0666666666666667 0.5333333333333333
0.0666666666666667 0.6000000000000000
0.0666666666666667 0.6666666666666666
0.0666666666666667 0.7333333333333333
0.0666666666666667 0.8000000000000000
0.0666666666666667 0.8666666666666667
0.0666666666666667 0.9333333333333333
0.1000000000000000 0.0666666666666667
0.1000000000000000 0.1333333333333333
0.1000000000000000 0.2000000000000000
0.1000000000000000 0.2666666666666667
0.1000000000000000 0.3333333333333333
0.1000000000000000 0.4000000000000000
0.1000000000000000 0.4666666666666667
0.1000000000000000 0.5333333333333333
0.1000000000000000 0.6000000000000000
0.1000000000000000 0.6666666666666666
0.1000000000000000 0.7333333333333333
0.1000000000000000 0.8000000000000000
0.1000000000000000 0.8666666666666667
0.1000000000000000 0.9333333333333333
0.1000000000000000 1.0000000000000000
0.1333333333333333 0.0000000000000000
0.1333333333333333 0.0666666666666667
0.1333333333333333 0.1333333333333333
0.1333333333333333 0.2000000000000000
0.1333333333333333 0.2666666666666667
0.1333333333333333 0.3333333333333333
0.1333333333333333 0.4000000000000000
0.1333333333333333 0.4666666666666667
0.1333333333333333 0.5333333333333333
0.1333333333333333 0.6000000000000000
0.1333333333333333 0.6666666666666666
0.1333333333333333 0.7333333333333333
0.1333333333333333 0.8000000000000000
0.1333333333333333 0.8666666666666667
0.1333333333333333 0.9333333333333333
0.1666666666666667 0.0666666666666667
0.1666666666666667 0.1333333333333333
0.1666666666666667 0.2000000000000000
0.1666666666666667 0.2666666666666667
0.1666666666666667 0.3333333333333333
0.1666666666666667 0.4000000000000000
0.1666666666666667 0.4666666666666667
0.1666666666666667 0.5333333333333333
0.1666666666666667 0.6000000000000000
0.1666666666666667 0.6666666666666666
0.1666666666666667 0.7333333333333333
0.1666666666666667 0.8000000000000000
0.1666666666666667 0.8666666666666667
0.1666666666666667 0.9333333333333333
0.1666666666666667 1.0000000000000000
0.2000000000000000 0.0000000000000000
0.2000000000000000 0.0666666666666667
0.2000000000000000 0.1333333333333333
0.2000000000000000 0.2000000000000000
0.2000000000000000 0.2666666666666667
0.2000000000000000 0.3333333333333333
0.2000000000000000 0.4000000000000000
0.2000000000000000 0.4666666666666667
0.2000000000000000 0.5333333333333333
0.2000000000000000 0.6000000000000000
0.2000000000000000 0.6666666666666666
0.2000000000000000 0.7333333333333333
0.2000000000000000 0.8000000000000000
0.2000000000000000 0.8666666666666667
0.2000000000000000 0.9333333333333333
0.2333333333333333 0.0666666666666667
0.2333333333333333 0.1333333333333333
0.2333333333333333 0.2000000000000000
0.2333333333333333 0.2666666666666667
0.2333333333333333 0.3333333333333333
0.2333333333333333 0.4000000000000000
0.2333333333333333 0.4666666666666667
0.2333333333333333 0.5333333333333333
0.2333333333333333 0.6000000000000000
0.2333333333333333 0.6666666666666666
0.2333333333333333 0.7333333333333333
0.2333333333333333 0.8000000000000000
0.2333333333333333 0.8666666666666667
0.2333333333333333 0.9333333333333333
0.2333333333333333 1.0000000000000000
0.2666666666666667 0.0000000000000000
0.2666666666666667 0.0666666666666667
0.2666666666666667 0.1333333333333333
0.2666666666666667 0.2000000000000000
0.2666666666666667 0.2666666666666667
0.2666666666666667 0.3333333333333333
0.2666666666666667 0.4000000000000000
0.2666666666666667 0.4666666666666667
0.2666666666666667 0.5333333333333333
0.2666666666666667 0.6000000000000000
0.2666666666666667 0.6666666666666666
0.2666666666666667 0.7333333333333333
0.2666666666666667 0.8000000000000000
0.2666666666666667 0.8666666666666667
0.2666666666666667 0.9333333333333333
0.3000000000000000 0.0666666666666667
0.3000000000000000 0.1333333333333333
0.3000000000000000 0.2000000000000000
0.3000000000000000 0.2666666666666667
0.3000000000000000 0.3333333333333333
0.3000000000000000 0.4000000000000000
0.3000000000000000 0.4666666666666667
0.3000000000000000 0.5333333333333333
0.3000000000000000 0.6000000000000000
0.3000000000000000 0.6666666666666666
0.3000000000000000 0.7333333333333333
0.3000000000000000 0.8000000000000000
0.3000000000000000 0.8666666666666667
0.3000000000000000 0.9333333333333333
0.3000000000000000 1.0000000000000000
0.3333333333333333 0.0000000000000000
0.3333333333333333 0.0666666666666667
0.3333333333333333 0.1333333333333333
0.3333333333333333 0.2000000000000000
0.3333333333333333 0.2666666666666667
0.3333333333333333 0.3333333333333333
0.3333333333333333 0.4000000000000000
0.3333333333333333 0.4666666666666667
0.3333333333333333 0.5333333333333333
0.3333333333333333 0.6000000000000000
0.3333333333333333 0.6666666666666666
0.3333333333333333 0.7333333333333333
0.3333333333333333 0.8000000000000000
0.3333333333333333 0.8666666666666667
0.3333333333333333 0.9333333333333333
0.3666666666666666 0.0666666666666667
0.3666666666666666 0.1333333333333333
0.3666666666666666 0.2000000000000000
0.3666666666666666 0.2666666666666667
0.3666666666666666 0.3333333333333333
0.3666666666666666 0.4000000000000000
0.3666666666666666 0.4666666666666667
0.3666666666666666 0.5333333333333333
0.3666666666666666 0.6000000000000000
0.3666666666666666 0.6666666666666666
0.3666666666666666 0.7333333333333333
0.3666666666666666 0.8000000000000000
0.3666666666666666 0.8666666666666667
0.3666666666666666 0.9333333333333333
0.3666666666666666 1.0000000000000000
0.4000000000000000 0.0000000000000000
0.4000000000000000 0.0666666666666667
0.4000000000000000 0.1333333333333333
0.4000000000000000 0.2000000000000000
0.4000000000000000 0.2666666666666667
0.4000000000000000 0.3333333333333333
0.4000000000000000 0.4000000000000000
0.4000000000000000 0.4666666666666667
0.4000000000000000 0.5333333333333333
0.4000000000000000 0.6000000000000000
0.4000000000000000 0.6666666666666666
0.4000000000000000 0.7333333333333333
0.4000000000000000 0.8000000000000000
0.4000000000000000 0.8666666666666667
0.4000000000000000 0.9333333333333333
0.4333333333333333 0.0666666666666667
0.4333333333333333 0.1333333333333333
0.4333333333333333 0.2000000000000000
0.4333333333333333 0.2666666666666667
0.4333333333333333 0.3333333333333333
0.4333333333333333 0.4000000000000000
0.4333333333333333 0.4666666666666667
0.4333333333333333 0.5333333333333333
0.4333333333333333 0.6000000000000000
0.4333333333333333 0.6666666666666666
0.4333333333333333 0.7333333333333333
0.4333333333333333 0.8000000000000000
0.4333333333333333 0.8666666666666667
0.4333333333333333 0.9333333333333333
0.4333333333333333 1.0000000000000000
0.4666666666666667 0.0000000000000000
0.4666666666666667 0.0666666666666667
0.4666666666666667 0.1333333333333333
0.4666666666666667 0.2000000000000000
0.4666666666666667 0.2666666666666667
0.4666666666666667 0.3333333333333333
0.4666666666666667 0.4000000000000000
0.4666666666666667 0.4666666666666667
0.4666666666666667 0.5333333333333333
0.4666666666666667 0.6000000000000000
0.4666666666666667 0.6666666666666666
0.4666666666666667 0.7333333333333333
0.4666666666666667 0.8000000000000000
0.4666666666666667 0.8666666666666667
0.4666666666666667 0.9333333333333333
0.5000000000000000 0.0666666666666667
0.5000000000000000 0.1333333333333333
0.5000000000000000 0.2000000000000000
0.5000000000000000 0.2666666666666667
0.5000000000000000 0.3333333333333333
0.5000000000000000 0.4000000000000000
0.5000000000000000 0.4666666666666667
0.5000000000000000 0.5333333333333333
0.5000000000000000 0.6000000000000000
0.5000000000000000 0.6666666666666666
0.5000000000000000 0.7333333333333333
0.5000000000000000 0.8000000000000000
0.5000000000000000 0.8666666666666667
0.5000000000000000 0.9333333333333333
0.5000000000000000 1.0000000000000000
0.5333333333333333 0.0000000000000000
0.5333333333333333 0.0666666666666667
0.5333333333333333 0.1333333333333333
0.5333333333333333 0.2000000000000000
0.5333333333333333 0.2666666666666667
0.5333333333333333 0.3333333333333333
0.5333333333333333 0.4000000000000000
0.5333333333333333 0.4666666666666667
0.5333333333333333 0.5333333333333333
0.5333333333333333 0.6000000000000000
0.5333333333333333 0.6666666666666666
0.5333333333333333 0.7333333333333333
0.5333333333333333 0.8000000000000000
0.5333333333333333 0.8666666666666667
0.5333333333333333 0.9333333333333333
0.5666666666666667 0.0666666666666667
0.5666666666666667 0.1333333333333333
0.5666666666666667 0.2000000000000000
0.5666666666666667 0.2666666666666667
0.5666666666666667 0.3333333333333333
0.5666666666666667 0.4000000000000000
0.5666666666666667 0.4666666666666667
0.5666666666666667 0.5333333333333333
0.5666666666666667 0.6000000000000000
0.5666666666666667 0.6666666666666666
0.5666666666666667 0.7333333333333333
0.5666666666666667 0.8000000000000000
0.5666666666666667 0.8666666666666667
0.5666666666666667 0.9333333333333333
0.5666666666666667 1.0000000000000000
0.6000000000000000 0.0000000000000000
0.6000000000000000 0.0666666666666667
0.6000000000000000 0.1333333333333333
0.6000000000000000 0.2000000000000000
0.6000000000000000 0.2666666666666667
0.6000000000000000 0.3333333333333333
0.6000000000000000 0.4000000000000000
0.6000000000000000 0.4666666666666667
0.6000000000000000 0.5333333333333333
0.6000000000000000 0.6000000000000000
0.6000000000000000 0.6666666666666666
0.6000000000000000 0.7333333333333333
0.6000000000000000 0.8000000000000000
0.6000000000000000 0.8666666666666667
0.6000000000000000 0.9333333333333333
0.6333333333333333 0.0666666666666667
0.6333333333333333 0.1333333333333333
0.6333333333333333 0.2000000000000000
0.6333333333333333 0.2666666666666667
0.6333333333333333 0.3333333333333333
0.6333333333333333 0.4000000000000000
0.6333333333333333 0.4666666666666667
0.6333333333333333 0.5333333333333333
0.6333333333333333 0.6000000000000000
0.6333333333333333 0.6666666666666666
0.6333333333333333 0.7333333333333333
0.6333333333333333 0.8000000000000000
0.6333333333333333 0.8666666666666667
0.6333333333333333 0.9333333333333333
0.6333333333333333 1.0000000000000000
0.6666666666666666 0.0000000000000000
0.6666666666666666 0.0666666666666667
0.6666666666666666 0.1333333333333333
0.6666666666666666 0.2000000000000000
0.6666666666666666 0.2666666666666667
0.6666666666666666 0.3333333333333333
0.6666666666666666 0.4000000000000000
0.6666666666666666 0.4666666666666667
0.6666666666666666 0.5333333333333333
0.6666666666666666 0.6000000000000000
0.6666666666666666 0.6666666666666666
0.6666666666666666 0.7333333333333333
0.6666666666666666 0.8000000000000000
0.6666666666666666 0.8666666666666667
0.6666666666666666 0.9333333333333333
0.7000000000000000 0.0666666666666667
0.7000000000000000 0.1333333333333333
0.7000000000000000 0.2000000000000000
0.7000000000000000 0.2666666666666667
0.7000000000000000 0.3333333333333333
0.7000000000000000 0.4000000000000000
0.7000000000000000 0.4666666666666667
0.7000000000000000 0.5333333333333333
0.7000000000000000 0.6000000000000000
0.7000000000000000 0.6666666666666666
0.7000000000000000 0.7333333333333333
0.7000000000000000 0.8000000000000000
0.7000000000000000 0.8666666666666667
0.7000000000000000 0.9333333333333333
0.7000000000000000 1.0000000000000000
0.7333333333333333 0.0000000000000000
0.7333333333333333 0.0666666666666667
0.7333333333333333 0.1333333333333333
0.7333333333333333 0.2000000000000000
0.7333333333333333 0.2666666666666667
0.7333333333333333 0.3333333333333333
0.7333333333333333 0.4000000000000000
0.7333333333333333 0.4666666666666667
0.7333333333333333 0.5333333333333333
0.7333333333333333 0.6000000000000000
0.7333333333333333 0.6666666666666666
0.7333333333333333 0.7333333333333333
0.7333333333333333 0.8000000000000000
0.7333333333333333 0.8666666666666667
0.7333333333333333 0.9333333333333333
0.7666666666666667 0.0666666666666667
0.7666666666666667 0.1333333333333333
0.7666666666666667 0.2000000000000000
0.7666666666666667 0.2666666666666667
0.7666666666666667 0.3333333333333333
0.7666666666666667 0.4000000000000000
0.7666666666666667 0.4666666666666667
0.7666666666666667 0.5333333333333333
0.7666666666666667 0.6000000000000000
0.7666666666666667 0.6666666666666666
0.7666666666666667 0.7333333333333333
0.7666666666666667 0.8000000000000000
0.7666666666666667 0.8666666666666667
0.7666666666666667 0.9333333333333333
0.7666666666666667 1.0000000000000000
0.8000000000000000 0.0000000000000000
0.8000000000000000 0.0666666666666667
0.8000000000000000 0.1333333333333333
0.8000000000000000 0.2000000000000000
0.8000000000000000 0.2666666666666667
0.8000000000000000 0.3333333333333333
0.8000000000000000 0.4000000000000000
0.8000000000000000 0.4666666666666667
0.8000000000000000 0.5333333333333333
0.8000000000000000 0.6000000000000000
0.8000000000000000 0.6666666666666666
0.8000000000000000 0.7333333333333333
0.8000000000000000 0.8000000000000000
0.8000000000000000 0.8666666666666667
0.8000000000000000 0.9333333333333333
0.8333333333333334 0.0666666666666667
0.8333333333333334 0.1333333333333333
0.8333333333333334 0.2000000000000000
0.8333333333333334 0.2666666666666667
0.8333333333333334 0.3333333333333333
0.8333333333333334 0.4000000000000000
0.8333333333333334 0.4666666666666667
0.8333333333333334 0.5333333333333333
0.8333333333333334 0.6000000000000000
0.8333333333333334 0.6666666666666666
0.8333333333333334 0.7333333333333333
0.8333333333333334 0.8000000000000000
0.8333333333333334 0.8666666666666667
0.8333333333333334 0.9333333333333333
0.8333333333333334 1.0000000000000000
0.8666666666666667 0.0000000000000000
0.8666666666666667 0.0666666666666667
0.8666666666666667 0.1333333333333333
0.8666666666666667 0.2000000000000000
0.8666666666666667 0.2666666666666667
0.8666666666666667 0.3333333333333333
0.8666666666666667 0.4000000000000000
0.8666666666666667 0.4666666666666667
0.8666666666666667 0.5333333333333333
0.8666666666666667 0.6000000000000000
0.8666666666666667 0.6666666666666666
0.8666666666666667 0.7333333333333333
0.8666666666666667 0.8000000000000000
0.8666666666666667 0.8666666666666667
0.8666666666666667 0.9333333333333333
0.9000000000000000 0.0666666666666667
0.9000000000000000 0.1333333333333333
0.9000000000000000 0.2000000000000000
0.9000000000000000 0.2666666666666667
0.9000000000000000 0.3333333333333333
0.9000000000000000 0.4000000000000000
0.9000000000000000 0.4666666666666667
0.9000000000000000 0.5333333333333333
0.9000000000000000 0.6000000000000000
0.9000000000000000 0.6666666666666666
0.9000000000000000 0.7333333333333333
0.9000000000000000 0.8000000000000000
0.9000000000000000 0.8666666666666667
0.9000000000000000 0.9333333333333333
0.9000000000000000 1.0000000000000000
0.9333333333333333 0.0000000000000000
0.9333333333333333 0.0666666666666667
0.9333333333333333 0.1333333333333333
0.9333333333333333 0.2000000000000000
0.9333333333333333 0.2666666666666667
0.9333333333333333 0.3333333333333333
0.9333333333333333 0.4000000000000000
0.9333333333333333 0.4666666666666667
0.9333333333333333 0.5333333333333333
0.9333333333333333 0.6000000000000000
0.9333333333333333 0.6666666666666666
0.9333333333333333 0.7333333333333333
0.9333333333333333 0.8000000000000000
0.9333333333333333 0.8666666666666667
0.9333333333333333 0.9333333333333333
0.9666666666666667 0.0666666666666667
0.9666666666666667 0.1333333333333333
0.9666666666666667 0.2000000000000000
0.9666666666666667 0.2666666666666667
0.9666666666666667 0.3333333333333333
0.9666666666666667 0.4000000000000000
0.9666666666666667 0.4666666666666667
0.9666666666666667 0.5333333333333333
0.9666666666666667 0.6000000000000000
0.9666666666666667 0.6666666666666666
0.9666666666666667 0.7333333333333333
0.9666666666666667 0.8000000000000000
0.9666666666666667 0.8666666666666667
0.9666666666666667 0.9333333333333333
0.9666666666666667 1.0000000000000000
1.0000000000000000 0.0000000000000000
1.0000000000000000 0.0666666666666667
1.0000000000000000 0.1333333333333333
1.0000000000000000 0.2000000000000000
1.0000000000000000 0.2666666666666667
1.0000000000000000 0.3333333333333333
1.0000000000000000 0.4000000000000000
1.0000000000000000 0.4666666666666667
1.0000000000000000 0.5333333333333333
1.0000000000000000 0.6000000000000000
1.0000000000000000 0.6666666666666666
1.0000000000000000 0.7333333333333333
1.0000000000000000 0.8000000000000000
1.0000000000000000 0.8666666666666667
1.0000000000000000 0.9333333333333333
1.0000000000000000 1.0000000000000000
# element connectivity: number of elements followed by the connectivity
465
3 1 17 2 
3 2 18 3 
3 3 19 4 
3 4 20 5 
3 5 21 6 
3 6 22 7 
3 7 23 8 
3 8 24 9 
3 9 25 10 
3 10 26 11 
3 11 27 12 
3 12 28 13 
3 13 29 14 
3 14 30 15 
3 15 31 16 
3 1 32 17 
3 32 62 47 
3 62 92 77 
3 92 122 107 
3 122 152 137 
3 152 182 167 
3 182 212 197 
3 212 242 227 
3 242 272 257 
3 272 302 287 
3 302 332 317 
3 332 362 347 
3 362 392 377 
3 392 422 407 
3 422 452 437 
4 2 17 33 18 
4 33 47 63 48 
4 63 77 93 78 
4 93 107 123 108 
4 123 137 153 138 
4 153 167 183 168 
4 183 197 213 198 
4 213 227 243 228 
4 243 257 273 258 
4 273 287 303 288 
4 303 317 333 318 
4 333 347 363 348 
4 363 377 393 378 
4 393 407 423 408 
4 423 437 453 438 
4 3 18 34 19 
4 34 48 64 49 
4 64 78 94 79 
4 94 108 124 109 
4 124 138 154 139 
4 154 168 184 169 
4 184 198 214 199 
4 214 228 244 229 
4 244 258 274 259 
4 274 288 304 289 
4 304 318 334 319 
4 334 348 364 349 
4 364 378 394 379 
4 394 408 424 409 
4 424 438 454 439 
4 4 19 35 20 
4 35 49 65 50 
4 65 79 95 80 
4 95 109 125 110 
4 125 139 155 140 
4 155 169 185 170 
4 185 199 215 200 
4 215 229 245 230 
4 245 259 275 260 
4 275 289 305 290 
4 305 319 335 320 
4 335 349 365 350 
4 365 379 395 380 
4 395 409 425 410 
4 425 439 455 440 
4 5 20 36 21 
4 36 50 66 51 
4 66 80 96 81 
4 96 110 126 111 
4 126 140 156 141 
4 156 170 186 171 
4 186 200 216 201 
4 216 230 246 231 
4 246 260 276 261 
4 276 290 306 291 
4 306 320 336 321 
4 336 350 366 351 
4 366 380 396 381 
4 396 410 426 411 
4 426 440 456 441 
4 6 21 37 22 
4 37 51 67 52 
4 67 81 97 82 
4 97 111 127 112 
4 127 141 157 142 
4 157 171 187 172 
4 187 201 217 202 
4 217 231 247 232 
4 247 261 277 262 
4 277 291 307 292 
4 307 321 337 322 
4 337 351 367 352 
4 367 381 397 382 
4 397 411 427 412 
4 427 441 457 442 
4 7 22 38 23 
4 38 52 68 53 
4 68 82 98 83 
4 98 112 128 113 
4 128 142 158 143 
4 158 172 188 173 
4 188 202 218 203 
4 218 232 248 233 
4 248 262 278 263 
4 278 292 308 293 
4 308 322 338 323 
4 338 352 368 353 
4 368 382 398 383 
4 398 412 428 413 
4 428 442 458 443 
4 8 23 39 24 
4 39 53 69 54 
4 69 83 99 84 
4 99 113 129 114 
4 129 143 159 144 
4 159 173 189 174 
4 189 203 219 204 
4 219 233 249 234 
4 249 263 279 264 
4 279 293 309 294 
4 309 323 339 324 
4 339 353 369 354 
4 369 383 399 384 
4 399 413 429 414 
4 429 443 459 444 
4 9 24 40 25 
4 40 54 70 55 
4 70 84 100 85 
4 100 114 130 115 
4 130 144 160 145 
4 160 174 190 175 
4 190 204 220 205 
4 220 234 250 235 
4 250 264 280 265 
4 280 294 310 295 
4 310 324 340 325 
4 340 354 370 355 
4 370 384 400 385 
4 400 414 430 415 
4 430 444 460 445 
4 10 25 41 26 
4 41 55 71 56 
4 71 85 101 86 
4 101 115 131 116 
4 131 145 161 146 
4 161 175 191 176 
4 191 205 221 206 
4 221 235 251 236 
4 251 265 281 266 
4 281 295 311 296 
4 311 325 341 326 
4 341 355 371 356 
4 371 385 401 386 
4 401 415 431 416 
4 431 445 461 446 
4 11 26 42 27 
4 42 56 72 57 
4 72 86 102 87 
4 102 116 132 117 
4 132 146 162 147 
4 162 176 192 177 
4 192 206 222 207 
4 222 236 252 237 
4 252 266 282 267 
4 282 296 312 297 
4 312 326 342 327 
4 342 356 372 357 
4 372 386 402 387 
4 402 416 432 417 
4 432 446 462 447 
4 12 27 43 28 
4 43 57 73 58 
4 73 87 103 88 
4 103 117 133 118 
4 133 147 163 148 
4 163 177 193 178 
4 193 207 223 208 
4 223 237 253 238 
4 253 267 283 268 
4 283 297 313 298 
4 313 327 343 328 
4 343 357 373 358 
4 373 387 403 388 
4 403 417 433 418 
4 433 447 463 448 
4 13 28 44 29 
4 44 58 74 59 
4 74 88 104 89 
4 104 118 134 119 
4 134 148 164 149 
4 164 178 194 179 
4 194 208 224 209 
4 224 238 254 239 
4 254 268 284 269 
4 284 298 314 299 
4 314 328 344 329 
4 344 358 374 359 
4 374 388 404 389 
4 404 418 434 419 
4 434 448 464 449 
4 14 29 45 30 
4 45 59 75 60 
4 75 89 105 90 
4 105 119 135 120 
4 135 149 165 150 
4 165 179 195 180 
4 195 209 225 210 
4 225 239 255 240 
4 255 269 285 270 
4 285 299 315 300 
4 315 329 345 330 
4 345 359 375 360 
4 375 389 405 390 
4 405 419 435 420 
4 435 449 465 450 
4 15 30 46 31 
4 46 60 76 61 
4 76 90 106 91 
4 106 120 136 121 
4 136 150 166 151 
4 166 180 196 181 
4 196 210 226 211 
4 226 240 256 241 
4 256 270 286 271 
4 286 300 316 301 
4 316 330 346 331 
4 346 360 376 361 
4 376 390 406 391 
4 406 420 436 421 
4 436 450 466 451 
4 17 32 47 33 
4 47 62 77 63 
4 77 92 107 93 
4 107 122 137 123 
4 137 152 167 153 
4 167 182 197 183 
4 197 212 227 213 
4 227 242 257 243 
4 257 272 287 273 
4 287 302 317 303 
4 317 332 347 333 
4 347 362 377 363 
4 377 392 407 393 
4 407 422 437 423 
4 18 33 48 34 
4 48 63 78 64 
4 78 93 108 94 
4 108 123 138 124 
4 138 153 168 154 
4 168 183 198 184 
4 198 213 228 214 
4 228 243 258 244 
4 258 273 288 274 
4 288 303 318 304 
4 318 333 348 334 
4 348 363 378 364 
4 378 393 408 394 
4 408 423 438 424 
4 19 34 49 35 
4 49 64 79 65 
4 79 94 109 95 
4 109 124 139 125 
4 139 154 169 155 
4 169 184 199 185 
4 199 214 229 215 
4 229 244 259 245 
4 259 274 289 275 
4 289 304 319 305 
4 319 334 349 335 
4 349 364 379 365 
4 379 394 409 395 
4 409 424 439 425 
4 20 35 50 36 
4 50 65 80 66 
4 80 95 110 96 
4 110 125 140 126 
4 140 155 170 156 
4 170 185 200 186 
4 200 215 230 216 
4 230 245 260 246 
4 260 275 290 276 
4 290 305 320 306 
4 320 335 350 336 
4 350 365 380 366 
4 380 395 410 396 
4 410 425 440 426 
4 21 36 51 37 
4 51 66 81 67 
4 81 96 111 97 
4 111 126 141 127 
4 141 156 171 157 
4 171 186 201 187 
4 201 216 231 217 
4 231 246 261 247 
4 261 276 291 277 
4 291 306 321 307 
4 321 336 351 337 
4 351 366 381 367 
4 381 396 411 397 
4 411 426 441 427 
4 22 37 52 38 
4 52 67 82 68 
4 82 97 112 98 
4 112 127 142 128 
4 142 157 172 158 
4 172 187 202 188 
4 202 217 232 218 
4 232 247 262 248 
4 262 277 292 278 
4 292 307 322 308 
4 322 337 352 338 
4 352 367 382 368 
4 382 397 412 398 
4 412 427 442 428 
4 23 38 53 39 
4 53 68 83 69 
4 83 98 113 99 
4 113 128 143 129 
4 143 158 173 159 
4 173 188 203 189 
4 203 218 233 219 
4 233 248 263 249 
4 263 278 293 279 
4 293 308 323 309 
4 323 338 353 339 
4 353 368 383 369 
4 383 398 413 399 
4 413 428 443 429 
4 24 39 54 40 
4 54 69 84 70 
4 84 99 114 100 
4 114 129 144 130 
4 144 159 174 160 
4 174 189 204 190 
4 204 219 234 220 
4 234 249 264 250 
4 264 279 294 280 
4 294 309 324 310 
4 324 339 354 340 
4 354 369 384 370 
4 384 399 414 400 
4 414 429 444 430 
4 25 40 55 41 
4 55 70 85 71 
4 85 100 115 101 
4 115 130 145 131 
4 145 160 175 161 
4 175 190 205 191 
4 205 220 235 221 
4 235 250 265 251 
4 265 280 295 281 
4 295 310 325 311 
4 325 340 355 341 
4 355 370 385 371 
4 385 400 415 401 
4 415 430 445 431 
4 26 41 56 42 
4 56 71 86 72 
4 86 101 116 102 
4 116 131 146 132 
4 146 161 176 162 
4 176 191 206 192 
4 206 221 236 222 
4 236 251 266 252 
4 266 281 296 282 
4 296 311 326 312 
4 326 341 356 342 
4 356 371 386 372 
4 386 401 416 402 
4 416 431 446 432 
4 27 42 57 43 
4 57 72 87 73 
4 87 102 117 103 
4 117 132 147 133 
4 147 162 177 163 
4 177 192 207 193 
4 207 222 237 223 
4 237 252 267 253 
4 267 282 297 283 
4 297 312 327 313 
4 327 342 357 343 
4 357 372 387 373 
4 387 402 417 403 
4 417 432 447 433 
4 28 43 58 44 
4 58 73 88 74 
4 88 103 118 104 
4 118 133 148 134 
4 148 163 178 164 
4 178 193 208 194 
4 208 223 238 224 
4 238 253 268 254 
4 268 283 298 284 
4 298 313 328 314 
4 328 343 358 344 
4 358 373 388 374 
4 388 403 418 404 
4 418 433 448 434 
4 29 44 59 45 
4 59 74 89 75 
4 89 104 119 105 
4 119 134 149 135 
4 149 164 179 165 
4 179 194 209 195 
4 209 224 239 225 
4 239 254 269 255 
4 269 284 299 285 
4 299 314 329 315 
4 329 344 359 345 
4 359 374 389 375 
4 389 404 419 405 
4 419 434 449 435 
4 30 45 60 46 
4 60 75 90 76 
4 90 105 120 106 
4 120 135 150 136 
4 150 165 180 166 
4 180 195 210 196 
4 210 225 240 226 
4 240 255 270 256 
4 270 285 300 286 
4 300 315 330 316 
4 330 345 360 346 
4 360 375 390 376 
4 390 405 420 406 
4 420 435 450 436 
3 31 46 61 
3 61 76 91 
3 91 106 121 
3 121 136 151 
3 151 166 181 
3 181 196 211 
3 211 226 241 
3 241 256 271 
3 271 286 301 
3 301 316 331 
3 331 346 361 
3 361 376 391 
3 391 406 421 
3 421 436 451 
3 466 467 451 
3 465 466 450 
3 464 465 449 
3 463 464 448 
3 462 463 447 
3 461 462 446 
3 460 461 445 
3 459 460 444 
3 458 459 443 
3 457 458 442 
3 456 457 441 
3 455 456 440 
3 454 455 439 
3 453 454 438 
3 452 453 437 
# indices of nodes located on the boundary
1 2 3 4 5 6 7 8 9 10 11 12 13 14 15 16 31 32 61 62 91 92 121 122 151 152 181 182 211 212 241 242 271 272 301 302 331 332 361 362 391 392 421 422 451 452 453 454 455 456 457 458 459 460 461 462 463 464 465 466 467 
