# domain type
Polygonal
# nodal coordinates: number of nodes followed by the coordinates
1277
0.0000000000000000 0.0000000000000000
0.0000000000000000 0.0400000000000000
0.0000000000000000 0.0800000000000000
0.0000000000000000 0.1200000000000000
0.0000000000000000 0.1600000000000000
0.0000000000000000 0.2000000000000000
0.0000000000000000 0.2400000000000000
0.0000000000000000 0.2800000000000000
0.0000000000000000 0.3200000000000000
0.0000000000000000 0.3600000000000000
0.0000000000000000 0.4000000000000000
0.0000000000000000 0.4400000000000000
0.0000000000000000 0.4800000000000000
0.0000000000000000 0.5200000000000000
0.0000000000000000 0.5600000000000001
0.0000000000000000 0.6000000000000000
0.0000000000000000 0.6400000000000000
0.0000000000000000 0.6800000000000000
0.0000000000000000 0.7200000000000000
0.0000000000000000 0.7600000000000000
0.0000000000000000 0.8000000000000000
0.0000000000000000 0.8400000000000000
0.0000000000000000 0.8800000000000000
0.0000000000000000 0.9200000000000000
0.0000000000000000 0.9600000000000000
0.0000000000000000 1.0000000000000000
0.0200000000000000 0.0400000000000000
0.0200000000000000 0.0800000000000000
0.0200000000000000 0.1200000000000000
0.0200000000000000 0.1600000000000000
0.0200000000000000 0.2000000000000000
0.0200000000000000 0.2400000000000000
0.0200000000000000 0.2800000000000000
0.0200000000000000 0.3200000000000000
0.0200000000000000 0.3600000000000000
0.0200000000000000 0.4000000000000000
0.0200000000000000 0.4400000000000000
0.0200000000000000 0.4800000000000000
0.0200000000000000 0.5200000000000000
0.0200000000000000 0.5600000000000001
0.0200000000000000 0.6000000000000000
0.0200000000000000 0.6400000000000000
0.0200000000000000 0.6800000000000000
0.0200000000000000 0.7200000000000000
0.0200000000000000 0.7600000000000000
0.0200000000000000 0.8000000000000000
0.0200000000000000 0.8400000000000000
0.0200000000000000 0.8800000000000000
0.0200000000000000 0.9200000000000000
0.0200000000000000 0.9600000000000000
0.0200000000000000 1.0000000000000000
0.0400000000000000 0.0000000000000000
0.0400000000000000 0.0400000000000000
0.0400000000000000 0.0800000000000000
0.0400000000000000 0.1200000000000000
0.0400000000000000 0.1600000000000000
0.0400000000000000 0.2000000000000000
0.0400000000000000 0.2400000000000000
0.0400000000000000 0.2800000000000000
0.0400000000000000 0.3200000000000000
0.0400000000000000 0.3600000000000000
0.0400000000000000 0.4000000000000000
0.0400000000000000 0.4400000000000000
0.0400000000000000 0.4800000000000000
0.0400000000000000 0.5200000000000000
0.0400000000000000 0.5600000000000001
0.0400000000000000 0.6000000000000000
0.0400000000000000 0.6400000000000000
0.0400000000000000 0.6800000000000000
0.0400000000000000 0.7200000000000000
0.0400000000000000 0.7600000000000000
0.0400000000000000 0.8000000000000000
0.0400000000000000 0.8400000000000000
0.0400000000000000 0.8800000000000000
0.0400000000000000 0.9200000000000000
0.0400000000000000 0.9600000000000000
0.0600000000000000 0.0400000000000000
0.0600000000000000 0.0800000000000000
0.0600000000000000 0.1200000000000000
0.0600000000000000 0.1600000000000000
0.0600000000000000 0.2000000000000000
0.0600000000000000 0.2400000000000000
0.0600000000000000 0.2800000000000000
0.0600000000000000 0.3200000000000000
0.0600000000000000 0.3600000000000000
0.0600000000000000 0.4000000000000000
0.0600000000000000 0.4400000000000000
0.0600000000000000 0.4800000000000000
0.0600000000000000 0.5200000000000000
0.0600000000000000 0.5600000000000001
0.0600000000000000 0.6000000000000000
0.0600000000000000 0.6400000000000000
0.0600000000000000 0.6800000000000000
0.0600000000000000 0.7200000000000000
0.0600000000000000 0.7600000000000000
0.0600000000000000 0.8000000000000000
0.0600000000000000 0.8400000000000000
0.0600000000000000 0.8800000000000000
0.0600000000000000 0.9200000000000000
0.0600000000000000 0.9600000000000000
0.0600000000000000 1.0000000000000000
0.0800000000000000 0.0000000000000000
0.0800000000000000 0.0400000000000000
0.0800000000000000 0.0800000000000000
0.0800000000000000 0.1200000000000000
0.0800000000000000 0.1600000000000000
0.0800000000000000 0.2000000000000000
0.0800000000000000 0.2400000000000000
0.0800000000000000 0.2800000000000000
0.0800000000000000 0.3200000000000000
0.0800000000000000 0.3600000000000000
0.0800000000000000 0.4000000000000000
0.0800000000000000 0.4400000000000000
0.0800000000000000 0.4800000000000000
0.0800000000000000 0.5200000000000000
0.0800000000000000 0.5600000000000001
0.0800000000000000 0.6000000000000000
0.0800000000000000 0.6400000000000000
0.0800000000000000 0.6800000000000000
0.0800000000000000 0.7200000000000000
0.0800000000000000 0.7600000000000000
0.0800000000000000 0.8000000000000000
0.0800000000000000 0.8400000000000000
0.0800000000000000 0.8800000000000000
0.0800000000000000 0.9200000000000000
0.0800000000000000 0.9600000000000000
0.1000000000000000 0.0400000000000000
0.1000000000000000 0.0800000000000000
0.1000000000000000 0.1200000000000000
0.1000000000000000 0.1600000000000000
0.1000000000000000 0.2000000000000000
0.1000000000000000 0.2400000000000000
0.1000000000000000 0.2800000000000000
0.1000000000000000 0.3200000000000000
0.1000000000000000 0.3600000000000000
0.1000000000000000 0.4000000000000000
0.1000000000000000 0.4400000000000000
0.1000000000000000 0.4800000000000000
0.1000000000000000 0.5200000000000000
0.1000000000000000 0.5600000000000001
0.1000000000000000 0.6000000000000000
0.1000000000000000 0.6400000000000000
0.1000000000000000 0.6800000000000000
0.1000000000000000 0.7200000000000000
0.1000000000000000 0.7600000000000000
0.1000000000000000 0.8000000000000000
0.1000000000000000 0.8400000000000000
0.1000000000000000 0.8800000000000000
0.1000000000000000 0.9200000000000000
0.1000000000000000 0.9600000000000000
0.1000000000000000 1.0000000000000000
0.1200000000000000 0.0000000000000000
0.1200000000000000 0.0400000000000000
0.1200000000000000 0.0800000000000000
0.1200000000000000 0.1200000000000000
0.1200000000000000 0.1600000000000000
0.1200000000000000 0.2000000000000000
0.1200000000000000 0.2400000000000000
0.1200000000000000 0.2800000000000000
0.1200000000000000 0.3200000000000000
0.1200000000000000 0.3600000000000000
0.1200000000000000 0.4000000000000000
0.1200000000000000 0.4400000000000000
0.1200000000000000 0.4800000000000000
0.1200000000000000 0.5200000000000000
0.1200000000000000 0.5600000000000001
0.1200000000000000 0.6000000000000000
0.1200000000000000 0.6400000000000000
0.1200000000000000 0.6800000000000000
0.1200000000000000 0.7200000000000000
0.1200000000000000 0.7600000000000000
0.1200000000000000 0.8000000000000000
0.1200000000000000 0.8400000000000000
0.1200000000000000 0.8800000000000000
0.1200000000000000 0.9200000000000000
0.1200000000000000 0.9600000000000000
0.1400000000000000 0.0400000000000000
0.1400000000000000 0.0800000000000000
0.1400000000000000 0.1200000000000000
0.1400000000000000 0.1600000000000000
0.1400000000000000 0.2000000000000000
0.1400000000000000 0.2400000000000000
0.1400000000000000 0.2800000000000000
0.1400000000000000 0.3200000000000000
0.1400000000000000 0.3600000000000000
0.1400000000000000 0.4000000000000000
0.1400000000000000 0.4400000000000000
0.1400000000000000 0.4800000000000000
0.1400000000000000 0.5200000000000000
0.1400000000000000 0.5600000000000001
0.1400000000000000 0.6000000000000000
0.1400000000000000 0.6400000000000000
0.1400000000000000 0.6800000000000000
0.1400000000000000 0.7200000000000000
0.1400000000000000 0.7600000000000000
0.1400000000000000 0.8000000000000000
0.1400000000000000 0.8400000000000000
0.1400000000000000 0.8800000000000000
0.1400000000000000 0.9200000000000000
0.1400000000000000 0.9600000000000000
0.1400000000000000 1.0000000000000000
0.1600000000000000 0.0000000000000000
0.1600000000000000 0.0400000000000000
0.1600000000000000 0.0800000000000000
0.1600000000000000 0.1200000000000000
0.1600000000000000 0.1600000000000000
0.1600000000000000 0.2000000000000000
0.1600000000000000 0.2400000000000000
0.1600000000000000 0.2800000000000000
0.1600000000000000 0.3200000000000000
0.1600000000000000 0.3600000000000000
0.1600000000000000 0.4000000000000000
0.1600000000000000 0.4400000000000000
0.1600000000000000 0.4800000000000000
0.1600000000000000 0.5200000000000000
0.1600000000000000 0.5600000000000001
0.1600000000000000 0.6000000000000000
0.1600000000000000 0.6400000000000000
0.1600000000000000 0.6800000000000000
0.1600000000000000 0.7200000000000000
0.1600000000000000 0.7600000000000000
0.1600000000000000 0.8000000000000000
0.1600000000000000 0.8400000000000000
0.1600000000000000 0.8800000000000000
0.1600000000000000 0.9200000000000000
0.1600000000000000 0.9600000000000000
0.1800000000000000 0.0400000000000000
0.1800000000000000 0.0800000000000000
0.1800000000000000 0.1200000000000000
0.1800000000000000 0.1600000000000000
0.1800000000000000 0.2000000000000000
0.1800000000000000 0.2400000000000000
0.1800000000000000 0.2800000000000000
0.1800000000000000 0.3200000000000000
0.1800000000000000 0.3600000000000000
0.1800000000000000 0.4000000000000000
0.1800000000000000 0.4400000000000000
0.1800000000000000 0.4800000000000000
0.1800000000000000 0.5200000000000000
0.1800000000000000 0.5600000000000001
0.1800000000000000 0.6000000000000000
0.1800000000000000 0.6400000000000000
0.1800000000000000 0.6800000000000000
0.1800000000000000 0.7200000000000000
0.1800000000000000 0.7600000000000000
0.1800000000000000 0.8000000000000000
0.1800000000000000 0.8400000000000000
0.1800000000000000 0.8800000000000000
0.1800000000000000 0.9200000000000000
0.1800000000000000 0.9600000000000000
0.1800000000000000 1.0000000000000000
0.2000000000000000 0.0000000000000000
0.2000000000000000 0.0400000000000000
0.2000000000000000 0.0800000000000000
0.2000000000000000 0.1200000000000000
0.2000000000000000 0.1600000000000000
0.2000000000000000 0.2000000000000000
0.2000000000000000 0.2400000000000000
0.2000000000000000 0.2800000000000000
0.2000000000000000 0.3200000000000000
0.2000000000000000 0.3600000000000000
0.2000000000000000 0.4000000000000000
0.2000000000000000 0.4400000000000000
0.2000000000000000 0.4800000000000000
0.2000000000000000 0.5200000000000000
0.2000000000000000 0.5600000000000001
0.2000000000000000 0.6000000000000000
0.2000000000000000 0.6400000000000000
0.2000000000000000 0.6800000000000000
0.2000000000000000 0.7200000000000000
0.2000000000000000 0.7600000000000000
0.2000000000000000 0.8000000000000000
0.2000000000000000 0.8400000000000000
0.2000000000000000 0.8800000000000000
0.2000000000000000 0.9200000000000000
0.2000000000000000 0.9600000000000000
0.2200000000000000 0.0400000000000000
0.2200000000000000 0.0800000000000000
0.2200000000000000 0.1200000000000000
0.2200000000000000 0.1600000000000000
0.2200000000000000 0.2000000000000000
0.2200000000000000 0.2400000000000000
0.2200000000000000 0.2800000000000000
0.2200000000000000 0.3200000000000000
0.2200000000000000 0.3600000000000000
0.2200000000000000 0.4000000000000000
0.2200000000000000 0.4400000000000000
0.2200000000000000 0.4800000000000000
0.2200000000000000 0.5200000000000000
0.2200000000000000 0.5600000000000001
0.2200000000000000 0.6000000000000000
0.2200000000000000 0.6400000000000000
0.2200000000000000 0.6800000000000000
0.2200000000000000 0.7200000000000000
0.2200000000000000 0.7600000000000000
0.2200000000000000 0.8000000000000000
0.2200000000000000 0.8400000000000000
0.2200000000000000 0.8800000000000000
0.2200000000000000 0.9200000000000000
0.2200000000000000 0.9600000000000000
0.2200000000000000 1.0000000000000000
0.2400000000000000 0.0000000000000000
0.2400000000000000 0.0400000000000000
0.2400000000000000 0.0800000000000000
0.2400000000000000 0.1200000000000000
0.2400000000000000 0.1600000000000000
0.2400000000000000 0.2000000000000000
0.2400000000000000 0.2400000000000000
0.2400000000000000 0.2800000000000000
0.2400000000000000 0.3200000000000000
0.2400000000000000 0.3600000000000000
0.2400000000000000 0.4000000000000000
0.2400000000000000 0.4400000000000000
0.2400000000000000 0.4800000000000000
0.2400000000000000 0.5200000000000000
0.2400000000000000 0.5600000000000001
0.2400000000000000 0.6000000000000000
0.2400000000000000 0.6400000000000000
0.2400000000000000 0.6800000000000000
0.2400000000000000 0.7200000000000000
0.2400000000000000 0.7600000000000000
0.2400000000000000 0.8000000000000000
0.2400000000000000 0.8400000000000000
0.2400000000000000 0.8800000000000000
0.2400000000000000 0.9200000000000000
0.2400000000000000 0.9600000000000000
0.2600000000000000 0.0400000000000000
0.2600000000000000 0.0800000000000000
0.2600000000000000 0.1200000000000000
0.2600000000000000 0.1600000000000000
0.2600000000000000 0.2000000000000000
0.2600000000000000 0.2400000000000000
0.2600000000000000 0.2800000000000000
0.2600000000000000 0.3200000000000000
0.2600000000000000 0.3600000000000000
0.2600000000000000 0.4000000000000000
0.2600000000000000 0.4400000000000000
0.2600000000000000 0.4800000000000000
0.2600000000000000 0.5200000000000000
0.2600000000000000 0.5600000000000001
0.2600000000000000 0.6000000000000000
0.2600000000000000 0.6400000000000000
0.2600000000000000 0.6800000000000000
0.2600000000000000 0.7200000000000000
0.2600000000000000 0.7600000000000000
0.2600000000000000 0.8000000000000000
0.2600000000000000 0.8400000000000000
0.2600000000000000 0.8800000000000000
0.2600000000000000 0.9200000000000000
0.2600000000000000 0.9600000000000000
0.2600000000000000 1.0000000000000000
0.2800000000000000 0.0000000000000000
0.2800000000000000 0.0400000000000000
0.2800000000000000 0.0800000000000000
0.2800000000000000 0.1200000000000000
0.2800000000000000 0.1600000000000000
0.2800000000000000 0.2000000000000000
0.2800000000000000 0.2400000000000000
0.2800000000000000 0.2800000000000000
0.2800000000000000 0.3200000000000000
0.2800000000000000 0.3600000000000000
0.2800000000000000 0.4000000000000000
0.2800000000000000 0.4400000000000000
0.2800000000000000 0.4800000000000000
0.2800000000000000 0.5200000000000000
0.2800000000000000 0.5600000000000001
0.2800000000000000 0.6000000000000000
0.2800000000000000 0.6400000000000000
0.2800000000000000 0.6800000000000000
0.2800000000000000 0.7200000000000000
0.2800000000000000 0.7600000000000000
0.2800000000000000 0.8000000000000000
0.2800000000000000 0.8400000000000000
0.2800000000000000 0.8800000000000000
0.2800000000000000 0.9200000000000000
0.2800000000000000 0.9600000000000000
0.3000000000000000 0.0400000000000000
0.3000000000000000 0.0800000000000000
0.3000000000000000 0.1200000000000000
0.3000000000000000 0.1600000000000000
0.3000000000000000 0.2000000000000000
0.3000000000000000 0.2400000000000000
0.3000000000000000 0.2800000000000000
0.3000000000000000 0.3200000000000000
0.3000000000000000 0.3600000000000000
0.3000000000000000 0.4000000000000000
0.3000000000000000 0.4400000000000000
0.3000000000000000 0.4800000000000000
0.3000000000000000 0.5200000000000000
0.3000000000000000 0.5600000000000001
0.3000000000000000 0.6000000000000000
0.3000000000000000 0.6400000000000000
0.3000000000000000 0.6800000000000000
0.3000000000000000 0.7200000000000000
0.3000000000000000 0.7600000000000000
0.3000000000000000 0.8000000000000000
0.3000000000000000 0.8400000000000000
0.3000000000000000 0.8800000000000000
0.3000000000000000 0.9200000000000000
0.3000000000000000 0.9600000000000000
0.3000000000000000 1.0000000000000000
0.3200000000000000 0.0000000000000000
0.3200000000000000 0.0400000000000000
0.3200000000000000 0.0800000000000000
0.3200000000000000 0.1200000000000000
0.3200000000000000 0.1600000000000000
0.3200000000000000 0.2000000000000000
0.3200000000000000 0.2400000000000000
0.3200000000000000 0.2800000000000000
0.3200000000000000 0.3200000000000000
0.3200000000000000 0.3600000000000000
0.3200000000000000 0.4000000000000000
0.3200000000000000 0.4400000000000000
0.3200000000000000 0.4800000000000000
0.3200000000000000 0.5200000000000000
0.3200000000000000 0.5600000000000001
0.3200000000000000 0.6000000000000000
0.3200000000000000 0.6400000000000000
0.3200000000000000 0.6800000000000000
0.3200000000000000 0.7200000000000000
0.3200000000000000 0.7600000000000000
0.3200000000000000 0.8000000000000000
0.3200000000000000 0.8400000000000000
0.3200000000000000 0.8800000000000000
0.3200000000000000 0.9200000000000000
0.3200000000000000 0.9600000000000000
0.3400000000000000 0.0400000000000000
0.3400000000000000 0.0800000000000000
0.3400000000000000 0.1200000000000000
0.3400000000000000 0.1600000000000000
0.3400000000000000 0.2000000000000000
0.3400000000000000 0.2400000000000000
0.3400000000000000 0.2800000000000000
0.3400000000000000 0.3200000000000000
0.3400000000000000 0.3600000000000000
0.3400000000000000 0.4000000000000000
0.3400000000000000 0.4400000000000000
0.3400000000000000 0.4800000000000000
0.3400000000000000 0.5200000000000000
0.3400000000000000 0.5600000000000001
0.3400000000000000 0.6000000000000000
0.3400000000000000 0.6400000000000000
0.3400000000000000 0.6800000000000000
0.3400000000000000 0.7200000000000000
0.3400000000000000 0.7600000000000000
0.3400000000000000 0.8000000000000000
0.3400000000000000 0.8400000000000000
0.3400000000000000 0.8800000000000000
0.3400000000000000 0.9200000000000000
0.3400000000000000 0.9600000000000000
0.3400000000000000 1.0000000000000000
0.3600000000000000 0.0000000000000000
0.3600000000000000 0.0400000000000000
0.3600000000000000 0.0800000000000000
0.3600000000000000 0.1200000000000000
0.3600000000000000 0.1600000000000000
0.3600000000000000 0.2000000000000000
0.3600000000000000 0.2400000000000000
0.3600000000000000 0.2800000000000000
0.3600000000000000 0.3200000000000000
0.3600000000000000 0.3600000000000000
0.3600000000000000 0.4000000000000000
0.3600000000000000 0.4400000000000000
0.3600000000000000 0.4800000000000000
0.3600000000000000 0.5200000000000000
0.3600000000000000 0.5600000000000001
0.3600000000000000 0.6000000000000000
0.3600000000000000 0.6400000000000000
0.3600000000000000 0.6800000000000000
0.3600000000000000 0.7200000000000000
0.3600000000000000 0.7600000000000000
0.3600000000000000 0.8000000000000000
0.3600000000000000 0.8400000000000000
0.3600000000000000 0.8800000000000000
0.3600000000000000 0.9200000000000000
0.3600000000000000 0.9600000000000000
0.3800000000000000 0.0400000000000000
0.3800000000000000 0.0800000000000000
0.3800000000000000 0.1200000000000000
0.3800000000000000 0.1600000000000000
0.3800000000000000 0.2000000000000000
0.3800000000000000 0.2400000000000000
0.3800000000000000 0.2800000000000000
0.3800000000000000 0.3200000000000000
0.3800000000000000 0.3600000000000000
0.3800000000000000 0.4000000000000000
0.3800000000000000 0.4400000000000000
0.3800000000000000 0.4800000000000000
0.3800000000000000 0.5200000000000000
0.3800000000000000 0.5600000000000001
0.3800000000000000 0.6000000000000000
0.3800000000000000 0.6400000000000000
0.3800000000000000 0.6800000000000000
0.3800000000000000 0.7200000000000000
0.3800000000000000 0.7600000000000000
0.3800000000000000 0.8000000000000000
0.3800000000000000 0.8400000000000000
0.3800000000000000 0.8800000000000000
0.3800000000000000 0.9200000000000000
0.3800000000000000 0.9600000000000000
0.3800000000000000 1.0000000000000000
0.4000000000000000 0.0000000000000000
0.4000000000000000 0.0400000000000000
0.4000000000000000 0.0800000000000000
0.4000000000000000 0.1200000000000000
0.4000000000000000 0.1600000000000000
0.4000000000000000 0.2000000000000000
0.4000000000000000 0.2400000000000000
0.4000000000000000 0.2800000000000000
0.4000000000000000 0.3200000000000000
0.4000000000000000 0.3600000000000000
0.4000000000000000 0.4000000000000000
0.4000000000000000 0.4400000000000000
0.4000000000000000 0.4800000000000000
0.4000000000000000 0.5200000000000000
0.4000000000000000 0.5600000000000001
0.4000000000000000 0.6000000000000000
0.4000000000000000 0.6400000000000000
0.4000000000000000 0.6800000000000000
0.4000000000000000 0.7200000000000000
0.4000000000000000 0.7600000000000000
0.4000000000000000 0.8000000000000000
0.4000000000000000 0.8400000000000000
0.4000000000000000 0.8800000000000000
0.4000000000000000 0.9200000000000000
0.4000000000000000 0.9600000000000000
0.4200000000000000 0.0400000000000000
0.4200000000000000 0.0800000000000000
0.4200000000000000 0.1200000000000000
0.4200000000000000 0.1600000000000000
0.4200000000000000 0.2000000000000000
0.4200000000000000 0.2400000000000000
0.4200000000000000 0.2800000000000000
0.4200000000000000 0.3200000000000000
0.4200000000000000 0.3600000000000000
0.4200000000000000 0.4000000000000000
0.4200000000000000 0.4400000000000000
0.4200000000000000 0.4800000000000000
0.4200000000000000 0.5200000000000000
0.4200000000000000 0.5600000000000001
0.4200000000000000 0.6000000000000000
0.4200000000000000 0.6400000000000000
0.4200000000000000 0.6800000000000000
0.4200000000000000 0.7200000000000000
0.4200000000000000 0.7600000000000000
0.4200000000000000 0.8000000000000000
0.4200000000000000 0.8400000000000000
0.4200000000000000 0.8800000000000000
0.4200000000000000 0.9200000000000000
0.4200000000000000 0.9600000000000000
0.4200000000000000 1.0000000000000000
0.4400000000000000 0.0000000000000000
0.4400000000000000 0.0400000000000000
0.4400000000000000 0.0800000000000000
0.4400000000000000 0.1200000000000000
0.4400000000000000 0.1600000000000000
0.4400000000000000 0.2000000000000000
0.4400000000000000 0.2400000000000000
0.4400000000000000 0.2800000000000000
0.4400000000000000 0.3200000000000000
0.4400000000000000 0.3600000000000000
0.4400000000000000 0.4000000000000000
0.4400000000000000 0.4400000000000000
0.4400000000000000 0.4800000000000000
0.4400000000000000 0.5200000000000000
0.4400000000000000 0.5600000000000001
0.4400000000000000 0.6000000000000000
0.4400000000000000 0.6400000000000000
0.4400000000000000 0.6800000000000000
0.4400000000000000 0.7200000000000000
0.4400000000000000 0.7600000000000000
0.4400000000000000 0.8000000000000000
0.4400000000000000 0.8400000000000000
0.4400000000000000 0.8800000000000000
0.4400000000000000 0.9200000000000000
0.4400000000000000 0.9600000000000000
0.4600000000000000 0.0400000000000000
0.4600000000000000 0.0800000000000000
0.4600000000000000 0.1200000000000000
0.4600000000000000 0.1600000000000000
0.4600000000000000 0.2000000000000000
0.4600000000000000 0.2400000000000000
0.4600000000000000 0.2800000000000000
0.4600000000000000 0.3200000000000000
0.4600000000000000 0.3600000000000000
0.4600000000000000 0.4000000000000000
0.4600000000000000 0.4400000000000000
0.4600000000000000 0.4800000000000000
0.4600000000000000 0.5200000000000000
0.4600000000000000 0.5600000000000001
0.4600000000000000 0.6000000000000000
0.4600000000000000 0.6400000000000000
0.4600000000000000 0.6800000000000000
0.4600000000000000 0.7200000000000000
0.4600000000000000 0.7600000000000000
0.4600000000000000 0.8000000000000000
0.4600000000000000 0.8400000000000000
0.4600000000000000 0.8800000000000000
0.4600000000000000 0.9200000000000000
0.4600000000000000 0.9600000000000000
0.4600000000000000 1.0000000000000000
0.4800000000000000 0.0000000000000000
0.4800000000000000 0.0400000000000000
0.4800000000000000 0.0800000000000000
0.4800000000000000 0.1200000000000000
0.4800000000000000 0.1600000000000000
0.4800000000000000 0.2000000000000000
0.4800000000000000 0.2400000000000000
0.4800000000000000 0.2800000000000000
0.4800000000000000 0.3200000000000000
0.4800000000000000 0.3600000000000000
0.4800000000000000 0.4000000000000000
0.4800000000000000 0.4400000000000000
0.4800000000000000 0.4800000000000000
0.4800000000000000 0.5200000000000000
0.4800000000000000 0.5600000000000001
0.4800000000000000 0.6000000000000000
0.4800000000000000 0.6400000000000000
0.4800000000000000 0.6800000000000000
0.4800000000000000 0.7200000000000000
0.4800000000000000 0.7600000000000000
0.4800000000000000 0.8000000000000000
0.4800000000000000 0.8400000000000000
0.4800000000000000 0.8800000000000000
0.4800000000000000 0.9200000000000000
0.4800000000000000 0.9600000000000000
0.5000000000000000 0.0400000000000000
0.5000000000000000 0.0800000000000000
0.5000000000000000 0.1200000000000000
0.5000000000000000 0.1600000000000000
0.5000000000000000 0.2000000000000000
0.5000000000000000 0.2400000000000000
0.5000000000000000 0.2800000000000000
0.5000000000000000 0.3200000000000000
0.5000000000000000 0.3600000000000000
0.5000000000000000 0.4000000000000000
0.5000000000000000 0.4400000000000000
0.5000000000000000 0.4800000000000000
0.5000000000000000 0.5200000000000000
0.5000000000000000 0.5600000000000001
0.5000000000000000 0.6000000000000000
0.5000000000000000 0.6400000000000000
0.5000000000000000 0.6800000000000000
0.5000000000000000 0.7200000000000000
0.5000000000000000 0.7600000000000000
0.5000000000000000 0.8000000000000000
0.5000000000000000 0.8400000000000000
0.5000000000000000 0.8800000000000000
0.5000000000000000 0.9200000000000000
0.5000000000000000 0.9600000000000000
0.5000000000000000 1.0000000000000000
0.5200000000000000 0.0000000000000000
0.5200000000000000 0.0400000000000000
0.5200000000000000 0.0800000000000000
0.5200000000000000 0.1200000000000000
0.5200000000000000 0.1600000000000000
0.5200000000000000 0.2000000000000000
0.5200000000000000 0.2400000000000000
0.5200000000000000 0.2800000000000000
0.5200000000000000 0.3200000000000000
0.5200000000000000 0.3600000000000000
0.5200000000000000 0.4000000000000000
0.5200000000000000 0.4400000000000000
0.5200000000000000 0.4800000000000000
0.5200000000000000 0.5200000000000000
0.5200000000000000 0.5600000000000001
0.5200000000000000 0.6000000000000000
0.5200000000000000 0.6400000000000000
0.5200000000000000 0.6800000000000000
0.5200000000000000 0.7200000000000000
0.5200000000000000 0.7600000000000000
0.5200000000000000 0.8000000000000000
0.5200000000000000 0.8400000000000000
0.5200000000000000 0.8800000000000000
0.5200000000000000 0.9200000000000000
0.5200000000000000 0.9600000000000000
0.5400000000000000 0.0400000000000000
0.5400000000000000 0.0800000000000000
0.5400000000000000 0.1200000000000000
0.5400000000000000 0.1600000000000000
0.5400000000000000 0.2000000000000000
0.5400000000000000 0.2400000000000000
0.5400000000000000 0.2800000000000000
0.5400000000000000 0.3200000000000000
0.5400000000000000 0.3600000000000000
0.5400000000000000 0.4000000000000000
0.5400000000000000 0.4400000000000000
0.5400000000000000 0.4800000000000000
0.5400000000000000 0.5200000000000000
0.5400000000000000 0.5600000000000001
0.5400000000000000 0.6000000000000000
0.5400000000000000 0.6400000000000000
0.5400000000000000 0.6800000000000000
0.5400000000000000 0.7200000000000000
0.5400000000000000 0.7600000000000000
0.5400000000000000 0.8000000000000000
0.5400000000000000 0.8400000000000000
0.5400000000000000 0.8800000000000000
0.5400000000000000 0.9200000000000000
0.5400000000000000 0.9600000000000000
0.5400000000000000 1.0000000000000000
0.5600000000000001 0.0000000000000000
0.5600000000000001 0.0400000000000000
0.5600000000000001 0.0800000000000000
0.5600000000000001 0.1200000000000000
0.5600000000000001 0.1600000000000000
0.5600000000000001 0.2000000000000000
0.5600000000000001 0.2400000000000000
0.5600000000000001 0.2800000000000000
0.5600000000000001 0.3200000000000000
0.5600000000000001 0.3600000000000000
0.5600000000000001 0.4000000000000000
0.5600000000000001 0.4400000000000000
0.5600000000000001 0.4800000000000000
0.5600000000000001 0.5200000000000000
0.5600000000000001 0.5600000000000001
0.5600000000000001 0.6000000000000000
0.5600000000000001 0.6400000000000000
0.5600000000000001 0.6800000000000000
0.5600000000000001 0.7200000000000000
0.5600000000000001 0.7600000000000000
0.5600000000000001 0.8000000000000000
0.5600000000000001 0.8400000000000000
0.5600000000000001 0.8800000000000000
0.5600000000000001 0.9200000000000000
0.5600000000000001 0.9600000000000000
0.5800000000000000 0.0400000000000000
0.5800000000000000 0.0800000000000000
0.5800000000000000 0.1200000000000000
0.5800000000000000 0.1600000000000000
0.5800000000000000 0.2000000000000000
0.5800000000000000 0.2400000000000000
0.5800000000000000 0.2800000000000000
0.5800000000000000 0.3200000000000000
0.5800000000000000 0.3600000000000000
0.5800000000000000 0.4000000000000000
0.5800000000000000 0.4400000000000000
0.5800000000000000 0.4800000000000000
0.5800000000000000 0.5200000000000000
0.5800000000000000 0.5600000000000001
0.5800000000000000 0.6000000000000000
0.5800000000000000 0.6400000000000000
0.5800000000000000 0.6800000000000000
0.5800000000000000 0.7200000000000000
0.5800000000000000 0.7600000000000000
0.5800000000000000 0.8000000000000000
0.5800000000000000 0.8400000000000000
0.5800000000000000 0.8800000000000000
0.5800000000000000 0.9200000000000000
0.5800000000000000 0.9600000000000000
0.5800000000000000 1.0000000000000000
0.6000000000000000 0.0000000000000000
0.6000000000000000 0.0400000000000000
0.6000000000000000 0.0800000000000000
0.6000000000000000 0.1200000000000000
0.6000000000000000 0.1600000000000000
0.6000000000000000 0.2000000000000000
0.6000000000000000 0.2400000000000000
0.6000000000000000 0.2800000000000000
0.6000000000000000 0.3200000000000000
0.6000000000000000 0.3600000000000000
0.6000000000000000 0.4000000000000000
0.6000000000000000 0.4400000000000000
0.6000000000000000 0.4800000000000000
0.6000000000000000 0.5200000000000000
0.6000000000000000 0.5600000000000001
0.6000000000000000 0.6000000000000000
0.6000000000000000 0.6400000000000000
0.6000000000000000 0.6800000000000000
0.6000000000000000 0.7200000000000000
0.6000000000000000 0.7600000000000000
0.6000000000000000 0.8000000000000000
0.6000000000000000 0.8400000000000000
0.6000000000000000 0.8800000000000000
0.6000000000000000 0.9200000000000000
0.6000000000000000 0.9600000000000000
0.6200000000000000 0.0400000000000000
0.6200000000000000 0.0800000000000000
0.6200000000000000 0.1200000000000000
0.6200000000000000 0.1600000000000000
0.6200000000000000 0.2000000000000000
0.6200000000000000 0.2400000000000000
0.6200000000000000 0.2800000000000000
0.6200000000000000 0.3200000000000000
0.6200000000000000 0.3600000000000000
0.6200000000000000 0.4000000000000000
0.6200000000000000 0.4400000000000000
0.6200000000000000 0.4800000000000000
0.6200000000000000 0.5200000000000000
0.6200000000000000 0.5600000000000001
0.6200000000000000 0.6000000000000000
0.6200000000000000 0.6400000000000000
0.6200000000000000 0.6800000000000000
0.6200000000000000 0.7200000000000000
0.6200000000000000 0.7600000000000000
0.6200000000000000 0.8000000000000000
0.6200000000000000 0.8400000000000000
0.6200000000000000 0.8800000000000000
0.6200000000000000 0.9200000000000000
0.6200000000000000 0.9600000000000000
0.6200000000000000 1.0000000000000000
0.6400000000000000 0.0000000000000000
0.6400000000000000 0.0400000000000000
0.6400000000000000 0.0800000000000000
0.6400000000000000 0.1200000000000000
0.6400000000000000 0.1600000000000000
0.6400000000000000 0.2000000000000000
0.6400000000000000 0.2400000000000000
0.6400000000000000 0.2800000000000000
0.6400000000000000 0.3200000000000000
0.6400000000000000 0.3600000000000000
0.6400000000000000 0.4000000000000000
0.6400000000000000 0.4400000000000000
0.6400000000000000 0.4800000000000000
0.6400000000000000 0.5200000000000000
0.6400000000000000 0.5600000000000001
0.6400000000000000 0.6000000000000000
0.6400000000000000 0.6400000000000000
0.6400000000000000 0.6800000000000000
0.6400000000000000 0.7200000000000000
0.6400000000000000 0.7600000000000000
0.6400000000000000 0.8000000000000000
0.6400000000000000 0.8400000000000000
0.6400000000000000 0.8800000000000000
0.6400000000000000 0.9200000000000000
0.6400000000000000 0.9600000000000000
0.6600000000000000 0.0400000000000000
0.6600000000000000 0.0800000000000000
0.6600000000000000 0.1200000000000000
0.6600000000000000 0.1600000000000000
0.6600000000000000 0.2000000000000000
0.6600000000000000 0.2400000000000000
0.6600000000000000 0.2800000000000000
0.6600000000000000 0.3200000000000000
0.6600000000000000 0.3600000000000000
0.6600000000000000 0.4000000000000000
0.6600000000000000 0.4400000000000000
0.6600000000000000 0.4800000000000000
0.6600000000000000 0.5200000000000000
0.6600000000000000 0.5600000000000001
0.6600000000000000 0.6000000000000000
0.6600000000000000 0.6400000000000000
0.6600000000000000 0.6800000000000000
0.6600000000000000 0.7200000000000000
0.6600000000000000 0.7600000000000000
0.6600000000000000 0.8000000000000000
0.6600000000000000 0.8400000000000000
0.6600000000000000 0.8800000000000000
0.6600000000000000 0.9200000000000000
0.6600000000000000 0.9600000000000000
0.6600000000000000 1.0000000000000000
0.6800000000000000 0.0000000000000000
0.6800000000000000 0.0400000000000000
0.6800000000000000 0.0800000000000000
0.6800000000000000 0.1200000000000000
0.6800000000000000 0.1600000000000000
0.6800000000000000 0.2000000000000000
0.6800000000000000 0.2400000000000000
0.6800000000000000 0.2800000000000000
0.6800000000000000 0.3200000000000000
0.6800000000000000 0.3600000000000000
0.6800000000000000 0.4000000000000000
0.6800000000000000 0.4400000000000000
0.6800000000000000 0.4800000000000000
0.6800000000000000 0.5200000000000000
0.6800000000000000 0.5600000000000001
0.6800000000000000 0.6000000000000000
0.6800000000000000 0.6400000000000000
0.6800000000000000 0.6800000000000000
0.6800000000000000 0.7200000000000000
0.6800000000000000 0.7600000000000000
0.6800000000000000 0.8000000000000000
0.6800000000000000 0.8400000000000000
0.6800000000000000 0.8800000000000000
0.6800000000000000 0.9200000000000000
0.6800000000000000 0.9600000000000000
0.7000000000000000 0.0400000000000000
0.7000000000000000 0.0800000000000000
0.7000000000000000 0.1200000000000000
0.7000000000000000 0.1600000000000000
0.7000000000000000 0.2000000000000000
0.7000000000000000 0.2400000000000000
0.7000000000000000 0.2800000000000000
0.7000000000000000 0.3200000000000000
0.7000000000000000 0.3600000000000000
0.7000000000000000 0.4000000000000000
0.7000000000000000 0.4400000000000000
0.7000000000000000 0.4800000000000000
0.7000000000000000 0.5200000000000000
0.7000000000000000 0.5600000000000001
0.7000000000000000 0.6000000000000000
0.7000000000000000 0.6400000000000000
0.7000000000000000 0.6800000000000000
0.7000000000000000 0.7200000000000000
0.7000000000000000 0.7600000000000000
0.7000000000000000 0.8000000000000000
0.7000000000000000 0.8400000000000000
0.7000000000000000 0.8800000000000000
0.7000000000000000 0.9200000000000000
0.7000000000000000 0.9600000000000000
0.7000000000000000 1.0000000000000000
0.7200000000000000 0.0000000000000000
0.7200000000000000 0.0400000000000000
0.7200000000000000 0.0800000000000000
0.7200000000000000 0.1200000000000000
0.7200000000000000 0.1600000000000000
0.7200000000000000 0.2000000000000000
0.7200000000000000 0.2400000000000000
0.7200000000000000 0.2800000000000000
0.7200000000000000 0.3200000000000000
0.7200000000000000 0.3600000000000000
0.7200000000000000 0.4000000000000000
0.7200000000000000 0.4400000000000000
0.7200000000000000 0.4800000000000000
0.7200000000000000 0.5200000000000000
0.7200000000000000 0.5600000000000001
0.7200000000000000 0.6000000000000000
0.7200000000000000 0.6400000000000000
0.7200000000000000 0.6800000000000000
0.7200000000000000 0.7200000000000000
0.7200000000000000 0.7600000000000000
0.7200000000000000 0.8000000000000000
0.7200000000000000 0.8400000000000000
0.7200000000000000 0.8800000000000000
0.7200000000000000 0.9200000000000000
0.7200000000000000 0.9600000000000000
0.7400000000000000 0.0400000000000000
0.7400000000000000 0.0800000000000000
0.7400000000000000 0.1200000000000000
0.7400000000000000 0.1600000000000000
0.7400000000000000 0.2000000000000000
0.7400000000000000 0.2400000000000000
0.7400000000000000 0.2800000000000000
0.7400000000000000 0.3200000000000000
0.7400000000000000 0.3600000000000000
0.7400000000000000 0.4000000000000000
0.7400000000000000 0.4400000000000000
0.7400000000000000 0.4800000000000000
0.7400000000000000 0.5200000000000000
0.7400000000000000 0.5600000000000001
0.7400000000000000 0.6000000000000000
0.7400000000000000 0.6400000000000000
0.7400000000000000 0.6800000000000000
0.7400000000000000 0.7200000000000000
0.7400000000000000 0.7600000000000000
0.7400000000000000 0.8000000000000000
0.7400000000000000 0.8400000000000000
0.7400000000000000 0.8800000000000000
0.7400000000000000 0.9200000000000000
0.7400000000000000 0.9600000000000000
0.7400000000000000 1.0000000000000000
0.7600000000000000 0.0000000000000000
0.7600000000000000 0.0400000000000000
0.7600000000000000 0.0800000000000000
0.7600000000000000 0.1200000000000000
0.7600000000000000 0.1600000000000000
0.7600000000000000 0.2000000000000000
0.7600000000000000 0.2400000000000000
0.7600000000000000 0.2800000000000000
0.7600000000000000 0.3200000000000000
0.7600000000000000 0.3600000000000000
0.7600000000000000 0.4000000000000000
0.7600000000000000 0.4400000000000000
0.7600000000000000 0.4800000000000000
0.7600000000000000 0.5200000000000000
0.7600000000000000 0.5600000000000001
0.7600000000000000 0.6000000000000000
0.7600000000000000 0.6400000000000000
0.7600000000000000 0.6800000000000000
0.7600000000000000 0.7200000000000000
0.7600000000000000 0.7600000000000000
0.7600000000000000 0.8000000000000000
0.7600000000000000 0.8400000000000000
0.7600000000000000 0.8800000000000000
0.7600000000000000 0.9200000000000000
0.7600000000000000 0.9600000000000000
0.7800000000000000 0.0400000000000000
0.7800000000000000 0.0800000000000000
0.7800000000000000 0.1200000000000000
0.7800000000000000 0.1600000000000000
0.7800000000000000 0.2000000000000000
0.7800000000000000 0.2400000000000000
0.7800000000000000 0.2800000000000000
0.7800000000000000 0.3200000000000000
0.7800000000000000 0.3600000000000000
0.7800000000000000 0.4000000000000000
0.7800000000000000 0.4400000000000000
0.7800000000000000 0.4800000000000000
0.7800000000000000 0.5200000000000000
0.7800000000000000 0.5600000000000001
0.7800000000000000 0.6000000000000000
0.7800000000000000 0.6400000000000000
0.7800000000000000 0.6800000000000000
0.7800000000000000 0.7200000000000000
0.7800000000000000 0.7600000000000000
0.7800000000000000 0.8000000000000000
0.7800000000000000 0.8400000000000000
0.7800000000000000 0.8800000000000000
0.7800000000000000 0.9200000000000000
0.7800000000000000 0.9600000000000000
0.7800000000000000 1.0000000000000000
0.8000000000000000 0.0000000000000000
0.8000000000000000 0.0400000000000000
0.8000000000000000 0.0800000000000000
0.8000000000000000 0.1200000000000000
0.8000000000000000 0.1600000000000000
0.8000000000000000 0.2000000000000000
0.8000000000000000 0.2400000000000000
0.8000000000000000 0.2800000000000000
0.8000000000000000 0.3200000000000000
0.8000000000000000 0.3600000000000000
0.8000000000000000 0.4000000000000000
0.8000000000000000 0.4400000000000000
0.8000000000000000 0.4800000000000000
0.8000000000000000 0.5200000000000000
0.8000000000000000 0.5600000000000001
0.8000000000000000 0.6000000000000000
0.8000000000000000 0.6400000000000000
0.8000000000000000 0.6800000000000000
0.8000000000000000 0.7200000000000000
0.8000000000000000 0.7600000000000000
0.8000000000000000 0.8000000000000000
0.8000000000000000 0.8400000000000000
0.8000000000000000 0.8800000000000000
0.8000000000000000 0.9200000000000000
0.8000000000000000 0.9600000000000000
0.8200000000000000 0.0400000000000000
0.8200000000000000 0.0800000000000000
0.8200000000000000 0.1200000000000000
0.8200000000000000 0.1600000000000000
0.8200000000000000 0.2000000000000000
0.8200000000000000 0.2400000000000000
0.8200000000000000 0.2800000000000000
0.8200000000000000 0.3200000000000000
0.8200000000000000 0.3600000000000000
0.8200000000000000 0.4000000000000000
0.8200000000000000 0.4400000000000000
0.8200000000000000 0.4800000000000000
0.8200000000000000 0.5200000000000000
0.8200000000000000 0.5600000000000001
0.8200000000000000 0.6000000000000000
0.8200000000000000 0.6400000000000000
0.8200000000000000 0.6800000000000000
0.8200000000000000 0.7200000000000000
0.8200000000000000 0.7600000000000000
0.8200000000000000 0.8000000000000000
0.8200000000000000 0.8400000000000000
0.8200000000000000 0.8800000000000000
0.8200000000000000 0.9200000000000000
0.8200000000000000 0.9600000000000000
0.8200000000000000 1.0000000000000000
0.8400000000000000 0.0000000000000000
0.8400000000000000 0.0400000000000000
0.8400000000000000 0.0800000000000000
0.8400000000000000 0.1200000000000000
0.8400000000000000 0.1600000000000000
0.8400000000000000 0.2000000000000000
0.8400000000000000 0.2400000000000000
0.8400000000000000 0.2800000000000000
0.8400000000000000 0.3200000000000000
0.8400000000000000 0.3600000000000000
0.8400000000000000 0.4000000000000000
0.8400000000000000 0.4400000000000000
0.8400000000000000 0.4800000000000000
0.8400000000000000 0.5200000000000000
0.8400000000000000 0.5600000000000001
0.8400000000000000 0.6000000000000000
0.8400000000000000 0.6400000000000000
0.8400000000000000 0.6800000000000000
0.8400000000000000 0.7200000000000000
0.8400000000000000 0.7600000000000000
0.8400000000000000 0.8000000000000000
0.8400000000000000 0.8400000000000000
0.8400000000000000 0.8800000000000000
0.8400000000000000 0.9200000000000000
0.8400000000000000 0.9600000000000000
0.8600000000000000 0.0400000000000000
0.8600000000000000 0.0800000000000000
0.8600000000000000 0.1200000000000000
0.8600000000000000 0.1600000000000000
0.8600000000000000 0.2000000000000000
0.8600000000000000 0.2400000000000000
0.8600000000000000 0.2800000000000000
0.8600000000000000 0.3200000000000000
0.8600000000000000 0.3600000000000000
0.8600000000000000 0.4000000000000000
0.8600000000000000 0.4400000000000000
0.8600000000000000 0.4800000000000000
0.8600000000000000 0.5200000000000000
0.8600000000000000 0.5600000000000001
0.8600000000000000 0.6000000000000000
0.8600000000000000 0.6400000000000000
0.8600000000000000 0.6800000000000000
0.8600000000000000 0.7200000000000000
0.8600000000000000 0.7600000000000000
0.8600000000000000 0.8000000000000000
0.8600000000000000 0.8400000000000000
0.8600000000000000 0.8800000000000000
0.8600000000000000 0.9200000000000000
0.8600000000000000 0.9600000000000000
0.8600000000000000 1.0000000000000000
0.8800000000000000 0.0000000000000000
0.8800000000000000 0.0400000000000000
0.8800000000000000 0.0800000000000000
0.8800000000000000 0.1200000000000000
0.8800000000000000 0.1600000000000000
0.8800000000000000 0.2000000000000000
0.8800000000000000 0.2400000000000000
0.8800000000000000 0.2800000000000000
0.8800000000000000 0.3200000000000000
0.8800000000000000 0.3600000000000000
0.8800000000000000 0.4000000000000000
0.8800000000000000 0.4400000000000000
0.8800000000000000 0.4800000000000000
0.8800000000000000 0.5200000000000000
0.8800000000000000 0.5600000000000001
0.8800000000000000 0.6000000000000000
0.8800000000000000 0.6400000000000000
0.8800000000000000 0.6800000000000000
0.8800000000000000 0.7200000000000000
0.8800000000000000 0.7600000000000000
0.8800000000000000 0.8000000000000000
0.8800000000000000 0.8400000000000000
0.8800000000000000 0.8800000000000000
0.8800000000000000 0.9200000000000000
0.8800000000000000 0.9600000000000000
0.9000000000000000 0.0400000000000000
0.9000000000000000 0.0800000000000000
0.9000000000000000 0.1200000000000000
0.9000000000000000 0.1600000000000000
0.9000000000000000 0.2000000000000000
0.9000000000000000 0.2400000000000000
0.9000000000000000 0.2800000000000000
0.9000000000000000 0.3200000000000000
0.9000000000000000 0.3600000000000000
0.9000000000000000 0.4000000000000000
0.9000000000000000 0.4400000000000000
0.9000000000000000 0.4800000000000000
0.9000000000000000 0.5200000000000000
0.9000000000000000 0.5600000000000001
0.9000000000000000 0.6000000000000000
0.9000000000000000 0.6400000000000000
0.9000000000000000 0.6800000000000000
0.9000000000000000 0.7200000000000000
0.9000000000000000 0.7600000000000000
0.9000000000000000 0.8000000000000000
0.9000000000000000 0.8400000000000000
0.9000000000000000 0.8800000000000000
0.9000000000000000 0.9200000000000000
0.9000000000000000 0.9600000000000000
0.9000000000000000 1.0000000000000000
0.9200000000000000 0.0000000000000000
0.9200000000000000 0.0400000000000000
0.9200000000000000 0.0800000000000000
0.9200000000000000 0.1200000000000000
0.9200000000000000 0.1600000000000000
0.9200000000000000 0.2000000000000000
0.9200000000000000 0.2400000000000000
0.9200000000000000 0.2800000000000000
0.9200000000000000 0.3200000000000000
0.9200000000000000 0.3600000000000000
0.9200000000000000 0.4000000000000000
0.9200000000000000 0.4400000000000000
0.9200000000000000 0.4800000000000000
0.9200000000000000 0.5200000000000000
0.9200000000000000 0.5600000000000001
0.9200000000000000 0.6000000000000000
0.9200000000000000 0.6400000000000000
0.9200000000000000 0.6800000000000000
0.9200000000000000 0.7200000000000000
0.9200000000000000 0.7600000000000000
0.9200000000000000 0.8000000000000000
0.9200000000000000 0.8400000000000000
0.9200000000000000 0.8800000000000000
0.9200000000000000 0.9200000000000000
0.9200000000000000 0.9600000000000000
0.9399999999999999 0.0400000000000000
0.9399999999999999 0.0800000000000000
0.9399999999999999 0.1200000000000000
0.9399999999999999 0.1600000000000000
0.9399999999999999 0.2000000000000000
0.9399999999999999 0.2400000000000000
0.9399999999999999 0.2800000000000000
0.9399999999999999 0.3200000000000000
0.9399999999999999 0.3600000000000000
0.9399999999999999 0.4000000000000000
0.9399999999999999 0.4400000000000000
0.9399999999999999 0.4800000000000000
0.9399999999999999 0.5200000000000000
0.9399999999999999 0.5600000000000001
0.9399999999999999 0.6000000000000000
0.9399999999999999 0.6400000000000000
0.9399999999999999 0.6800000000000000
0.9399999999999999 0.7200000000000000
0.9399999999999999 0.7600000000000000
0.9399999999999999 0.8000000000000000
0.9399999999999999 0.8400000000000000
0.9399999999999999 0.8800000000000000
0.9399999999999999 0.9200000000000000
0.9399999999999999 0.9600000000000000
0.9399999999999999 1.0000000000000000
0.9600000000000000 0.0000000000000000
0.9600000000000000 0.0400000000000000
0.9600000000000000 0.0800000000000000
0.9600000000000000 0.1200000000000000
0.9600000000000000 0.1600000000000000
0.9600000000000000 0.2000000000000000
0.9600000000000000 0.2400000000000000
0.9600000000000000 0.2800000000000000
0.9600000000000000 0.3200000000000000
0.9600000000000000 0.3600000000000000
0.9600000000000000 0.4000000000000000
0.9600000000000000 0.4400000000000000
0.9600000000000000 0.4800000000000000
0.9600000000000000 0.5200000000000000
0.9600000000000000 0.5600000000000001
0.9600000000000000 0.6000000000000000
0.9600000000000000 0.6400000000000000
0.9600000000000000 0.6800000000000000
0.9600000000000000 0.7200000000000000
0.9600000000000000 0.7600000000000000
0.9600000000000000 0.8000000000000000
0.9600000000000000 0.8400000000000000
0.9600000000000000 0.8800000000000000
0.9600000000000000 0.9200000000000000
0.9600000000000000 0.9600000000000000
0.9800000000000000 0.0400000000000000
0.9800000000000000 0.0800000000000000
0.9800000000000000 0.1200000000000000
0.9800000000000000 0.1600000000000000
0.9800000000000000 0.2000000000000000
0.9800000000000000 0.2400000000000000
0.9800000000000000 0.2800000000000000
0.9800000000000000 0.3200000000000000
0.9800000000000000 0.3600000000000000
0.9800000000000000 0.4000000000000000
0.9800000000000000 0.4400000000000000
0.9800000000000000 0.4800000000000000
0.9800000000000000 0.5200000000000000
0.9800000000000000 0.5600000000000001
0.9800000000000000 0.6000000000000000
0.9800000000000000 0.6400000000000000
0.9800000000000000 0.6800000000000000
0.9800000000000000 0.7200000000000000
0.9800000000000000 0.7600000000000000
0.9800000000000000 0.8000000000000000
0.9800000000000000 0.8400000000000000
0.9800000000000000 0.8800000000000000
0.9800000000000000 0.9200000000000000
0.9800000000000000 0.9600000000000000
0.9800000000000000 1.0000000000000000
1.0000000000000000 0.0000000000000000
1.0000000000000000 0.0400000000000000
1.0000000000000000 0.0800000000000000
1.0000000000000000 0.1200000000000000
1.0000000000000000 0.1600000000000000
1.0000000000000000 0.2000000000000000
1.0000000000000000 0.2400000000000000
1.0000000000000000 0.2800000000000000
1.0000000000000000 0.3200000000000000
1.0000000000000000 0.3600000000000000
1.0000000000000000 0.4000000000000000
1.0000000000000000 0.4400000000000000
1.0000000000000000 0.4800000000000000
1.0000000000000000 0.5200000000000000
1.0000000000000000 0.5600000000000001
1.0000000000000000 0.6000000000000000
1.0000000000000000 0.6400000000000000
1.0000000000000000 0.6800000000000000
1.0000000000000000 0.7200000000000000
1.0000000000000000 0.7600000000000000
1.0000000000000000 0.8000000000000000
1.0000000000000000 0.8400000000000000
1.0000000000000000 0.8800000000000000
1.0000000000000000 0.9200000000000000
1.0000000000000000 0.9600000000000000
1.0000000000000000 1.0000000000000000
# element connectivity: number of elements followed by the connectivity
1275
3 1 27 2 
3 2 28 3 
3 3 29 4 
3 4 30 5 
3 5 31 6 
3 6 32 7 
3 7 33 8 
3 8 34 9 
3 9 35 10 
3 10 36 11 
3 11 37 12 
3 12 38 13 
3 13 39 14 
3 14 40 15 
3 15 41 16 
3 16 42 17 
3 17 43 18 
3 18 44 19 
3 19 45 20 
3 20 46 21 
3 21 47 22 
3 22 48 23 
3 23 49 24 
3 24 50 25 
3 25 51 26 
3 1 52 27 
3 52 102 77 
3 102 152 127 
3 152 202 177 
3 202 252 227 
3 252 302 277 
3 302 352 327 
3 352 402 377 
3 402 452 427 
3 452 502 477 
3 502 552 527 
3 552 602 577 
3 602 652 627 
3 652 702 677 
3 702 752 727 
3 752 802 777 
3 802 852 827 
3 852 902 877 
3 902 952 927 
3 952 1002 977 
3 1002 1052 1027 
3 1052 1102 1077 
3 1102 1152 1127 
3 1152 1202 1177 
3 1202 1252 1227 
4 2 27 53 28 
4 53 77 103 78 
4 103 127 153 128 
4 153 177 203 178 
4 203 227 253 228 
4 253 277 303 278 
4 303 327 353 328 
4 353 377 403 378 
4 403 427 453 428 
4 453 477 503 478 
4 503 527 553 528 
4 553 577 603 578 
4 603 627 653 628 
4 653 677 703 678 
4 703 727 753 728 
4 753 777 803 778 
4 803 827 853 828 
4 853 877 903 878 
4 903 927 953 928 
4 953 977 1003 978 
4 1003 1027 1053 1028 
4 1053 1077 1103 1078 
4 1103 1127 1153 1128 
4 1153 1177 1203 1178 
4 1203 1227 1253 1228 
4 3 28 54 29 
4 54 78 104 79 
4 104 128 154 129 
4 154 178 204 179 
4 204 228 254 229 
4 254 278 304 279 
4 304 328 354 329 
4 354 378 404 379 
4 404 428 454 429 
4 454 478 504 479 
4 504 528 554 529 
4 554 578 604 579 
4 604 628 654 629 
4 654 678 704 679 
4 704 728 754 729 
4 754 778 804 779 
4 804 828 854 829 
4 854 878 904 879 
4 904 928 954 929 
4 954 978 1004 979 
4 1004 1028 1054 1029 
4 1054 1078 1104 1079 
4 1104 1128 1154 1129 
4 1154 1178 1204 1179 
4 1204 1228 1254 1229 
4 4 29 55 30 
4 55 79 105 80 
4 105 129 155 130 
4 155 179 205 180 
4 205 229 255 230 
4 255 279 305 280 
4 305 329 355 330 
4 355 379 405 380 
4 405 429 455 430 
4 455 479 505 480 
4 505 529 555 530 
4 555 579 605 580 
4 605 629 655 630 
4 655 679 705 680 
4 705 729 755 730 
4 755 779 805 780 
4 805 829 855 830 
4 855 879 905 880 
4 905 929 955 930 
4 955 979 1005 980 
4 1005 1029 1055 1030 
4 1055 1079 1105 1080 
4 1105 1129 1155 1130 
4 1155 1179 1205 1180 
4 1205 1229 1255 1230 
4 5 30 56 31 
4 56 80 106 81 
4 106 130 156 131 
4 156 180 206 181 
4 206 230 256 231 
4 256 280 306 281 
4 306 330 356 331 
4 356 380 406 381 
4 406 430 456 431 
4 456 480 506 481 
4 506 530 556 531 
4 556 580 606 581 
4 606 630 656 631 
4 656 680 706 681 
4 706 730 756 731 
4 756 780 806 781 
4 806 830 856 831 
4 856 880 906 881 
4 906 930 956 931 
4 956 980 1006 981 
4 1006 1030 1056 1031 
4 1056 1080 1106 1081 
4 1106 1130 1156 1131 
4 1156 1180 1206 1181 
4 1206 1230 1256 1231 
4 6 31 57 32 
4 57 81 107 82 
4 107 131 157 132 
4 157 181 207 182 
4 207 231 257 232 
4 257 281 307 282 
4 307 331 357 332 
4 357 381 407 382 
4 407 431 457 432 
4 457 481 507 482 
4 507 531 557 532 
4 557 581 607 582 
4 607 631 657 632 
4 657 681 707 682 
4 707 731 757 732 
4 757 781 807 782 
4 807 831 857 832 
4 857 881 907 882 
4 907 931 957 932 
4 957 981 1007 982 
4 1007 1031 1057 1032 
4 1057 1081 1107 1082 
4 1107 1131 1157 1132 
4 1157 1181 1207 1182 
4 1207 1231 1257 1232 
4 7 32 58 33 
4 58 82 108 83 
4 108 132 158 133 
4 158 182 208 183 
4 208 232 258 233 
4 258 282 308 283 
4 308 332 358 333 
4 358 382 408 383 
4 408 432 458 433 
4 458 482 508 483 
4 508 532 558 533 
4 558 582 608 583 
4 608 632 658 633 
4 658 682 708 683 
4 708 732 758 733 
4 758 782 808 783 
4 808 832 858 833 
4 858 882 908 883 
4 908 932 958 933 
4 958 982 1008 983 
4 1008 1032 1058 1033 
4 1058 1082 1108 1083 
4 1108 1132 1158 1133 
4 1158 1182 1208 1183 
4 1208 1232 1258 1233 
4 8 33 59 34 
4 59 83 109 84 
4 109 133 159 134 
4 159 183 209 184 
4 209 233 259 234 
4 259 283 309 284 
4 309 333 359 334 
4 359 383 409 384 
4 409 433 459 434 
4 459 483 509 484 
4 509 533 559 534 
4 559 583 609 584 
4 609 633 659 634 
4 659 683 709 684 
4 709 733 759 734 
4 759 783 809 784 
4 809 833 859 834 
4 859 883 909 884 
4 909 933 959 934 
4 959 983 1009 984 
4 1009 1033 1059 1034 
4 1059 1083 1109 1084 
4 1109 1133 1159 1134 
4 1159 1183 1209 1184 
4 1209 1233 1259 1234 
4 9 34 60 35 
4 60 84 110 85 
4 110 134 160 135 
4 160 184 210 185 
4 210 234 260 235 
4 260 284 310 285 
4 310 334 360 335 
4 360 384 410 385 
4 410 434 460 435 
4 460 484 510 485 
4 510 534 560 535 
4 560 584 610 585 
4 610 634 660 635 
4 660 684 710 685 
4 710 734 760 735 
4 760 784 810 785 
4 810 834 860 835 
4 860 884 910 885 
4 910 934 960 935 
4 960 984 1010 985 
4 1010 1034 1060 1035 
4 1060 1084 1110 1085 
4 1110 1134 1160 1135 
4 1160 1184 1210 1185 
4 1210 1234 1260 1235 
4 10 35 61 36 
4 61 85 111 86 
4 111 135 161 136 
4 161 185 211 186 
4 211 235 261 236 
4 261 285 311 286 
4 311 335 361 336 
4 361 385 411 386 
4 411 435 461 436 
4 461 485 511 486 
4 511 535 561 536 
4 561 585 611 586 
4 611 635 661 636 
4 661 685 711 686 
4 711 735 761 736 
4 761 785 811 786 
4 811 835 861 836 
4 861 885 911 886 
4 911 935 961 936 
4 961 985 1011 986 
4 1011 1035 1061 1036 
4 1061 1085 1111 1086 
4 1111 1135 1161 1136 
4 1161 1185 1211 1186 
4 1211 1235 1261 1236 
4 11 36 62 37 
4 62 86 112 87 
4 112 136 162 137 
4 162 186 212 187 
4 212 236 262 237 
4 262 286 312 287 
4 312 336 362 337 
4 362 386 412 387 
4 412 436 462 437 
4 462 486 512 487 
4 512 536 562 537 
4 562 586 612 587 
4 612 636 662 637 
4 662 686 712 687 
4 712 736 762 737 
4 762 786 812 787 
4 812 836 862 837 
4 862 886 912 887 
4 912 936 962 937 
4 962 986 1012 987 
4 1012 1036 1062 1037 
4 1062 1086 1112 1087 
4 1112 1136 1162 1137 
4 1162 1186 1212 1187 
4 1212 1236 1262 1237 
4 12 37 63 38 
4 63 87 113 88 
4 113 137 163 138 
4 163 187 213 188 
4 213 237 263 238 
4 263 287 313 288 
4 313 337 363 338 
4 363 387 413 388 
4 413 437 463 438 
4 463 487 513 488 
4 513 537 563 538 
4 563 587 613 588 
4 613 637 663 638 
4 663 687 713 688 
4 713 737 763 738 
4 763 787 813 788 
4 813 837 863 838 
4 863 887 913 888 
4 913 937 963 938 
4 963 987 1013 988 
4 1013 1037 1063 1038 
4 1063 1087 1113 1088 
4 1113 1137 1163 1138 
4 1163 1187 1213 1188 
4 1213 1237 1263 1238 
4 13 38 64 39 
4 64 88 114 89 
4 114 138 164 139 
4 164 188 214 189 
4 214 238 264 239 
4 264 288 314 289 
4 314 338 364 339 
4 364 388 414 389 
4 414 438 464 439 
4 464 488 514 489 
4 514 538 564 539 
4 564 588 614 589 
4 614 638 664 639 
4 664 688 714 689 
4 714 738 764 739 
4 764 788 814 789 
4 814 838 864 839 
4 864 888 914 889 
4 914 938 964 939 
4 964 988 1014 989 
4 1014 1038 1064 1039 
4 1064 1088 1114 1089 
4 1114 1138 1164 1139 
4 1164 1188 1214 1189 
4 1214 1238 1264 1239 
4 14 39 65 40 
4 65 89 115 90 
4 115 139 165 140 
4 165 189 215 190 
4 215 239 265 240 
4 265 289 315 290 
4 315 339 365 340 
4 365 389 415 390 
4 415 439 465 440 
4 465 489 515 490 
4 515 539 565 540 
4 565 589 615 590 
4 615 639 665 640 
4 665 689 715 690 
4 715 739 765 740 
4 765 789 815 790 
4 815 839 865 840 
4 865 889 915 890 
4 915 939 965 940 
4 965 989 1015 990 
4 1015 1039 1065 1040 
4 1065 1089 1115 1090 
4 1115 1139 1165 1140 
4 1165 1189 1215 1190 
4 1215 1239 1265 1240 
4 15 40 66 41 
4 66 90 116 91 
4 116 140 166 141 
4 166 190 216 191 
4 216 240 266 241 
4 266 290 316 291 
4 316 340 366 341 
4 366 390 416 391 
4 416 440 466 441 
4 466 490 516 491 
4 516 540 566 541 
4 566 590 616 591 
4 616 640 666 641 
4 666 690 716 691 
4 716 740 766 741 
4 766 790 816 791 
4 816 840 866 841 
4 866 890 916 891 
4 916 940 966 941 
4 966 990 1016 991 
4 1016 1040 1066 1041 
4 1066 1090 1116 1091 
4 1116 1140 1166 1141 
4 1166 1190 1216 1191 
4 1216 1240 1266 1241 
4 16 41 67 42 
4 67 91 117 92 
4 117 141 167 142 
4 167 191 217 192 
4 217 241 267 242 
4 267 291 317 292 
4 317 341 367 342 
4 367 391 417 392 
4 417 441 467 442 
4 467 491 517 492 
4 517 541 567 542 
4 567 591 617 592 
4 617 641 667 642 
4 667 691 717 692 
4 717 741 767 742 
4 767 791 817 792 
4 817 841 867 842 
4 867 891 917 892 
4 917 941 967 942 
4 967 991 1017 992 
4 1017 1041 1067 1042 
4 1067 1091 1117 1092 
4 1117 1141 1167 1142 
4 1167 1191 1217 1192 
4 1217 1241 1267 1242 
4 17 42 68 43 
4 68 92 118 93 
4 118 142 168 143 
4 168 192 218 193 
4 218 242 268 243 
4 268 292 318 293 
4 318 342 368 343 
4 368 392 418 393 
4 418 442 468 443 
4 468 492 518 493 
4 518 542 568 543 
4 568 592 618 593 
4 618 642 668 643 
4 668 692 718 693 
4 718 742 768 743 
4 768 792 818 793 
4 818 842 868 843 
4 868 892 918 893 
4 918 942 968 943 
4 968 992 1018 993 
4 1018 1042 1068 1043 
4 1068 1092 1118 1093 
4 1118 1142 1168 1143 
4 1168 1192 1218 1193 
4 1218 1242 1268 1243 
4 18 43 69 44 
4 69 93 119 94 
4 119 143 169 144 
4 169 193 219 194 
4 219 243 269 244 
4 269 293 319 294 
4 319 343 369 344 
4 369 393 419 394 
4 419 443 469 444 
4 469 493 519 494 
4 519 543 569 544 
4 569 593 619 594 
4 619 643 669 644 
4 669 693 719 694 
4 719 743 769 744 
4 769 793 819 794 
4 819 843 869 844 
4 869 893 919 894 
4 919 943 969 944 
4 969 993 1019 994 
4 1019 1043 1069 1044 
4 1069 1093 1119 1094 
4 1119 1143 1169 1144 
4 1169 1193 1219 1194 
4 1219 1243 1269 1244 
4 19 44 70 45 
4 70 94 120 95 
4 120 144 170 145 
4 170 194 220 195 
4 220 244 270 245 
4 270 294 320 295 
4 320 344 370 345 
4 370 394 420 395 
4 420 444 470 445 
4 470 494 520 495 
4 520 544 570 545 
4 570 594 620 595 
4 620 644 670 645 
4 670 694 720 695 
4 720 744 770 745 
4 770 794 820 795 
4 820 844 870 845 
4 870 894 920 895 
4 920 944 970 945 
4 970 994 1020 995 
4 1020 1044 1070 1045 
4 1070 1094 1120 1095 
4 1120 1144 1170 1145 
4 1170 1194 1220 1195 
4 1220 1244 1270 1245 
4 20 45 71 46 
4 71 95 121 96 
4 121 145 171 146 
4 171 195 221 196 
4 221 245 271 246 
4 271 295 321 296 
4 321 345 371 346 
4 371 395 421 396 
4 421 445 471 446 
4 471 495 521 496 
4 521 545 571 546 
4 571 595 621 596 
4 621 645 671 646 
4 671 695 721 696 
4 721 745 771 746 
4 771 795 821 796 
4 821 845 871 846 
4 871 895 921 896 
4 921 945 971 946 
4 971 995 1021 996 
4 1021 1045 1071 1046 
4 1071 1095 1121 1096 
4 1121 1145 1171 1146 
4 1171 1195 1221 1196 
4 1221 1245 1271 1246 
4 21 46 72 47 
4 72 96 122 97 
4 122 146 172 147 
4 172 196 222 197 
4 222 246 272 247 
4 272 296 322 297 
4 322 346 372 347 
4 372 396 422 397 
4 422 446 472 447 
4 472 496 522 497 
4 522 546 572 547 
4 572 596 622 597 
4 622 646 672 647 
4 672 696 722 697 
4 722 746 772 747 
4 772 796 822 797 
4 822 846 872 847 
4 872 896 922 897 
4 922 946 972 947 
4 972 996 1022 997 
4 1022 1046 1072 1047 
4 1072 1096 1122 1097 
4 1122 1146 1172 1147 
4 1172 1196 1222 1197 
4 1222 1246 1272 1247 
4 22 47 73 48 
4 73 97 123 98 
4 123 147 173 148 
4 173 197 223 198 
4 223 247 273 248 
4 273 297 323 298 
4 323 347 373 348 
4 373 397 423 398 
4 423 447 473 448 
4 473 497 523 498 
4 523 547 573 548 
4 573 597 623 598 
4 623 647 673 648 
4 673 697 723 698 
4 723 747 773 748 
4 773 797 823 798 
4 823 847 873 848 
4 873 897 923 898 
4 923 947 973 948 
4 973 997 1023 998 
4 1023 1047 1073 1048 
4 1073 1097 1123 1098 
4 1123 1147 1173 1148 
4 1173 1197 1223 1198 
4 1223 1247 1273 1248 
4 23 48 74 49 
4 74 98 124 99 
4 124 148 174 149 
4 174 198 224 199 
4 224 248 274 249 
4 274 298 324 299 
4 324 348 374 349 
4 374 398 424 399 
4 424 448 474 449 
4 474 498 524 499 
4 524 548 574 549 
4 574 598 624 599 
4 624 648 674 649 
4 674 698 724 699 
4 724 748 774 749 
4 774 798 824 799 
4 824 848 874 849 
4 874 898 924 899 
4 924 948 974 949 
4 974 998 1024 999 
4 1024 1048 1074 1049 
4 1074 1098 1124 1099 
4 1124 1148 1174 1149 
4 1174 1198 1224 1199 
4 1224 1248 1274 1249 
4 24 49 75 50 
4 75 99 125 100 
4 125 149 175 150 
4 175 199 225 200 
4 225 249 275 250 
4 275 299 325 300 
4 325 349 375 350 
4 375 399 425 400 
4 425 449 475 450 
4 475 499 525 500 
4 525 549 575 550 
4 575 599 625 600 
4 625 649 675 650 
4 675 699 725 700 
4 725 749 775 750 
4 775 799 825 800 
4 825 849 875 850 
4 875 899 925 900 
4 925 949 975 950 
4 975 999 1025 1000 
4 1025 1049 1075 1050 
4 1075 1099 1125 1100 
4 1125 1149 1175 1150 
4 1175 1199 1225 1200 
4 1225 1249 1275 1250 
4 25 50 76 51 
4 76 100 126 101 
4 126 150 176 151 
4 176 200 226 201 
4 226 250 276 251 
4 276 300 326 301 
4 326 350 376 351 
4 376 400 426 401 
4 426 450 476 451 
4 476 500 526 501 
4 526 550 576 551 
4 576 600 626 601 
4 626 650 676 651 
4 676 700 726 701 
4 726 750 776 751 
4 776 800 826 801 
4 826 850 876 851 
4 876 900 926 901 
4 926 950 976 951 
4 976 1000 1026 1001 
4 1026 1050 1076 1051 
4 1076 1100 1126 1101 
4 1126 1150 1176 1151 
4 1176 1200 1226 1201 
4 1226 1250 1276 1251 
4 27 52 77 53 
4 77 102 127 103 
4 127 152 177 153 
4 177 202 227 203 
4 227 252 277 253 
4 277 302 327 303 
4 327 352 377 353 
4 377 402 427 403 
4 427 452 477 453 
4 477 502 527 503 
4 527 552 577 553 
4 577 602 627 603 
4 627 652 677 653 
4 677 702 727 703 
4 727 752 777 753 
4 777 802 827 803 
4 827 852 877 853 
4 877 902 927 903 
4 927 952 977 953 
4 977 1002 1027 1003 
4 1027 1052 1077 1053 
4 1077 1102 1127 1103 
4 1127 1152 1177 1153 
4 1177 1202 1227 1203 
4 28 53 78 54 
4 78 103 128 104 
4 128 153 178 154 
4 178 203 228 204 
4 228 253 278 254 
4 278 303 328 304 
4 328 353 378 354 
4 378 403 428 404 
4 428 453 478 454 
4 478 503 528 504 
4 528 553 578 554 
4 578 603 628 604 
4 628 653 678 654 
4 678 703 728 704 
4 728 753 778 754 
4 778 803 828 804 
4 828 853 878 854 
4 878 903 928 904 
4 928 953 978 954 
4 978 1003 1028 1004 
4 1028 1053 1078 1054 
4 1078 1103 1128 1104 
4 1128 1153 1178 1154 
4 1178 1203 1228 1204 
4 29 54 79 55 
4 79 104 129 105 
4 129 154 179 155 
4 179 204 229 205 
4 229 254 279 255 
4 279 304 329 305 
4 329 354 379 355 
4 379 404 429 405 
4 429 454 479 455 
4 479 504 529 505 
4 529 554 579 555 
4 579 604 629 605 
4 629 654 679 655 
4 679 704 729 705 
4 729 754 779 755 
4 779 804 829 805 
4 829 854 879 855 
4 879 904 929 905 
4 929 954 979 955 
4 979 1004 1029 1005 
4 1029 1054 1079 1055 
4 1079 1104 1129 1105 
4 1129 1154 1179 1155 
4 1179 1204 1229 1205 
4 30 55 80 56 
4 80 105 130 106 
4 130 155 180 156 
4 180 205 230 206 
4 230 255 280 256 
4 280 305 330 306 
4 330 355 380 356 
4 380 405 430 406 
4 430 455 480 456 
4 480 505 530 506 
4 530 555 580 556 
4 580 605 630 606 
4 630 655 680 656 
4 680 705 730 706 
4 730 755 780 756 
4 780 805 830 806 
4 830 855 880 856 
4 880 905 930 906 
4 930 955 980 956 
4 980 1005 1030 1006 
4 1030 1055 1080 1056 
4 1080 1105 1130 1106 
4 1130 1155 1180 1156 
4 1180 1205 1230 1206 
4 31 56 81 57 
4 81 106 131 107 
4 131 156 181 157 
4 181 206 231 207 
4 231 256 281 257 
4 281 306 331 307 
4 331 356 381 357 
4 381 406 431 407 
4 431 456 481 457 
4 481 506 531 507 
4 531 556 581 557 
4 581 606 631 607 
4 631 656 681 657 
4 681 706 731 707 
4 731 756 781 757 
4 781 806 831 807 
4 831 856 881 857 
4 881 906 931 907 
4 931 956 981 957 
4 981 1006 1031 1007 
4 1031 1056 1081 1057 
4 1081 1106 1131 1107 
4 1131 1156 1181 1157 
4 1181 1206 1231 1207 
4 32 57 82 58 
4 82 107 132 108 
4 132 157 182 158 
4 182 207 232 208 
4 232 257 282 258 
4 282 307 332 308 
4 332 357 382 358 
4 382 407 432 408 
4 432 457 482 458 
4 482 507 532 508 
4 532 557 582 558 
4 582 607 632 608 
4 632 657 682 658 
4 682 707 732 708 
4 732 757 782 758 
4 782 807 832 808 
4 832 857 882 858 
4 882 907 932 908 
4 932 957 982 958 
4 982 1007 1032 1008 
4 1032 1057 1082 1058 
4 1082 1107 1132 1108 
4 1132 1157 1182 1158 
4 1182 1207 1232 1208 
4 33 58 83 59 
4 83 108 133 109 
4 133 158 183 159 
4 183 208 233 209 
4 233 258 283 259 
4 283 308 333 309 
4 333 358 383 359 
4 383 408 433 409 
4 433 458 483 459 
4 483 508 533 509 
4 533 558 583 559 
4 583 608 633 609 
4 633 658 683 659 
4 683 708 733 709 
4 733 758 783 759 
4 783 808 833 809 
4 833 858 883 859 
4 883 908 933 909 
4 933 958 983 959 
4 983 1008 1033 1009 
4 1033 1058 1083 1059 
4 1083 1108 1133 1109 
4 1133 1158 1183 1159 
4 1183 1208 1233 1209 
4 34 59 84 60 
4 84 109 134 110 
4 134 159 184 160 
4 184 209 234 210 
4 234 259 284 260 
4 284 309 334 310 
4 334 359 384 360 
4 384 409 434 410 
4 434 459 484 460 
4 484 509 534 510 
4 534 559 584 560 
4 584 609 634 610 
4 634 659 684 660 
4 684 709 734 710 
4 734 759 784 760 
4 784 809 834 810 
4 834 859 884 860 
4 884 909 934 910 
4 934 959 984 960 
4 984 1009 1034 1010 
4 1034 1059 1084 1060 
4 1084 1109 1134 1110 
4 1134 1159 1184 1160 
4 1184 1209 1234 1210 
4 35 60 85 61 
4 85 110 135 111 
4 135 160 185 161 
4 185 210 235 211 
4 235 260 285 261 
4 285 310 335 311 
4 335 360 385 361 
4 385 410 435 411 
4 435 460 485 461 
4 485 510 535 511 
4 535 560 585 561 
4 585 610 635 611 
4 635 660 685 661 
4 685 710 735 711 
4 735 760 785 761 
4 785 810 835 811 
4 835 860 885 861 
4 885 910 935 911 
4 935 960 985 961 
4 985 1010 1035 1011 
4 1035 1060 1085 1061 
4 1085 1110 1135 1111 
4 1135 1160 1185 1161 
4 1185 1210 1235 1211 
4 36 61 86 62 
4 86 111 136 112 
4 136 161 186 162 
4 186 211 236 212 
4 236 261 286 262 
4 286 311 336 312 
4 336 361 386 362 
4 386 411 436 412 
4 436 461 486 462 
4 486 511 536 512 
4 536 561 586 562 
4 586 611 636 612 
4 636 661 686 662 
4 686 711 736 712 
4 736 761 786 762 
4 786 811 836 812 
4 836 861 886 862 
4 886 911 936 912 
4 936 961 986 962 
4 986 1011 1036 1012 
4 1036 1061 1086 1062 
4 1086 1111 1136 1112 
4 1136 1161 1186 1162 
4 1186 1211 1236 1212 
4 37 62 87 63 
4 87 112 137 113 
4 137 162 187 163 
4 187 212 237 213 
4 237 262 287 263 
4 287 312 337 313 
4 337 362 387 363 
4 387 412 437 413 
4 437 462 487 463 
4 487 512 537 513 
4 537 562 587 563 
4 587 612 637 613 
4 637 662 687 663 
4 687 712 737 713 
4 737 762 787 763 
4 787 812 837 813 
4 837 862 887 863 
4 887 912 937 913 
4 937 962 987 963 
4 987 1012 1037 1013 
4 1037 1062 1087 1063 
4 1087 1112 1137 1113 
4 1137 1162 1187 1163 
4 1187 1212 1237 1213 
4 38 63 88 64 
4 88 113 138 114 
4 138 163 188 164 
4 188 213 238 214 
4 238 263 288 264 
4 288 313 338 314 
4 338 363 388 364 
4 388 413 438 414 
4 438 463 488 464 
4 488 513 538 514 
4 538 563 588 564 
4 588 613 638 614 
4 638 663 688 664 
4 688 713 738 714 
4 738 763 788 764 
4 788 813 838 814 
4 838 863 888 864 
4 888 913 938 914 
4 938 963 988 964 
4 988 1013 1038 1014 
4 1038 1063 1088 1064 
4 1088 1113 1138 1114 
4 1138 1163 1188 1164 
4 1188 1213 1238 1214 
4 39 64 89 65 
4 89 114 139 115 
4 139 164 189 165 
4 189 214 239 215 
4 239 264 289 265 
4 289 314 339 315 
4 339 364 389 365 
4 389 414 439 415 
4 439 464 489 465 
4 489 514 539 515 
4 539 564 589 565 
4 589 614 639 615 
4 639 664 689 665 
4 689 714 739 715 
4 739 764 789 765 
4 789 814 839 815 
4 839 864 889 865 
4 889 914 939 915 
4 939 964 989 965 
4 989 1014 1039 1015 
4 1039 1064 1089 1065 
4 1089 1114 1139 1115 
4 1139 1164 1189 1165 
4 1189 1214 1239 1215 
4 40 65 90 66 
4 90 115 140 116 
4 140 165 190 166 
4 190 215 240 216 
4 240 265 290 266 
4 290 315 340 316 
4 340 365 390 366 
4 390 415 440 416 
4 440 465 490 466 
4 490 515 540 516 
4 540 565 590 566 
4 590 615 640 616 
4 640 665 690 666 
4 690 715 740 716 
4 740 765 790 766 
4 790 815 840 816 
4 840 865 890 866 
4 890 915 940 916 
4 940 965 990 966 
4 990 1015 1040 1016 
4 1040 1065 1090 1066 
4 1090 1115 1140 1116 
4 1140 1165 1190 1166 
4 1190 1215 1240 1216 
4 41 66 91 67 
4 91 116 141 117 
4 141 166 191 167 
4 191 216 241 217 
4 241 266 291 267 
4 291 316 341 317 
4 341 366 391 367 
4 391 416 441 417 
4 441 466 491 467 
4 491 516 541 517 
4 541 566 591 567 
4 591 616 641 617 
4 641 666 691 667 
4 691 716 741 717 
4 741 766 791 767 
4 791 816 841 817 
4 841 866 891 867 
4 891 916 941 917 
4 941 966 991 967 
4 991 1016 1041 1017 
4 1041 1066 1091 1067 
4 1091 1116 1141 1117 
4 1141 1166 1191 1167 
4 1191 1216 1241 1217 
4 42 67 92 68 
4 92 117 142 118 
4 142 167 192 168 
4 192 217 242 218 
4 242 267 292 268 
4 292 317 342 318 
4 342 367 392 368 
4 392 417 442 418 
4 442 467 492 468 
4 492 517 542 518 
4 542 567 592 568 
4 592 617 642 618 
4 642 667 692 668 
4 692 717 742 718 
4 742 767 792 768 
4 792 817 842 818 
4 842 867 892 868 
4 892 917 942 918 
4 942 967 992 968 
4 992 1017 1042 1018 
4 1042 1067 1092 1068 
4 1092 1117 1142 1118 
4 1142 1167 1192 1168 
4 1192 1217 1242 1218 
4 43 68 93 69 
4 93 118 143 119 
4 143 168 193 169 
4 193 218 243 219 
4 243 268 293 269 
4 293 318 343 319 
4 343 368 393 369 
4 393 418 443 419 
4 443 468 493 469 
4 493 518 543 519 
4 543 568 593 569 
4 593 618 643 619 
4 643 668 693 669 
4 693 718 743 719 
4 743 768 793 769 
4 793 818 843 819 
4 843 868 893 869 
4 893 918 943 919 
4 943 968 993 969 
4 993 1018 1043 1019 
4 1043 1068 1093 1069 
4 1093 1118 1143 1119 
4 1143 1168 1193 1169 
4 1193 1218 1243 1219 
4 44 69 94 70 
4 94 119 144 120 
4 144 169 194 170 
4 194 219 244 220 
4 244 269 294 270 
4 294 319 344 320 
4 344 369 394 370 
4 394 419 444 420 
4 444 469 494 470 
4 494 519 544 520 
4 544 569 594 570 
4 594 619 644 620 
4 644 669 694 670 
4 694 719 744 720 
4 744 769 794 770 
4 794 819 844 820 
4 844 869 894 870 
4 894 919 944 920 
4 944 969 994 970 
4 994 1019 1044 1020 
4 1044 1069 1094 1070 
4 1094 1119 1144 1120 
4 1144 1169 1194 1170 
4 1194 1219 1244 1220 
4 45 70 95 71 
4 95 120 145 121 
4 145 170 195 171 
4 195 220 245 221 
4 245 270 295 271 
4 295 320 345 321 
4 345 370 395 371 
4 395 420 445 421 
4 445 470 495 471 
4 495 520 545 521 
4 545 570 595 571 
4 595 620 645 621 
4 645 670 695 671 
4 695 720 745 721 
4 745 770 795 771 
4 795 820 845 821 
4 845 870 895 871 
4 895 920 945 921 
4 945 970 995 971 
4 995 1020 1045 1021 
4 1045 1070 1095 1071 
4 1095 1120 1145 1121 
4 1145 1170 1195 1171 
4 1195 1220 1245 1221 
4 46 71 96 72 
4 96 121 146 122 
4 146 171 196 172 
4 196 221 246 222 
4 246 271 296 272 
4 296 321 346 322 
4 346 371 396 372 
4 396 421 446 422 
4 446 471 496 472 
4 496 521 546 522 
4 546 571 596 572 
4 596 621 646 622 
4 646 671 696 672 
4 696 721 746 722 
4 746 771 796 772 
4 796 821 846 822 
4 846 871 896 872 
4 896 921 946 922 
4 946 971 996 972 
4 996 1021 1046 1022 
4 1046 1071 1096 1072 
4 1096 1121 1146 1122 
4 1146 1171 1196 1172 
4 1196 1221 1246 1222 
4 47 72 97 73 
4 97 122 147 123 
4 147 172 197 173 
4 197 222 247 223 
4 247 272 297 273 
4 297 322 347 323 
4 347 372 397 373 
4 397 422 447 423 
4 447 472 497 473 
4 497 522 547 523 
4 547 572 597 573 
4 597 622 647 623 
4 647 672 697 673 
4 697 722 747 723 
4 747 772 797 773 
4 797 822 847 823 
4 847 872 897 873 
4 897 922 947 923 
4 947 972 997 973 
4 997 1022 1047 1023 
4 1047 1072 1097 1073 
4 1097 1122 1147 1123 
4 1147 1172 1197 1173 
4 1197 1222 1247 1223 
4 48 73 98 74 
4 98 123 148 124 
4 148 173 198 174 
4 198 223 248 224 
4 248 273 298 274 
4 298 323 348 324 
4 348 373 398 374 
4 398 423 448 424 
4 448 473 498 474 
4 498 523 548 524 
4 548 573 598 574 
4 598 623 648 624 
4 648 673 698 674 
4 698 723 748 724 
4 748 773 798 774 
4 798 823 848 824 
4 848 873 898 874 
4 898 923 948 924 
4 948 973 998 974 
4 998 1023 1048 1024 
4 1048 1073 1098 1074 
4 1098 1123 1148 1124 
4 1148 1173 1198 1174 
4 1198 1223 1248 1224 
4 49 74 99 75 
4 99 124 149 125 
4 149 174 199 175 
4 199 224 249 225 
4 249 274 299 275 
4 299 324 349 325 
4 349 374 399 375 
4 399 424 449 425 
4 449 474 499 475 
4 499 524 549 525 
4 549 574 599 575 
4 599 624 649 625 
4 649 674 699 675 
4 699 724 749 725 
4 749 774 799 775 
4 799 824 849 825 
4 849 874 899 875 
4 899 924 949 925 
4 949 974 999 975 
4 999 1024 1049 1025 
4 1049 1074 1099 1075 
4 1099 1124 1149 1125 
4 1149 1174 1199 1175 
4 1199 1224 1249 1225 
4 50 75 100 76 
4 100 125 150 126 
4 150 175 200 176 
4 200 225 250 226 
4 250 275 300 276 
4 300 325 350 326 
4 350 375 400 376 
4 400 425 450 426 
4 450 475 500 476 
4 500 525 550 526 
4 550 575 600 576 
4 600 625 650 626 
4 650 675 700 676 
4 700 725 750 726 
4 750 775 800 776 
4 800 825 850 826 
4 850 875 900 876 
4 900 925 950 926 
4 950 975 1000 976 
4 1000 1025 1050 1026 
4 1050 1075 1100 1076 
4 1100 1125 1150 1126 
4 1150 1175 1200 1176 
4 1200 1225 1250 1226 
3 51 76 101 
3 101 126 151 
3 151 176 201 
3 201 226 251 
3 251 276 301 
3 301 326 351 
3 351 376 401 
3 401 426 451 
3 451 476 501 
3 501 526 551 
3 551 576 601 
3 601 626 651 
3 651 676 701 
3 701 726 751 
3 751 776 801 
3 801 826 851 
3 851 876 901 
3 901 926 951 
3 951 976 1001 
3 1001 1026 1051 
3 1051 1076 1101 
3 1101 1126 1151 
3 1151 1176 1201 
3 1201 1226 1251 
3 1276 1277 1251 
3 1275 1276 1250 
3 1274 1275 1249 
3 1273 1274 1248 
3 1272 1273 1247 
3 1271 1272 1246 
3 1270 1271 1245 
3 1269 1270 1244 
3 1268 1269 1243 
3 1267 1268 1242 
3 1266 1267 1241 
3 1265 1266 1240 
3 1264 1265 1239 
3 1263 1264 1238 
3 1262 1263 1237 
3 1261 1262 1236 
3 1260 1261 1235 
3 1259 1260 1234 
3 1258 1259 1233 
3 1257 1258 1232 
3 1256 1257 1231 
3 1255 1256 1230 
3 1254 1255 1229 
3 1253 1254 1228 
3 1252 1253 1227 
# indices of nodes located on the boundary
1 2 3 4 5 6 7 8 9 10 11 12 13 14 15 16 17 18 19 20 21 22 23 24 25 26 51 52 101 102 151 152 201 202 251 252 301 302 351 352 401 402 451 452 501 502 551 552 601 602 651 652 701 702 751 752 801 802 851 852 901 902 951 952 1001 1002 1051 1052 1101 1102 1151 1152 1201 1202 1251 1252 1253 1254 1255 1256 1257 1258 1259 1260 1261 1262 1263 1264 1265 1266 1267 1268 1269 1270 1271 1272 1273 1274 1275 1276 1277 
