# domain type
Polygonal
# nodal coordinates: number of nodes followed by the coordinates
23
0.0000000000000000 0.0000000000000000
0.0000000000000000 0.3333333333333333
0.0000000000000000 0.6666666666666666
0.0000000000000000 1.0000000000000000
0.1666666666666667 0.3333333333333333
0.1666666666666667 0.6666666666666666
0.1666666666666667 1.0000000000000000
0.3333333333333333 0.0000000000000000
0.3333333333333333 0.3333333333333333
0.3333333333333333 0.6666666666666666
0.5000000000000000 0.3333333333333333
0.5000000000000000 0.6666666666666666
0.5000000000000000 1.0000000000000000
0.6666666666666666 0.0000000000000000
0.6666666666666666 0.3333333333333333
0.6666666666666666 0.6666666666666666
0.8333333333333334 0.3333333333333333
0.8333333333333334 0.6666666666666666
0.8333333333333334 1.0000000000000000
1.0000000000000000 0.0000000000000000
1.0000000000000000 0.3333333333333333
1.0000000000000000 0.6666666666666666
1.0000000000000000 1.0000000000000000
# element connectivity: number of elements followed by the connectivity
21
3 1 5 2 
3 2 6 3 
3 3 7 4 
3 1 8 5 
3 8 14 11 
3 14 20 17 
4 2 5 9 6 
4 9 11 15 12 
4 15 17 21 18 
4 3 6 10 7 
4 10 12 16 13 
4 16 18 22 19 
4 5 8 11 9 
4 11 14 17 15 
4 6 9 12 10 
4 12 15 18 16 
3 7 10 13 
3 13 16 19 
3 22 23 19 
3 21 22 18 
3 20 21 17 
# indices of nodes located on the boundary
1 2 3 4 7 8 13 14 19 20 21 22 23 
