# domain type
Polygonal
# nodal coordinates: number of nodes followed by the coordinates
822
0.0000000000000000 0.0000000000000000
0.0000000000000000 0.0500000000000000
0.0000000000000000 0.1000000000000000
0.0000000000000000 0.1500000000000000
0.0000000000000000 0.2000000000000000
0.0000000000000000 0.2500000000000000
0.0000000000000000 0.3000000000000000
0.0000000000000000 0.3500000000000000
0.0000000000000000 0.4000000000000000
0.0000000000000000 0.4500000000000000
0.0000000000000000 0.5000000000000000
0.0000000000000000 0.5500000000000000
0.0000000000000000 0.6000000000000000
0.0000000000000000 0.6500000000000000
0.0000000000000000 0.7000000000000000
0.0000000000000000 0.7500000000000000
0.0000000000000000 0.8000000000000000
0.0000000000000000 0.8500000000000000
0.0000000000000000 0.9000000000000000
0.0000000000000000 0.9500000000000000
0.0000000000000000 1.0000000000000000
0.0250000000000000 0.0500000000000000
0.0250000000000000 0.1000000000000000
0.0250000000000000 0.1500000000000000
0.0250000000000000 0.2000000000000000
0.0250000000000000 0.2500000000000000
0.0250000000000000 0.3000000000000000
0.0250000000000000 0.3500000000000000
0.0250000000000000 0.4000000000000000
0.0250000000000000 0.4500000000000000
0.0250000000000000 0.5000000000000000
0.0250000000000000 0.5500000000000000
0.0250000000000000 0.6000000000000000
0.0250000000000000 0.6500000000000000
0.0250000000000000 0.7000000000000000
0.0250000000000000 0.7500000000000000
0.0250000000000000 0.8000000000000000
0.0250000000000000 0.8500000000000000
0.0250000000000000 0.9000000000000000
0.0250000000000000 0.9500000000000000
0.0250000000000000 1.0000000000000000
0.0500000000000000 0.0000000000000000
0.0500000000000000 0.0500000000000000
0.0500000000000000 0.1000000000000000
0.0500000000000000 0.1500000000000000
0.0500000000000000 0.2000000000000000
0.0500000000000000 0.2500000000000000
0.0500000000000000 0.3000000000000000
0.0500000000000000 0.3500000000000000
0.0500000000000000 0.4000000000000000
0.0500000000000000 0.4500000000000000
0.0500000000000000 0.5000000000000000
0.0500000000000000 0.5500000000000000
0.0500000000000000 0.6000000000000000
0.0500000000000000 0.6500000000000000
0.0500000000000000 0.7000000000000000
0.0500000000000000 0.7500000000000000
0.0500000000000000 0.8000000000000000
0.0500000000000000 0.8500000000000000
0.0500000000000000 0.9000000000000000
0.0500000000000000 0.9500000000000000
0.0750000000000000 0.0500000000000000
0.0750000000000000 0.1000000000000000
0.0750000000000000 0.1500000000000000
0.0750000000000000 0.2000000000000000
0.0750000000000000 0.2500000000000000
0.0750000000000000 0.3000000000000000
0.0750000000000000 0.3500000000000000
0.0750000000000000 0.4000000000000000
0.0750000000000000 0.4500000000000000
0.0750000000000000 0.5000000000000000
0.0750000000000000 0.5500000000000000
0.0750000000000000 0.6000000000000000
0.0750000000000000 0.6500000000000000
0.0750000000000000 0.7000000000000000
0.0750000000000000 0.7500000000000000
0.0750000000000000 0.8000000000000000
0.0750000000000000 0.8500000000000000
0.0750000000000000 0.9000000000000000
0.0750000000000000 0.9500000000000000
0.0750000000000000 1.0000000000000000
0.1000000000000000 0.0000000000000000
0.1000000000000000 0.0500000000000000
0.1000000000000000 0.1000000000000000
0.1000000000000000 0.1500000000000000
0.1000000000000000 0.2000000000000000
0.1000000000000000 0.2500000000000000
0.1000000000000000 0.3000000000000000
0.1000000000000000 0.3500000000000000
0.1000000000000000 0.4000000000000000
0.1000000000000000 0.4500000000000000
0.1000000000000000 0.5000000000000000
0.1000000000000000 0.5500000000000000
0.1000000000000000 0.6000000000000000
0.1000000000000000 0.6500000000000000
0.1000000000000000 0.7000000000000000
0.1000000000000000 0.7500000000000000
0.1000000000000000 0.8000000000000000
0.1000000000000000 0.8500000000000000
0.1000000000000000 0.9000000000000000
0.1000000000000000 0.9500000000000000
0.1250000000000000 0.0500000000000000
0.1250000000000000 0.1000000000000000
0.1250000000000000 0.1500000000000000
0.1250000000000000 0.2000000000000000
0.1250000000000000 0.2500000000000000
0.1250000000000000 0.3000000000000000
0.1250000000000000 0.3500000000000000
0.1250000000000000 0.4000000000000000
0.1250000000000000 0.4500000000000000
0.1250000000000000 0.5000000000000000
0.1250000000000000 0.5500000000000000
0.1250000000000000 0.6000000000000000
0.1250000000000000 0.6500000000000000
0.1250000000000000 0.7000000000000000
0.1250000000000000 0.7500000000000000
0.1250000000000000 0.8000000000000000
0.1250000000000000 0.8500000000000000
0.1250000000000000 0.9000000000000000
0.1250000000000000 0.9500000000000000
0.1250000000000000 1.0000000000000000
0.1500000000000000 0.0000000000000000
0.1500000000000000 0.0500000000000000
0.1500000000000000 0.1000000000000000
0.1500000000000000 0.1500000000000000
0.1500000000000000 0.2000000000000000
0.1500000000000000 0.2500000000000000
0.1500000000000000 0.3000000000000000
0.1500000000000000 0.3500000000000000
0.1500000000000000 0.4000000000000000
0.1500000000000000 0.4500000000000000
0.1500000000000000 0.5000000000000000
0.1500000000000000 0.5500000000000000
0.1500000000000000 0.6000000000000000
0.1500000000000000 0.6500000000000000
0.1500000000000000 0.7000000000000000
0.1500000000000000 0.7500000000000000
0.1500000000000000 0.8000000000000000
0.1500000000000000 0.8500000000000000
0.1500000000000000 0.9000000000000000
0.1500000000000000 0.9500000000000000
0.1750000000000000 0.0500000000000000
0.1750000000000000 0.1000000000000000
0.1750000000000000 0.1500000000000000
0.1750000000000000 0.2000000000000000
0.1750000000000000 0.2500000000000000
0.1750000000000000 0.3000000000000000
0.1750000000000000 0.3500000000000000
0.1750000000000000 0.4000000000000000
0.1750000000000000 0.4500000000000000
0.1750000000000000 0.5000000000000000
0.1750000000000000 0.5500000000000000
0.1750000000000000 0.6000000000000000
0.1750000000000000 0.6500000000000000
0.1750000000000000 0.7000000000000000
0.1750000000000000 0.7500000000000000
0.1750000000000000 0.8000000000000000
0.1750000000000000 0.8500000000000000
0.1750000000000000 0.9000000000000000
0.1750000000000000 0.9500000000000000
0.1750000000000000 1.0000000000000000
0.2000000000000000 0.0000000000000000
0.2000000000000000 0.0500000000000000
0.2000000000000000 0.1000000000000000
0.2000000000000000 0.1500000000000000
0.2000000000000000 0.2000000000000000
0.2000000000000000 0.2500000000000000
0.2000000000000000 0.3000000000000000
0.2000000000000000 0.3500000000000000
0.2000000000000000 0.4000000000000000
0.2000000000000000 0.4500000000000000
0.2000000000000000 0.5000000000000000
0.2000000000000000 0.5500000000000000
0.2000000000000000 0.6000000000000000
0.2000000000000000 0.6500000000000000
0.2000000000000000 0.7000000000000000
0.2000000000000000 0.7500000000000000
0.2000000000000000 0.8000000000000000
0.2000000000000000 0.8500000000000000
0.2000000000000000 0.9000000000000000
0.2000000000000000 0.9500000000000000
0.2250000000000000 0.0500000000000000
0.2250000000000000 0.1000000000000000
0.2250000000000000 0.1500000000000000
0.2250000000000000 0.2000000000000000
0.2250000000000000 0.2500000000000000
0.2250000000000000 0.3000000000000000
0.2250000000000000 0.3500000000000000
0.2250000000000000 0.4000000000000000
0.2250000000000000 0.4500000000000000
0.2250000000000000 0.5000000000000000
0.2250000000000000 0.5500000000000000
0.2250000000000000 0.6000000000000000
0.2250000000000000 0.6500000000000000
0.2250000000000000 0.7000000000000000
0.2250000000000000 0.7500000000000000
0.2250000000000000 0.8000000000000000
0.2250000000000000 0.8500000000000000
0.2250000000000000 0.9000000000000000
0.2250000000000000 0.9500000000000000
0.2250000000000000 1.0000000000000000
0.2500000000000000 0.0000000000000000
0.2500000000000000 0.0500000000000000
0.2500000000000000 0.1000000000000000
0.2500000000000000 0.1500000000000000
0.2500000000000000 0.2000000000000000
0.2500000000000000 0.2500000000000000
0.2500000000000000 0.3000000000000000
0.2500000000000000 0.3500000000000000
0.2500000000000000 0.4000000000000000
0.2500000000000000 0.4500000000000000
0.2500000000000000 0.5000000000000000
0.2500000000000000 0.5500000000000000
0.2500000000000000 0.6000000000000000
0.2500000000000000 0.6500000000000000
0.2500000000000000 0.7000000000000000
0.2500000000000000 0.7500000000000000
0.2500000000000000 0.8000000000000000
0.2500000000000000 0.8500000000000000
0.2500000000000000 0.9000000000000000
0.2500000000000000 0.9500000000000000
0.2750000000000000 0.0500000000000000
0.2750000000000000 0.1000000000000000
0.2750000000000000 0.1500000000000000
0.2750000000000000 0.2000000000000000
0.2750000000000000 0.2500000000000000
0.2750000000000000 0.3000000000000000
0.2750000000000000 0.3500000000000000
0.2750000000000000 0.4000000000000000
0.2750000000000000 0.4500000000000000
0.2750000000000000 0.5000000000000000
0.2750000000000000 0.5500000000000000
0.2750000000000000 0.6000000000000000
0.2750000000000000 0.6500000000000000
0.2750000000000000 0.7000000000000000
0.2750000000000000 0.7500000000000000
0.2750000000000000 0.8000000000000000
0.2750000000000000 0.8500000000000000
0.2750000000000000 0.9000000000000000
0.2750000000000000 0.9500000000000000
0.2750000000000000 1.0000000000000000
0.3000000000000000 0.0000000000000000
0.3000000000000000 0.0500000000000000
0.3000000000000000 0.1000000000000000
0.3000000000000000 0.1500000000000000
0.3000000000000000 0.2000000000000000
0.3000000000000000 0.2500000000000000
0.3000000000000000 0.3000000000000000
0.3000000000000000 0.3500000000000000
0.3000000000000000 0.4000000000000000
0.3000000000000000 0.4500000000000000
0.3000000000000000 0.5000000000000000
0.3000000000000000 0.5500000000000000
0.3000000000000000 0.6000000000000000
0.3000000000000000 0.6500000000000000
0.3000000000000000 0.7000000000000000
0.3000000000000000 0.7500000000000000
0.3000000000000000 0.8000000000000000
0.3000000000000000 0.8500000000000000
0.3000000000000000 0.9000000000000000
0.3000000000000000 0.9500000000000000
0.3250000000000000 0.0500000000000000
0.3250000000000000 0.1000000000000000
0.3250000000000000 0.1500000000000000
0.3250000000000000 0.2000000000000000
0.3250000000000000 0.2500000000000000
0.3250000000000000 0.3000000000000000
0.3250000000000000 0.3500000000000000
0.3250000000000000 0.4000000000000000
0.3250000000000000 0.4500000000000000
0.3250000000000000 0.5000000000000000
0.3250000000000000 0.5500000000000000
0.3250000000000000 0.6000000000000000
0.3250000000000000 0.6500000000000000
0.3250000000000000 0.7000000000000000
0.3250000000000000 0.7500000000000000
0.3250000000000000 0.8000000000000000
0.3250000000000000 0.8500000000000000
0.3250000000000000 0.9000000000000000
0.3250000000000000 0.9500000000000000
0.3250000000000000 1.0000000000000000
0.3500000000000000 0.0000000000000000
0.3500000000000000 0.0500000000000000
0.3500000000000000 0.1000000000000000
0.3500000000000000 0.1500000000000000
0.3500000000000000 0.2000000000000000
0.3500000000000000 0.2500000000000000
0.3500000000000000 0.3000000000000000
0.3500000000000000 0.3500000000000000
0.3500000000000000 0.4000000000000000
0.3500000000000000 0.4500000000000000
0.3500000000000000 0.5000000000000000
0.3500000000000000 0.5500000000000000
0.3500000000000000 0.6000000000000000
0.3500000000000000 0.6500000000000000
0.3500000000000000 0.7000000000000000
0.3500000000000000 0.7500000000000000
0.3500000000000000 0.8000000000000000
0.3500000000000000 0.8500000000000000
0.3500000000000000 0.9000000000000000
0.3500000000000000 0.9500000000000000
0.3750000000000000 0.0500000000000000
0.3750000000000000 0.1000000000000000
0.3750000000000000 0.1500000000000000
0.3750000000000000 0.2000000000000000
0.3750000000000000 0.2500000000000000
0.3750000000000000 0.3000000000000000
0.3750000000000000 0.3500000000000000
0.3750000000000000 0.4000000000000000
0.3750000000000000 0.4500000000000000
0.3750000000000000 0.5000000000000000
0.3750000000000000 0.5500000000000000
0.3750000000000000 0.6000000000000000
0.3750000000000000 0.6500000000000000
0.3750000000000000 0.7000000000000000
0.3750000000000000 0.7500000000000000
0.3750000000000000 0.8000000000000000
0.3750000000000000 0.8500000000000000
0.3750000000000000 0.9000000000000000
0.3750000000000000 0.9500000000000000
0.3750000000000000 1.0000000000000000
0.4000000000000000 0.0000000000000000
0.4000000000000000 0.0500000000000000
0.4000000000000000 0.1000000000000000
0.4000000000000000 0.1500000000000000
0.4000000000000000 0.2000000000000000
0.4000000000000000 0.2500000000000000
0.4000000000000000 0.3000000000000000
0.4000000000000000 0.3500000000000000
0.4000000000000000 0.4000000000000000
0.4000000000000000 0.4500000000000000
0.4000000000000000 0.5000000000000000
0.4000000000000000 0.5500000000000000
0.4000000000000000 0.6000000000000000
0.4000000000000000 0.6500000000000000
0.4000000000000000 0.7000000000000000
0.4000000000000000 0.7500000000000000
0.4000000000000000 0.8000000000000000
0.4000000000000000 0.8500000000000000
0.4000000000000000 0.9000000000000000
0.4000000000000000 0.9500000000000000
0.4250000000000000 0.0500000000000000
0.4250000000000000 0.1000000000000000
0.4250000000000000 0.1500000000000000
0.4250000000000000 0.2000000000000000
0.4250000000000000 0.2500000000000000
0.4250000000000000 0.3000000000000000
0.4250000000000000 0.3500000000000000
0.4250000000000000 0.4000000000000000
0.4250000000000000 0.4500000000000000
0.4250000000000000 0.5000000000000000
0.4250000000000000 0.5500000000000000
0.4250000000000000 0.6000000000000000
0.4250000000000000 0.6500000000000000
0.4250000000000000 0.7000000000000000
0.4250000000000000 0.7500000000000000
0.4250000000000000 0.8000000000000000
0.4250000000000000 0.8500000000000000
0.4250000000000000 0.9000000000000000
0.4250000000000000 0.9500000000000000
0.4250000000000000 1.0000000000000000
0.4500000000000000 0.0000000000000000
0.4500000000000000 0.0500000000000000
0.4500000000000000 0.1000000000000000
0.4500000000000000 0.1500000000000000
0.4500000000000000 0.2000000000000000
0.4500000000000000 0.2500000000000000
0.4500000000000000 0.3000000000000000
0.4500000000000000 0.3500000000000000
0.4500000000000000 0.4000000000000000
0.4500000000000000 0.4500000000000000
0.4500000000000000 0.5000000000000000
0.4500000000000000 0.5500000000000000
0.4500000000000000 0.6000000000000000
0.4500000000000000 0.6500000000000000
0.4500000000000000 0.7000000000000000
0.4500000000000000 0.7500000000000000
0.4500000000000000 0.8000000000000000
0.4500000000000000 0.8500000000000000
0.4500000000000000 0.9000000000000000
0.4500000000000000 0.9500000000000000
0.4750000000000000 0.0500000000000000
0.4750000000000000 0.1000000000000000
0.4750000000000000 0.1500000000000000
0.4750000000000000 0.2000000000000000
0.4750000000000000 0.2500000000000000
0.4750000000000000 0.3000000000000000
0.4750000000000000 0.3500000000000000
0.4750000000000000 0.4000000000000000
0.4750000000000000 0.4500000000000000
0.4750000000000000 0.5000000000000000
0.4750000000000000 0.5500000000000000
0.4750000000000000 0.6000000000000000
0.4750000000000000 0.6500000000000000
0.4750000000000000 0.7000000000000000
0.4750000000000000 0.7500000000000000
0.4750000000000000 0.8000000000000000
0.4750000000000000 0.8500000000000000
0.4750000000000000 0.9000000000000000
0.4750000000000000 0.9500000000000000
0.4750000000000000 1.0000000000000000
0.5000000000000000 0.0000000000000000
0.5000000000000000 0.0500000000000000
0.5000000000000000 0.1000000000000000
0.5000000000000000 0.1500000000000000
0.5000000000000000 0.2000000000000000
0.5000000000000000 0.2500000000000000
0.5000000000000000 0.3000000000000000
0.5000000000000000 0.3500000000000000
0.5000000000000000 0.4000000000000000
0.5000000000000000 0.4500000000000000
0.5000000000000000 0.5000000000000000
0.5000000000000000 0.5500000000000000
0.5000000000000000 0.6000000000000000
0.5000000000000000 0.6500000000000000
0.5000000000000000 0.7000000000000000
0.5000000000000000 0.7500000000000000
0.5000000000000000 0.8000000000000000
0.5000000000000000 0.8500000000000000
0.5000000000000000 0.9000000000000000
0.5000000000000000 0.9500000000000000
0.5250000000000000 0.0500000000000000
0.5250000000000000 0.1000000000000000
0.5250000000000000 0.1500000000000000
0.5250000000000000 0.2000000000000000
0.5250000000000000 0.2500000000000000
0.5250000000000000 0.3000000000000000
0.5250000000000000 0.3500000000000000
0.5250000000000000 0.4000000000000000
0.5250000000000000 0.4500000000000000
0.5250000000000000 0.5000000000000000
0.5250000000000000 0.5500000000000000
0.5250000000000000 0.6000000000000000
0.5250000000000000 0.6500000000000000
0.5250000000000000 0.7000000000000000
0.5250000000000000 0.7500000000000000
0.5250000000000000 0.8000000000000000
0.5250000000000000 0.8500000000000000
0.5250000000000000 0.9000000000000000
0.5250000000000000 0.9500000000000000
0.5250000000000000 1.0000000000000000
0.5500000000000000 0.0000000000000000
0.5500000000000000 0.0500000000000000
0.5500000000000000 0.1000000000000000
0.5500000000000000 0.1500000000000000
0.5500000000000000 0.2000000000000000
0.5500000000000000 0.2500000000000000
0.5500000000000000 0.3000000000000000
0.5500000000000000 0.3500000000000000
0.5500000000000000 0.4000000000000000
0.5500000000000000 0.4500000000000000
0.5500000000000000 0.5000000000000000
0.5500000000000000 0.5500000000000000
0.5500000000000000 0.6000000000000000
0.5500000000000000 0.6500000000000000
0.5500000000000000 0.7000000000000000
0.5500000000000000 0.7500000000000000
0.5500000000000000 0.8000000000000000
0.5500000000000000 0.8500000000000000
0.5500000000000000 0.9000000000000000
0.5500000000000000 0.9500000000000000
0.5750000000000000 0.0500000000000000
0.5750000000000000 0.1000000000000000
0.5750000000000000 0.1500000000000000
0.5750000000000000 0.2000000000000000
0.5750000000000000 0.2500000000000000
0.5750000000000000 0.3000000000000000
0.5750000000000000 0.3500000000000000
0.5750000000000000 0.4000000000000000
0.5750000000000000 0.4500000000000000
0.5750000000000000 0.5000000000000000
0.5750000000000000 0.5500000000000000
0.5750000000000000 0.6000000000000000
0.5750000000000000 0.6500000000000000
0.5750000000000000 0.7000000000000000
0.5750000000000000 0.7500000000000000
0.5750000000000000 0.8000000000000000
0.5750000000000000 0.8500000000000000
0.5750000000000000 0.9000000000000000
0.5750000000000000 0.9500000000000000
0.5750000000000000 1.0000000000000000
0.6000000000000000 0.0000000000000000
0.6000000000000000 0.0500000000000000
0.6000000000000000 0.1000000000000000
0.6000000000000000 0.1500000000000000
0.6000000000000000 0.2000000000000000
0.6000000000000000 0.2500000000000000
0.6000000000000000 0.3000000000000000
0.6000000000000000 0.3500000000000000
0.6000000000000000 0.4000000000000000
0.6000000000000000 0.4500000000000000
0.6000000000000000 0.5000000000000000
0.6000000000000000 0.5500000000000000
0.6000000000000000 0.6000000000000000
0.6000000000000000 0.6500000000000000
0.6000000000000000 0.7000000000000000
0.6000000000000000 0.7500000000000000
0.6000000000000000 0.8000000000000000
0.6000000000000000 0.8500000000000000
0.6000000000000000 0.9000000000000000
0.6000000000000000 0.9500000000000000
0.6250000000000000 0.0500000000000000
0.6250000000000000 0.1000000000000000
0.6250000000000000 0.1500000000000000
0.6250000000000000 0.2000000000000000
0.6250000000000000 0.2500000000000000
0.6250000000000000 0.3000000000000000
0.6250000000000000 0.3500000000000000
0.6250000000000000 0.4000000000000000
0.6250000000000000 0.4500000000000000
0.6250000000000000 0.5000000000000000
0.6250000000000000 0.5500000000000000
0.6250000000000000 0.6000000000000000
0.6250000000000000 0.6500000000000000
0.6250000000000000 0.7000000000000000
0.6250000000000000 0.7500000000000000
0.6250000000000000 0.8000000000000000
0.6250000000000000 0.8500000000000000
0.6250000000000000 0.9000000000000000
0.6250000000000000 0.9500000000000000
0.6250000000000000 1.0000000000000000
0.6500000000000000 0.0000000000000000
0.6500000000000000 0.0500000000000000
0.6500000000000000 0.1000000000000000
0.6500000000000000 0.1500000000000000
0.6500000000000000 0.2000000000000000
0.6500000000000000 0.2500000000000000
0.6500000000000000 0.3000000000000000
0.6500000000000000 0.3500000000000000
0.6500000000000000 0.4000000000000000
0.6500000000000000 0.4500000000000000
0.6500000000000000 0.5000000000000000
0.6500000000000000 0.5500000000000000
0.6500000000000000 0.6000000000000000
0.6500000000000000 0.6500000000000000
0.6500000000000000 0.7000000000000000
0.6500000000000000 0.7500000000000000
0.6500000000000000 0.8000000000000000
0.6500000000000000 0.8500000000000000
0.6500000000000000 0.9000000000000000
0.6500000000000000 0.9500000000000000
0.6750000000000000 0.0500000000000000
0.6750000000000000 0.1000000000000000
0.6750000000000000 0.1500000000000000
0.6750000000000000 0.2000000000000000
0.6750000000000000 0.2500000000000000
0.6750000000000000 0.3000000000000000
0.6750000000000000 0.3500000000000000
0.6750000000000000 0.4000000000000000
0.6750000000000000 0.4500000000000000
0.6750000000000000 0.5000000000000000
0.6750000000000000 0.5500000000000000
0.6750000000000000 0.6000000000000000
0.6750000000000000 0.6500000000000000
0.6750000000000000 0.7000000000000000
0.6750000000000000 0.7500000000000000
0.6750000000000000 0.8000000000000000
0.6750000000000000 0.8500000000000000
0.6750000000000000 0.9000000000000000
0.6750000000000000 0.9500000000000000
0.6750000000000000 1.0000000000000000
0.7000000000000000 0.0000000000000000
0.7000000000000000 0.0500000000000000
0.7000000000000000 0.1000000000000000
0.7000000000000000 0.1500000000000000
0.7000000000000000 0.2000000000000000
0.7000000000000000 0.2500000000000000
0.7000000000000000 0.3000000000000000
0.7000000000000000 0.3500000000000000
0.7000000000000000 0.4000000000000000
0.7000000000000000 0.4500000000000000
0.7000000000000000 0.5000000000000000
0.7000000000000000 0.5500000000000000
0.7000000000000000 0.6000000000000000
0.7000000000000000 0.6500000000000000
0.7000000000000000 0.7000000000000000
0.7000000000000000 0.7500000000000000
0.7000000000000000 0.8000000000000000
0.7000000000000000 0.8500000000000000
0.7000000000000000 0.9000000000000000
0.7000000000000000 0.9500000000000000
0.7250000000000000 0.0500000000000000
0.7250000000000000 0.1000000000000000
0.7250000000000000 0.1500000000000000
0.7250000000000000 0.2000000000000000
0.7250000000000000 0.2500000000000000
0.7250000000000000 0.3000000000000000
0.7250000000000000 0.3500000000000000
0.7250000000000000 0.4000000000000000
0.7250000000000000 0.4500000000000000
0.7250000000000000 0.5000000000000000
0.7250000000000000 0.5500000000000000
0.7250000000000000 0.6000000000000000
0.7250000000000000 0.6500000000000000
0.7250000000000000 0.7000000000000000
0.7250000000000000 0.7500000000000000
0.7250000000000000 0.8000000000000000
0.7250000000000000 0.8500000000000000
0.7250000000000000 0.9000000000000000
0.7250000000000000 0.9500000000000000
0.7250000000000000 1.0000000000000000
0.7500000000000000 0.0000000000000000
0.7500000000000000 0.0500000000000000
0.7500000000000000 0.1000000000000000
0.7500000000000000 0.1500000000000000
0.7500000000000000 0.2000000000000000
0.7500000000000000 0.2500000000000000
0.7500000000000000 0.3000000000000000
0.7500000000000000 0.3500000000000000
0.7500000000000000 0.4000000000000000
0.7500000000000000 0.4500000000000000
0.7500000000000000 0.5000000000000000
0.7500000000000000 0.5500000000000000
0.7500000000000000 0.6000000000000000
0.7500000000000000 0.6500000000000000
0.7500000000000000 0.7000000000000000
0.7500000000000000 0.7500000000000000
0.7500000000000000 0.8000000000000000
0.7500000000000000 0.8500000000000000
0.7500000000000000 0.9000000000000000
0.7500000000000000 0.9500000000000000
0.7750000000000000 0.0500000000000000
0.7750000000000000 0.1000000000000000
0.7750000000000000 0.1500000000000000
0.7750000000000000 0.2000000000000000
0.7750000000000000 0.2500000000000000
0.7750000000000000 0.3000000000000000
0.7750000000000000 0.3500000000000000
0.7750000000000000 0.4000000000000000
0.7750000000000000 0.4500000000000000
0.7750000000000000 0.5000000000000000
0.7750000000000000 0.5500000000000000
0.7750000000000000 0.6000000000000000
0.7750000000000000 0.6500000000000000
0.7750000000000000 0.7000000000000000
0.7750000000000000 0.7500000000000000
0.7750000000000000 0.8000000000000000
0.7750000000000000 0.8500000000000000
0.7750000000000000 0.9000000000000000
0.7750000000000000 0.9500000000000000
0.7750000000000000 1.0000000000000000
0.8000000000000000 0.0000000000000000
0.8000000000000000 0.0500000000000000
0.8000000000000000 0.1000000000000000
0.8000000000000000 0.1500000000000000
0.8000000000000000 0.2000000000000000
0.8000000000000000 0.2500000000000000
0.8000000000000000 0.3000000000000000
0.8000000000000000 0.3500000000000000
0.8000000000000000 0.4000000000000000
0.8000000000000000 0.4500000000000000
0.8000000000000000 0.5000000000000000
0.8000000000000000 0.5500000000000000
0.8000000000000000 0.6000000000000000
0.8000000000000000 0.6500000000000000
0.8000000000000000 0.7000000000000000
0.8000000000000000 0.7500000000000000
0.8000000000000000 0.8000000000000000
0.8000000000000000 0.8500000000000000
0.8000000000000000 0.9000000000000000
0.8000000000000000 0.9500000000000000
0.8250000000000000 0.0500000000000000
0.8250000000000000 0.1000000000000000
0.8250000000000000 0.1500000000000000
0.8250000000000000 0.2000000000000000
0.8250000000000000 0.2500000000000000
0.8250000000000000 0.3000000000000000
0.8250000000000000 0.3500000000000000
0.8250000000000000 0.4000000000000000
0.8250000000000000 0.4500000000000000
0.8250000000000000 0.5000000000000000
0.8250000000000000 0.5500000000000000
0.8250000000000000 0.6000000000000000
0.8250000000000000 0.6500000000000000
0.8250000000000000 0.7000000000000000
0.8250000000000000 0.7500000000000000
0.8250000000000000 0.8000000000000000
0.8250000000000000 0.8500000000000000
0.8250000000000000 0.9000000000000000
0.8250000000000000 0.9500000000000000
0.8250000000000000 1.0000000000000000
0.8500000000000000 0.0000000000000000
0.8500000000000000 0.0500000000000000
0.8500000000000000 0.1000000000000000
0.8500000000000000 0.1500000000000000
0.8500000000000000 0.2000000000000000
0.8500000000000000 0.2500000000000000
0.8500000000000000 0.3000000000000000
0.8500000000000000 0.3500000000000000
0.8500000000000000 0.4000000000000000
0.8500000000000000 0.4500000000000000
0.8500000000000000 0.5000000000000000
0.8500000000000000 0.5500000000000000
0.8500000000000000 0.6000000000000000
0.8500000000000000 0.6500000000000000
0.8500000000000000 0.7000000000000000
0.8500000000000000 0.7500000000000000
0.8500000000000000 0.8000000000000000
0.8500000000000000 0.8500000000000000
0.8500000000000000 0.9000000000000000
0.8500000000000000 0.9500000000000000
0.8750000000000000 0.0500000000000000
0.8750000000000000 0.1000000000000000
0.8750000000000000 0.1500000000000000
0.8750000000000000 0.2000000000000000
0.8750000000000000 0.2500000000000000
0.8750000000000000 0.3000000000000000
0.8750000000000000 0.3500000000000000
0.8750000000000000 0.4000000000000000
0.8750000000000000 0.4500000000000000
0.8750000000000000 0.5000000000000000
0.8750000000000000 0.5500000000000000
0.8750000000000000 0.6000000000000000
0.8750000000000000 0.6500000000000000
0.8750000000000000 0.7000000000000000
0.8750000000000000 0.7500000000000000
0.8750000000000000 0.8000000000000000
0.8750000000000000 0.8500000000000000
0.8750000000000000 0.9000000000000000
0.8750000000000000 0.9500000000000000
0.8750000000000000 1.0000000000000000
0.9000000000000000 0.0000000000000000
0.9000000000000000 0.0500000000000000
0.9000000000000000 0.1000000000000000
0.9000000000000000 0.1500000000000000
0.9000000000000000 0.2000000000000000
0.9000000000000000 0.2500000000000000
0.9000000000000000 0.3000000000000000
0.9000000000000000 0.3500000000000000
0.9000000000000000 0.4000000000000000
0.9000000000000000 0.4500000000000000
0.9000000000000000 0.5000000000000000
0.9000000000000000 0.5500000000000000
0.9000000000000000 0.6000000000000000
0.9000000000000000 0.6500000000000000
0.9000000000000000 0.7000000000000000
0.9000000000000000 0.7500000000000000
0.9000000000000000 0.8000000000000000
0.9000000000000000 0.8500000000000000
0.9000000000000000 0.9000000000000000
0.9000000000000000 0.9500000000000000
0.9250000000000000 0.0500000000000000
0.9250000000000000 0.1000000000000000
0.9250000000000000 0.1500000000000000
0.9250000000000000 0.2000000000000000
0.9250000000000000 0.2500000000000000
0.9250000000000000 0.3000000000000000
0.9250000000000000 0.3500000000000000
0.9250000000000000 0.4000000000000000
0.9250000000000000 0.4500000000000000
0.9250000000000000 0.5000000000000000
0.9250000000000000 0.5500000000000000
0.9250000000000000 0.6000000000000000
0.9250000000000000 0.6500000000000000
0.9250000000000000 0.7000000000000000
0.9250000000000000 0.7500000000000000
0.9250000000000000 0.8000000000000000
0.9250000000000000 0.8500000000000000
0.9250000000000000 0.9000000000000000
0.9250000000000000 0.9500000000000000
0.9250000000000000 1.0000000000000000
0.9500000000000000 0.0000000000000000
0.9500000000000000 0.0500000000000000
0.9500000000000000 0.1000000000000000
0.9500000000000000 0.1500000000000000
0.9500000000000000 0.2000000000000000
0.9500000000000000 0.2500000000000000
0.9500000000000000 0.3000000000000000
0.9500000000000000 0.3500000000000000
0.9500000000000000 0.4000000000000000
0.9500000000000000 0.4500000000000000
0.9500000000000000 0.5000000000000000
0.9500000000000000 0.5500000000000000
0.9500000000000000 0.6000000000000000
0.9500000000000000 0.6500000000000000
0.9500000000000000 0.7000000000000000
0.9500000000000000 0.7500000000000000
0.9500000000000000 0.8000000000000000
0.9500000000000000 0.8500000000000000
0.9500000000000000 0.9000000000000000
0.9500000000000000 0.9500000000000000
0.9750000000000000 0.0500000000000000
0.9750000000000000 0.1000000000000000
0.9750000000000000 0.1500000000000000
0.9750000000000000 0.2000000000000000
0.9750000000000000 0.2500000000000000
0.9750000000000000 0.3000000000000000
0.9750000000000000 0.3500000000000000
0.9750000000000000 0.4000000000000000
0.9750000000000000 0.4500000000000000
0.9750000000000000 0.5000000000000000
0.9750000000000000 0.5500000000000000
0.9750000000000000 0.6000000000000000
0.9750000000000000 0.6500000000000000
0.9750000000000000 0.7000000000000000
0.9750000000000000 0.7500000000000000
0.9750000000000000 0.8000000000000000
0.9750000000000000 0.8500000000000000
0.9750000000000000 0.9000000000000000
0.9750000000000000 0.9500000000000000
0.9750000000000000 1.0000000000000000
1.0000000000000000 0.0000000000000000
1.0000000000000000 0.0500000000000000
1.0000000000000000 0.1000000000000000
1.0000000000000000 0.1500000000000000
1.0000000000000000 0.2000000000000000
1.0000000000000000 0.2500000000000000
1.0000000000000000 0.3000000000000000
1.0000000000000000 0.3500000000000000
1.0000000000000000 0.4000000000000000
1.0000000000000000 0.4500000000000000
1.0000000000000000 0.5000000000000000
1.0000000000000000 0.5500000000000000
1.0000000000000000 0.6000000000000000
1.0000000000000000 0.6500000000000000
1.0000000000000000 0.7000000000000000
1.0000000000000000 0.7500000000000000
1.0000000000000000 0.8000000000000000
1.0000000000000000 0.8500000000000000
1.0000000000000000 0.9000000000000000
1.0000000000000000 0.9500000000000000
1.0000000000000000 1.0000000000000000
# element connectivity: number of elements followed by the connectivity
820
3 1 22 2 
3 2 23 3 
3 3 24 4 
3 4 25 5 
3 5 26 6 
3 6 27 7 
3 7 28 8 
3 8 29 9 
3 9 30 10 
3 10 31 11 
3 11 32 12 
3 12 33 13 
3 13 34 14 
3 14 35 15 
3 15 36 16 
3 16 37 17 
3 17 38 18 
3 18 39 19 
3 19 40 20 
3 20 41 21 
3 1 42 22 
3 42 82 62 
3 82 122 102 
3 122 162 142 
3 162 202 182 
3 202 242 222 
3 242 282 262 
3 282 322 302 
3 322 362 342 
3 362 402 382 
3 402 442 422 
3 442 482 462 
3 482 522 502 
3 522 562 542 
3 562 602 582 
3 602 642 622 
3 642 682 662 
3 682 722 702 
3 722 762 742 
3 762 802 782 
4 2 22 43 23 
4 43 62 83 63 
4 83 102 123 103 
4 123 142 163 143 
4 163 182 203 183 
4 203 222 243 223 
4 243 262 283 263 
4 283 302 323 303 
4 323 342 363 343 
4 363 382 403 383 
4 403 422 443 423 
4 443 462 483 463 
4 483 502 523 503 
4 523 542 563 543 
4 563 582 603 583 
4 603 622 643 623 
4 643 662 683 663 
4 683 702 723 703 
4 723 742 763 743 
4 763 782 803 783 
4 3 23 44 24 
4 44 63 84 64 
4 84 103 124 104 
4 124 143 164 144 
4 164 183 204 184 
4 204 223 244 224 
4 244 263 284 264 
4 284 303 324 304 
4 324 343 364 344 
4 364 383 404 384 
4 404 423 444 424 
4 444 463 484 464 
4 484 503 524 504 
4 524 543 564 544 
4 564 583 604 584 
4 604 623 644 624 
4 644 663 684 664 
4 684 703 724 704 
4 724 743 764 744 
4 764 783 804 784 
4 4 24 45 25 
4 45 64 85 65 
4 85 104 125 105 
4 125 144 165 145 
4 165 184 205 185 
4 205 224 245 225 
4 245 264 285 265 
4 285 304 325 305 
4 325 344 365 345 
4 365 384 405 385 
4 405 424 445 425 
4 445 464 485 465 
4 485 504 525 505 
4 525 544 565 545 
4 565 584 605 585 
4 605 624 645 625 
4 645 664 685 665 
4 685 704 725 705 
4 725 744 765 745 
4 765 784 805 785 
4 5 25 46 26 
4 46 65 86 66 
4 86 105 126 106 
4 126 145 166 146 
4 166 185 206 186 
4 206 225 246 226 
4 246 265 286 266 
4 286 305 326 306 
4 326 345 366 346 
4 366 385 406 386 
4 406 425 446 426 
4 446 465 486 466 
4 486 505 526 506 
4 526 545 566 546 
4 566 585 606 586 
4 606 625 646 626 
4 646 665 686 666 
4 686 705 726 706 
4 726 745 766 746 
4 766 785 806 786 
4 6 26 47 27 
4 47 66 87 67 
4 87 106 127 107 
4 127 146 167 147 
4 167 186 207 187 
4 207 226 247 227 
4 247 266 287 267 
4 287 306 327 307 
4 327 346 367 347 
4 367 386 407 387 
4 407 426 447 427 
4 447 466 487 467 
4 487 506 527 507 
4 527 546 567 547 
4 567 586 607 587 
4 607 626 647 627 
4 647 666 687 667 
4 687 706 727 707 
4 727 746 767 747 
4 767 786 807 787 
4 7 27 48 28 
4 48 67 88 68 
4 88 107 128 108 
4 128 147 168 148 
4 168 187 208 188 
4 208 227 248 228 
4 248 267 288 268 
4 288 307 328 308 
4 328 347 368 348 
4 368 387 408 388 
4 408 427 448 428 
4 448 467 488 468 
4 488 507 528 508 
4 528 547 568 548 
4 568 587 608 588 
4 608 627 648 628 
4 648 667 688 668 
4 688 707 728 708 
4 728 747 768 748 
4 768 787 808 788 
4 8 28 49 29 
4 49 68 89 69 
4 89 108 129 109 
4 129 148 169 149 
4 169 188 209 189 
4 209 228 249 229 
4 249 268 289 269 
4 289 308 329 309 
4 329 348 369 349 
4 369 388 409 389 
4 409 428 449 429 
4 449 468 489 469 
4 489 508 529 509 
4 529 548 569 549 
4 569 588 609 589 
4 609 628 649 629 
4 649 668 689 669 
4 689 708 729 709 
4 729 748 769 749 
4 769 788 809 789 
4 9 29 50 30 
4 50 69 90 70 
4 90 109 130 110 
4 130 149 170 150 
4 170 189 210 190 
4 210 229 250 230 
4 250 269 290 270 
4 290 309 330 310 
4 330 349 370 350 
4 370 389 410 390 
4 410 429 450 430 
4 450 469 490 470 
4 490 509 530 510 
4 530 549 570 550 
4 570 589 610 590 
4 610 629 650 630 
4 650 669 690 670 
4 690 709 730 710 
4 730 749 770 750 
4 770 789 810 790 
4 10 30 51 31 
4 51 70 91 71 
4 91 110 131 111 
4 131 150 171 151 
4 171 190 211 191 
4 211 230 251 231 
4 251 270 291 271 
4 291 310 331 311 
4 331 350 371 351 
4 371 390 411 391 
4 411 430 451 431 
4 451 470 491 471 
4 491 510 531 511 
4 531 550 571 551 
4 571 590 611 591 
4 611 630 651 631 
4 651 670 691 671 
4 691 710 731 711 
4 731 750 771 751 
4 771 790 811 791 
4 11 31 52 32 
4 52 71 92 72 
4 92 111 132 112 
4 132 151 172 152 
4 172 191 212 192 
4 212 231 252 232 
4 252 271 292 272 
4 292 311 332 312 
4 332 351 372 352 
4 372 391 412 392 
4 412 431 452 432 
4 452 471 492 472 
4 492 511 532 512 
4 532 551 572 552 
4 572 591 612 592 
4 612 631 652 632 
4 652 671 692 672 
4 692 711 732 712 
4 732 751 772 752 
4 772 791 812 792 
4 12 32 53 33 
4 53 72 93 73 
4 93 112 133 113 
4 133 152 173 153 
4 173 192 213 193 
4 213 232 253 233 
4 253 272 293 273 
4 293 312 333 313 
4 333 352 373 353 
4 373 392 413 393 
4 413 432 453 433 
4 453 472 493 473 
4 493 512 533 513 
4 533 552 573 553 
4 573 592 613 593 
4 613 632 653 633 
4 653 672 693 673 
4 693 712 733 713 
4 733 752 773 753 
4 773 792 813 793 
4 13 33 54 34 
4 54 73 94 74 
4 94 113 134 114 
4 134 153 174 154 
4 174 193 214 194 
4 214 233 254 234 
4 254 273 294 274 
4 294 313 334 314 
4 334 353 374 354 
4 374 393 414 394 
4 414 433 454 434 
4 454 473 494 474 
4 494 513 534 514 
4 534 553 574 554 
4 574 593 614 594 
4 614 633 654 634 
4 654 673 694 674 
4 694 713 734 714 
4 734 753 774 754 
4 774 793 814 794 
4 14 34 55 35 
4 55 74 95 75 
4 95 114 135 115 
4 135 154 175 155 
4 175 194 215 195 
4 215 234 255 235 
4 255 274 295 275 
4 295 314 335 315 
4 335 354 375 355 
4 375 394 415 395 
4 415 434 455 435 
4 455 474 495 475 
4 495 514 535 515 
4 535 554 575 555 
4 575 594 615 595 
4 615 634 655 635 
4 655 674 695 675 
4 695 714 735 715 
4 735 754 775 755 
4 775 794 815 795 
4 15 35 56 36 
4 56 75 96 76 
4 96 115 136 116 
4 136 155 176 156 
4 176 195 216 196 
4 216 235 256 236 
4 256 275 296 276 
4 296 315 336 316 
4 336 355 376 356 
4 376 395 416 396 
4 416 435 456 436 
4 456 475 496 476 
4 496 515 536 516 
4 536 555 576 556 
4 576 595 616 596 
4 616 635 656 636 
4 656 675 696 676 
4 696 715 736 716 
4 736 755 776 756 
4 776 795 816 796 
4 16 36 57 37 
4 57 76 97 77 
4 97 116 137 117 
4 137 156 177 157 
4 177 196 217 197 
4 217 236 257 237 
4 257 276 297 277 
4 297 316 337 317 
4 337 356 377 357 
4 377 396 417 397 
4 417 436 457 437 
4 457 476 497 477 
4 497 516 537 517 
4 537 556 577 557 
4 577 596 617 597 
4 617 636 657 637 
4 657 676 697 677 
4 697 716 737 717 
4 737 756 777 757 
4 777 796 817 797 
4 17 37 58 38 
4 58 77 98 78 
4 98 117 138 118 
4 138 157 178 158 
4 178 197 218 198 
4 218 237 258 238 
4 258 277 298 278 
4 298 317 338 318 
4 338 357 378 358 
4 378 397 418 398 
4 418 437 458 438 
4 458 477 498 478 
4 498 517 538 518 
4 538 557 578 558 
4 578 597 618 598 
4 618 637 658 638 
4 658 677 698 678 
4 698 717 738 718 
4 738 757 778 758 
4 778 797 818 798 
4 18 38 59 39 
4 59 78 99 79 
4 99 118 139 119 
4 139 158 179 159 
4 179 198 219 199 
4 219 238 259 239 
4 259 278 299 279 
4 299 318 339 319 
4 339 358 379 359 
4 379 398 419 399 
4 419 438 459 439 
4 459 478 499 479 
4 499 518 539 519 
4 539 558 579 559 
4 579 598 619 599 
4 619 638 659 639 
4 659 678 699 679 
4 699 718 739 719 
4 739 758 779 759 
4 779 798 819 799 
4 19 39 60 40 
4 60 79 100 80 
4 100 119 140 120 
4 140 159 180 160 
4 180 199 220 200 
4 220 239 260 240 
4 260 279 300 280 
4 300 319 340 320 
4 340 359 380 360 
4 380 399 420 400 
4 420 439 460 440 
4 460 479 500 480 
4 500 519 540 520 
4 540 559 580 560 
4 580 599 620 600 
4 620 639 660 640 
4 660 679 700 680 
4 700 719 740 720 
4 740 759 780 760 
4 780 799 820 800 
4 20 40 61 41 
4 61 80 101 81 
4 101 120 141 121 
4 141 160 181 161 
4 181 200 221 201 
4 221 240 261 241 
4 261 280 301 281 
4 301 320 341 321 
4 341 360 381 361 
4 381 400 421 401 
4 421 440 461 441 
4 461 480 501 481 
4 501 520 541 521 
4 541 560 581 561 
4 581 600 621 601 
4 621 640 661 641 
4 661 680 701 681 
4 701 720 741 721 
4 741 760 781 761 
4 781 800 821 801 
4 22 42 62 43 
4 62 82 102 83 
4 102 122 142 123 
4 142 162 182 163 
4 182 202 222 203 
4 222 242 262 243 
4 262 282 302 283 
4 302 322 342 323 
4 342 362 382 363 
4 382 402 422 403 
4 422 442 462 443 
4 462 482 502 483 
4 502 522 542 523 
4 542 562 582 563 
4 582 602 622 603 
4 622 642 662 643 
4 662 682 702 683 
4 702 722 742 723 
4 742 762 782 763 
4 23 43 63 44 
4 63 83 103 84 
4 103 123 143 124 
4 143 163 183 164 
4 183 203 223 204 
4 223 243 263 244 
4 263 283 303 284 
4 303 323 343 324 
4 343 363 383 364 
4 383 403 423 404 
4 423 443 463 444 
4 463 483 503 484 
4 503 523 543 524 
4 543 563 583 564 
4 583 603 623 604 
4 623 643 663 644 
4 663 683 703 684 
4 703 723 743 724 
4 743 763 783 764 
4 24 44 64 45 
4 64 84 104 85 
4 104 124 144 125 
4 144 164 184 165 
4 184 204 224 205 
4 224 244 264 245 
4 264 284 304 285 
4 304 324 344 325 
4 344 364 384 365 
4 384 404 424 405 
4 424 444 464 445 
4 464 484 504 485 
4 504 524 544 525 
4 544 564 584 565 
4 584 604 624 605 
4 624 644 664 645 
4 664 684 704 685 
4 704 724 744 725 
4 744 764 784 765 
4 25 45 65 46 
4 65 85 105 86 
4 105 125 145 126 
4 145 165 185 166 
4 185 205 225 206 
4 225 245 265 246 
4 265 285 305 286 
4 305 325 345 326 
4 345 365 385 366 
4 385 405 425 406 
4 425 445 465 446 
4 465 485 505 486 
4 505 525 545 526 
4 545 565 585 566 
4 585 605 625 606 
4 625 645 665 646 
4 665 685 705 686 
4 705 725 745 726 
4 745 765 785 766 
4 26 46 66 47 
4 66 86 106 87 
4 106 126 146 127 
4 146 166 186 167 
4 186 206 226 207 
4 226 246 266 247 
4 266 286 306 287 
4 306 326 346 327 
4 346 366 386 367 
4 386 406 426 407 
4 426 446 466 447 
4 466 486 506 487 
4 506 526 546 527 
4 546 566 586 567 
4 586 606 626 607 
4 626 646 666 647 
4 666 686 706 687 
4 706 726 746 727 
4 746 766 786 767 
4 27 47 67 48 
4 67 87 107 88 
4 107 127 147 128 
4 147 167 187 168 
4 187 207 227 208 
4 227 247 267 248 
4 267 287 307 288 
4 307 327 347 328 
4 347 367 387 368 
4 387 407 427 408 
4 427 447 467 448 
4 467 487 507 488 
4 507 527 547 528 
4 547 567 587 568 
4 587 607 627 608 
4 627 647 667 648 
4 667 687 707 688 
4 707 727 747 728 
4 747 767 787 768 
4 28 48 68 49 
4 68 88 108 89 
4 108 128 148 129 
4 148 168 188 169 
4 188 208 228 209 
4 228 248 268 249 
4 268 288 308 289 
4 308 328 348 329 
4 348 368 388 369 
4 388 408 428 409 
4 428 448 468 449 
4 468 488 508 489 
4 508 528 548 529 
4 548 568 588 569 
4 588 608 628 609 
4 628 648 668 649 
4 668 688 708 689 
4 708 728 748 729 
4 748 768 788 769 
4 29 49 69 50 
4 69 89 109 90 
4 109 129 149 130 
4 149 169 189 170 
4 189 209 229 210 
4 229 249 269 250 
4 269 289 309 290 
4 309 329 349 330 
4 349 369 389 370 
4 389 409 429 410 
4 429 449 469 450 
4 469 489 509 490 
4 509 529 549 530 
4 549 569 589 570 
4 589 609 629 610 
4 629 649 669 650 
4 669 689 709 690 
4 709 729 749 730 
4 749 769 789 770 
4 30 50 70 51 
4 70 90 110 91 
4 110 130 150 131 
4 150 170 190 171 
4 190 210 230 211 
4 230 250 270 251 
4 270 290 310 291 
4 310 330 350 331 
4 350 370 390 371 
4 390 410 430 411 
4 430 450 470 451 
4 470 490 510 491 
4 510 530 550 531 
4 550 570 590 571 
4 590 610 630 611 
4 630 650 670 651 
4 670 690 710 691 
4 710 730 750 731 
4 750 770 790 771 
4 31 51 71 52 
4 71 91 111 92 
4 111 131 151 132 
4 151 171 191 172 
4 191 211 231 212 
4 231 251 271 252 
4 271 291 311 292 
4 311 331 351 332 
4 351 371 391 372 
4 391 411 431 412 
4 431 451 471 452 
4 471 491 511 492 
4 511 531 551 532 
4 551 571 591 572 
4 591 611 631 612 
4 631 651 671 652 
4 671 691 711 692 
4 711 731 751 732 
4 751 771 791 772 
4 32 52 72 53 
4 72 92 112 93 
4 112 132 152 133 
4 152 172 192 173 
4 192 212 232 213 
4 232 252 272 253 
4 272 292 312 293 
4 312 332 352 333 
4 352 372 392 373 
4 392 412 432 413 
4 432 452 472 453 
4 472 492 512 493 
4 512 532 552 533 
4 552 572 592 573 
4 592 612 632 613 
4 632 652 672 653 
4 672 692 712 693 
4 712 732 752 733 
4 752 772 792 773 
4 33 53 73 54 
4 73 93 113 94 
4 113 133 153 134 
4 153 173 193 174 
4 193 213 233 214 
4 233 253 273 254 
4 273 293 313 294 
4 313 333 353 334 
4 353 373 393 374 
4 393 413 433 414 
4 433 453 473 454 
4 473 493 513 494 
4 513 533 553 534 
4 553 573 593 574 
4 593 613 633 614 
4 633 653 673 654 
4 673 693 713 694 
4 713 733 753 734 
4 753 773 793 774 
4 34 54 74 55 
4 74 94 114 95 
4 114 134 154 135 
4 154 174 194 175 
4 194 214 234 215 
4 234 254 274 255 
4 274 294 314 295 
4 314 334 354 335 
4 354 374 394 375 
4 394 414 434 415 
4 434 454 474 455 
4 474 494 514 495 
4 514 534 554 535 
4 554 574 594 575 
4 594 614 634 615 
4 634 654 674 655 
4 674 694 714 695 
4 714 734 754 735 
4 754 774 794 775 
4 35 55 75 56 
4 75 95 115 96 
4 115 135 155 136 
4 155 175 195 176 
4 195 215 235 216 
4 235 255 275 256 
4 275 295 315 296 
4 315 335 355 336 
4 355 375 395 376 
4 395 415 435 416 
4 435 455 475 456 
4 475 495 515 496 
4 515 535 555 536 
4 555 575 595 576 
4 595 615 635 616 
4 635 655 675 656 
4 675 695 715 696 
4 715 735 755 736 
4 755 775 795 776 
4 36 56 76 57 
4 76 96 116 97 
4 116 136 156 137 
4 156 176 196 177 
4 196 216 236 217 
4 236 256 276 257 
4 276 296 316 297 
4 316 336 356 337 
4 356 376 396 377 
4 396 416 436 417 
4 436 456 476 457 
4 476 496 516 497 
4 516 536 556 537 
4 556 576 596 577 
4 596 616 636 617 
4 636 656 676 657 
4 676 696 716 697 
4 716 736 756 737 
4 756 776 796 777 
4 37 57 77 58 
4 77 97 117 98 
4 117 137 157 138 
4 157 177 197 178 
4 197 217 237 218 
4 237 257 277 258 
4 277 297 317 298 
4 317 337 357 338 
4 357 377 397 378 
4 397 417 437 418 
4 437 457 477 458 
4 477 497 517 498 
4 517 537 557 538 
4 557 577 597 578 
4 597 617 637 618 
4 637 657 677 658 
4 677 697 717 698 
4 717 737 757 738 
4 757 777 797 778 
4 38 58 78 59 
4 78 98 118 99 
4 118 138 158 139 
4 158 178 198 179 
4 198 218 238 219 
4 238 258 278 259 
4 278 298 318 299 
4 318 338 358 339 
4 358 378 398 379 
4 398 418 438 419 
4 438 458 478 459 
4 478 498 518 499 
4 518 538 558 539 
4 558 578 598 579 
4 598 618 638 619 
4 638 658 678 659 
4 678 698 718 699 
4 718 738 758 739 
4 758 778 798 779 
4 39 59 79 60 
4 79 99 119 100 
4 119 139 159 140 
4 159 179 199 180 
4 199 219 239 220 
4 239 259 279 260 
4 279 299 319 300 
4 319 339 359 340 
4 359 379 399 380 
4 399 419 439 420 
4 439 459 479 460 
4 479 499 519 500 
4 519 539 559 540 
4 559 579 599 580 
4 599 619 639 620 
4 639 659 679 660 
4 679 699 719 700 
4 719 739 759 740 
4 759 779 799 780 
4 40 60 80 61 
4 80 100 120 101 
4 120 140 160 141 
4 160 180 200 181 
4 200 220 240 221 
4 240 260 280 261 
4 280 300 320 301 
4 320 340 360 341 
4 360 380 400 381 
4 400 420 440 421 
4 440 460 480 461 
4 480 500 520 501 
4 520 540 560 541 
4 560 580 600 581 
4 600 620 640 621 
4 640 660 680 661 
4 680 700 720 701 
4 720 740 760 741 
4 760 780 800 781 
3 41 61 81 
3 81 101 121 
3 121 141 161 
3 161 181 201 
3 201 221 241 
3 241 261 281 
3 281 301 321 
3 321 341 361 
3 361 381 401 
3 401 421 441 
3 441 461 481 
3 481 501 521 
3 521 541 561 
3 561 581 601 
3 601 621 641 
3 641 661 681 
3 681 701 721 
3 721 741 761 
3 761 781 801 
3 821 822 801 
3 820 821 800 
3 819 820 799 
3 818 819 798 
3 817 818 797 
3 816 817 796 
3 815 816 795 
3 814 815 794 
3 813 814 793 
3 812 813 792 
3 811 812 791 
3 810 811 790 
3 809 810 789 
3 808 809 788 
3 807 808 787 
3 806 807 786 
3 805 806 785 
3 804 805 784 
3 803 804 783 
3 802 803 782 
# indices of nodes located on the boundary
1 2 3 4 5 6 7 8 9 10 11 12 13 14 15 16 17 18 19 20 21 41 42 81 82 121 122 161 162 201 202 241 242 281 282 321 322 361 362 401 402 441 442 481 482 521 522 561 562 601 602 641 642 681 682 721 722 761 762 801 802 803 804 805 806 807 808 809 810 811 812 813 814 815 816 817 818 819 820 821 822 
