# domain type
Polygonal
# nodal coordinates: number of nodes followed by the coordinates
80
0.0000000000000000 0.0000000000000000
0.0000000000000000 0.1666666666666667
0.0000000000000000 0.3333333333333333
0.0000000000000000 0.5000000000000000
0.0000000000000000 0.6666666666666666
0.0000000000000000 0.8333333333333334
0.0000000000000000 1.0000000000000000
0.0833333333333333 0.1666666666666667
0.0833333333333333 0.3333333333333333
0.0833333333333333 0.5000000000000000
0.0833333333333333 0.6666666666666666
0.0833333333333333 0.8333333333333334
0.0833333333333333 1.0000000000000000
0.1666666666666667 0.0000000000000000
0.1666666666666667 0.1666666666666667
0.1666666666666667 0.3333333333333333
0.1666666666666667 0.5000000000000000
0.1666666666666667 0.6666666666666666
0.1666666666666667 0.8333333333333334
0.2500000000000000 0.1666666666666667
0.2500000000000000 0.3333333333333333
0.2500000000000000 0.5000000000000000
0.2500000000000000 0.6666666666666666
0.2500000000000000 0.8333333333333334
0.2500000000000000 1.0000000000000000
0.3333333333333333 0.0000000000000000
0.3333333333333333 0.1666666666666667
0.3333333333333333 0.3333333333333333
0.3333333333333333 0.5000000000000000
0.3333333333333333 0.6666666666666666
0.3333333333333333 0.8333333333333334
0.4166666666666667 0.1666666666666667
0.4166666666666667 0.3333333333333333
0.4166666666666667 0.5000000000000000
0.4166666666666667 0.6666666666666666
0.4166666666666667 0.8333333333333334
0.4166666666666667 1.0000000000000000
0.5000000000000000 0.0000000000000000
0.5000000000000000 0.1666666666666667
0.5000000000000000 0.3333333333333333
0.5000000000000000 0.5000000000000000
0.5000000000000000 0.6666666666666666
0.5000000000000000 0.8333333333333334
0.5833333333333334 0.1666666666666667
0.5833333333333334 0.3333333333333333
0.5833333333333334 0.5000000000000000
0.5833333333333334 0.6666666666666666
0.5833333333333334 0.8333333333333334
0.5833333333333334 1.0000000000000000
0.6666666666666666 0.0000000000000000
0.6666666666666666 0.1666666666666667
0.6666666666666666 0.3333333333333333
0.6666666666666666 0.5000000000000000
0.6666666666666666 0.6666666666666666
0.6666666666666666 0.8333333333333334
0.7500000000000000 0.1666666666666667
0.7500000000000000 0.3333333333333333
0.7500000000000000 0.5000000000000000
0.7500000000000000 0.6666666666666666
0.7500000000000000 0.8333333333333334
0.7500000000000000 1.0000000000000000
0.8333333333333334 0.0000000000000000
0.8333333333333334 0.1666666666666667
0.8333333333333334 0.3333333333333333
0.8333333333333334 0.5000000000000000
0.8333333333333334 0.6666666666666666
0.8333333333333334 0.8333333333333334
0.9166666666666666 0.1666666666666667
0.9166666666666666 0.3333333333333333
0.9166666666666666 0.5000000000000000
0.9166666666666666 0.6666666666666666
0.9166666666666666 0.8333333333333334
0.9166666666666666 1.0000000000000000
1.0000000000000000 0.0000000000000000
1.0000000000000000 0.1666666666666667
1.0000000000000000 0.3333333333333333
1.0000000000000000 0.5000000000000000
1.0000000000000000 0.6666666666666666
1.0000000000000000 0.8333333333333334
1.0000000000000000 1.0000000000000000
# element connectivity: number of elements followed by the connectivity
78
3 1 8 2 
3 2 9 3 
3 3 10 4 
3 4 11 5 
3 5 12 6 
3 6 13 7 
3 1 14 8 
3 14 26 20 
3 26 38 32 
3 38 50 44 
3 50 62 56 
3 62 74 68 
4 2 8 15 9 
4 15 20 27 21 
4 27 32 39 33 
4 39 44 51 45 
4 51 56 63 57 
4 63 68 75 69 
4 3 9 16 10 
4 16 21 28 22 
4 28 33 40 34 
4 40 45 52 46 
4 52 57 64 58 
4 64 69 76 70 
4 4 10 17 11 
4 17 22 29 23 
4 29 34 41 35 
4 41 46 53 47 
4 53 58 65 59 
4 65 70 77 71 
4 5 11 18 12 
4 18 23 30 24 
4 30 35 42 36 
4 42 47 54 48 
4 54 59 66 60 
4 66 71 78 72 
4 6 12 19 13 
4 19 24 31 25 
4 31 36 43 37 
4 43 48 55 49 
4 55 60 67 61 
4 67 72 79 73 
4 8 14 20 15 
4 20 26 32 27 
4 32 38 44 39 
4 44 50 56 51 
4 56 62 68 63 
4 9 15 21 16 
4 21 27 33 28 
4 33 39 45 40 
4 45 51 57 52 
4 57 63 69 64 
4 10 16 22 17 
4 22 28 34 29 
4 34 40 46 41 
4 46 52 58 53 
4 58 64 70 65 
4 11 17 23 18 
4 23 29 35 30 
4 35 41 47 42 
4 47 53 59 54 
4 59 65 71 66 
4 12 18 24 19 
4 24 30 36 31 
4 36 42 48 43 
4 48 54 60 55 
4 60 66 72 67 
3 13 19 25 
3 25 31 37 
3 37 43 49 
3 49 55 61 
3 61 67 73 
3 79 80 73 
3 78 79 72 
3 77 78 71 
3 76 77 70 
3 75 76 69 
3 74 75 68 
# indices of nodes located on the boundary
1 2 3 4 5 6 7 13 14 25 26 37 38 49 50 61 62 73 74 75 76 77 78 79 80 
