# domain type
Polygonal
# nodal coordinates: number of nodes followed by the coordinates
212
0.0000000000000000 0.0000000000000000
0.0000000000000000 0.1000000000000000
0.0000000000000000 0.2000000000000000
0.0000000000000000 0.3000000000000000
0.0000000000000000 0.4000000000000000
0.0000000000000000 0.5000000000000000
0.0000000000000000 0.6000000000000000
0.0000000000000000 0.7000000000000000
0.0000000000000000 0.8000000000000000
0.0000000000000000 0.9000000000000000
0.0000000000000000 1.0000000000000000
0.0500000000000000 0.1000000000000000
0.0500000000000000 0.2000000000000000
0.0500000000000000 0.3000000000000000
0.0500000000000000 0.4000000000000000
0.0500000000000000 0.5000000000000000
0.0500000000000000 0.6000000000000000
0.0500000000000000 0.7000000000000000
0.0500000000000000 0.8000000000000000
0.0500000000000000 0.9000000000000000
0.0500000000000000 1.0000000000000000
0.1000000000000000 0.0000000000000000
0.1000000000000000 0.1000000000000000
0.1000000000000000 0.2000000000000000
0.1000000000000000 0.3000000000000000
0.1000000000000000 0.4000000000000000
0.1000000000000000 0.5000000000000000
0.1000000000000000 0.6000000000000000
0.1000000000000000 0.7000000000000000
0.1000000000000000 0.8000000000000000
0.1000000000000000 0.9000000000000000
0.1500000000000000 0.1000000000000000
0.1500000000000000 0.2000000000000000
0.1500000000000000 0.3000000000000000
0.1500000000000000 0.4000000000000000
0.1500000000000000 0.5000000000000000
0.1500000000000000 0.6000000000000000
0.1500000000000000 0.7000000000000000
0.1500000000000000 0.8000000000000000
0.1500000000000000 0.9000000000000000
0.1500000000000000 1.0000000000000000
0.2000000000000000 0.0000000000000000
0.2000000000000000 0.1000000000000000
0.2000000000000000 0.2000000000000000
0.2000000000000000 0.3000000000000000
0.2000000000000000 0.4000000000000000
0.2000000000000000 0.5000000000000000
0.2000000000000000 0.6000000000000000
0.2000000000000000 0.7000000000000000
0.2000000000000000 0.8000000000000000
0.2000000000000000 0.9000000000000000
0.2500000000000000 0.1000000000000000
0.2500000000000000 0.2000000000000000
0.2500000000000000 0.3000000000000000
0.2500000000000000 0.4000000000000000
0.2500000000000000 0.5000000000000000
0.2500000000000000 0.6000000000000000
0.2500000000000000 0.7000000000000000
0.2500000000000000 0.8000000000000000
0.2500000000000000 0.9000000000000000
0.2500000000000000 1.0000000000000000
0.3000000000000000 0.0000000000000000
0.3000000000000000 0.1000000000000000
0.3000000000000000 0.2000000000000000
0.3000000000000000 0.3000000000000000
0.3000000000000000 0.4000000000000000
0.3000000000000000 0.5000000000000000
0.3000000000000000 0.6000000000000000
0.3000000000000000 0.7000000000000000
0.3000000000000000 0.8000000000000000
0.3000000000000000 0.9000000000000000
0.3500000000000000 0.1000000000000000
0.3500000000000000 0.2000000000000000
0.3500000000000000 0.3000000000000000
0.3500000000000000 0.4000000000000000
0.3500000000000000 0.5000000000000000
0.3500000000000000 0.6000000000000000
0.3500000000000000 0.7000000000000000
0.3500000000000000 0.8000000000000000
0.3500000000000000 0.9000000000000000
0.3500000000000000 1.0000000000000000
0.4000000000000000 0.0000000000000000
0.4000000000000000 0.1000000000000000
0.4000000000000000 0.2000000000000000
0.4000000000000000 0.3000000000000000
0.4000000000000000 0.4000000000000000
0.4000000000000000 0.5000000000000000
0.4000000000000000 0.6000000000000000
0.4000000000000000 0.7000000000000000
0.4000000000000000 0.8000000000000000
0.4000000000000000 0.9000000000000000
0.4500000000000000 0.1000000000000000
0.4500000000000000 0.2000000000000000
0.4500000000000000 0.3000000000000000
0.4500000000000000 0.4000000000000000
0.4500000000000000 0.5000000000000000
0.4500000000000000 0.6000000000000000
0.4500000000000000 0.7000000000000000
0.4500000000000000 0.8000000000000000
0.4500000000000000 0.9000000000000000
0.4500000000000000 1.0000000000000000
0.5000000000000000 0.0000000000000000
0.5000000000000000 0.1000000000000000
0.5000000000000000 0.2000000000000000
0.5000000000000000 0.3000000000000000
0.5000000000000000 0.4000000000000000
0.5000000000000000 0.5000000000000000
0.5000000000000000 0.6000000000000000
0.5000000000000000 0.7000000000000000
0.5000000000000000 0.8000000000000000
0.5000000000000000 0.9000000000000000
0.5500000000000000 0.1000000000000000
0.5500000000000000 0.2000000000000000
0.5500000000000000 0.3000000000000000
0.5500000000000000 0.4000000000000000
0.5500000000000000 0.5000000000000000
0.5500000000000000 0.6000000000000000
0.5500000000000000 0.7000000000000000
0.5500000000000000 0.8000000000000000
0.5500000000000000 0.9000000000000000
0.5500000000000000 1.0000000000000000
0.6000000000000000 0.0000000000000000
0.6000000000000000 0.1000000000000000
0.6000000000000000 0.2000000000000000
0.6000000000000000 0.3000000000000000
0.6000000000000000 0.4000000000000000
0.6000000000000000 0.5000000000000000
0.6000000000000000 0.6000000000000000
0.6000000000000000 0.7000000000000000
0.6000000000000000 0.8000000000000000
0.6000000000000000 0.9000000000000000
0.6500000000000000 0.1000000000000000
0.6500000000000000 0.2000000000000000
0.6500000000000000 0.3000000000000000
0.6500000000000000 0.4000000000000000
0.6500000000000000 0.5000000000000000
0.6500000000000000 0.6000000000000000
0.6500000000000000 0.7000000000000000
0.6500000000000000 0.8000000000000000
0.6500000000000000 0.9000000000000000
0.6500000000000000 1.0000000000000000
0.7000000000000000 0.0000000000000000
0.7000000000000000 0.1000000000000000
0.7000000000000000 0.2000000000000000
0.7000000000000000 0.3000000000000000
0.7000000000000000 0.4000000000000000
0.7000000000000000 0.5000000000000000
0.7000000000000000 0.6000000000000000
0.7000000000000000 0.7000000000000000
0.7000000000000000 0.8000000000000000
0.7000000000000000 0.9000000000000000
0.7500000000000000 0.1000000000000000
0.7500000000000000 0.2000000000000000
0.7500000000000000 0.3000000000000000
0.7500000000000000 0.4000000000000000
0.7500000000000000 0.5000000000000000
0.7500000000000000 0.6000000000000000
0.7500000000000000 0.7000000000000000
0.7500000000000000 0.8000000000000000
0.7500000000000000 0.9000000000000000
0.7500000000000000 1.0000000000000000
0.8000000000000000 0.0000000000000000
0.8000000000000000 0.1000000000000000
0.8000000000000000 0.2000000000000000
0.8000000000000000 0.3000000000000000
0.8000000000000000 0.4000000000000000
0.8000000000000000 0.5000000000000000
0.8000000000000000 0.6000000000000000
0.8000000000000000 0.7000000000000000
0.8000000000000000 0.8000000000000000
0.8000000000000000 0.9000000000000000
0.8500000000000000 0.1000000000000000
0.8500000000000000 0.2000000000000000
0.8500000000000000 0.3000000000000000
0.8500000000000000 0.4000000000000000
0.8500000000000000 0.5000000000000000
0.8500000000000000 0.6000000000000000
0.8500000000000000 0.7000000000000000
0.8500000000000000 0.8000000000000000
0.8500000000000000 0.9000000000000000
0.8500000000000000 1.0000000000000000
0.9000000000000000 0.0000000000000000
0.9000000000000000 0.1000000000000000
0.9000000000000000 0.2000000000000000
0.9000000000000000 0.3000000000000000
0.9000000000000000 0.4000000000000000
0.9000000000000000 0.5000000000000000
0.9000000000000000 0.6000000000000000
0.9000000000000000 0.7000000000000000
0.9000000000000000 0.8000000000000000
0.9000000000000000 0.9000000000000000
0.9500000000000000 0.1000000000000000
0.9500000000000000 0.2000000000000000
0.9500000000000000 0.3000000000000000
0.9500000000000000 0.4000000000000000
0.9500000000000000 0.5000000000000000
0.9500000000000000 0.6000000000000000
0.9500000000000000 0.7000000000000000
0.9500000000000000 0.8000000000000000
0.9500000000000000 0.9000000000000000
0.9500000000000000 1.0000000000000000
1.0000000000000000 0.0000000000000000
1.0000000000000000 0.1000000000000000
1.0000000000000000 0.2000000000000000
1.0000000000000000 0.3000000000000000
1.0000000000000000 0.4000000000000000
1.0000000000000000 0.5000000000000000
1.0000000000000000 0.6000000000000000
1.0000000000000000 0.7000000000000000
1.0000000000000000 0.8000000000000000
1.0000000000000000 0.9000000000000000
1.0000000000000000 1.0000000000000000
# element connectivity: number of elements followed by the connectivity
210
3 1 12 2 
3 2 13 3 
3 3 14 4 
3 4 15 5 
3 5 16 6 
3 6 17 7 
3 7 18 8 
3 8 19 9 
3 9 20 10 
3 10 21 11 
3 1 22 12 
3 22 42 32 
3 42 62 52 
3 62 82 72 
3 82 102 92 
3 102 122 112 
3 122 142 132 
3 142 162 152 
3 162 182 172 
3 182 202 192 
4 2 12 23 13 
4 23 32 43 33 
4 43 52 63 53 
4 63 72 83 73 
4 83 92 103 93 
4 103 112 123 113 
4 123 132 143 133 
4 143 152 163 153 
4 163 172 183 173 
4 183 192 203 193 
4 3 13 24 14 
4 24 33 44 34 
4 44 53 64 54 
4 64 73 84 74 
4 84 93 104 94 
4 104 113 124 114 
4 124 133 144 134 
4 144 153 164 154 
4 164 173 184 174 
4 184 193 204 194 
4 4 14 25 15 
4 25 34 45 35 
4 45 54 65 55 
4 65 74 85 75 
4 85 94 105 95 
4 105 114 125 115 
4 125 134 145 135 
4 145 154 165 155 
4 165 174 185 175 
4 185 194 205 195 
4 5 15 26 16 
4 26 35 46 36 
4 46 55 66 56 
4 66 75 86 76 
4 86 95 106 96 
4 106 115 126 116 
4 126 135 146 136 
4 146 155 166 156 
4 166 175 186 176 
4 186 195 206 196 
4 6 16 27 17 
4 27 36 47 37 
4 47 56 67 57 
4 67 76 87 77 
4 87 96 107 97 
4 107 116 127 117 
4 127 136 147 137 
4 147 156 167 157 
4 167 176 187 177 
4 187 196 207 197 
4 7 17 28 18 
4 28 37 48 38 
4 48 57 68 58 
4 68 77 88 78 
4 88 97 108 98 
4 108 117 128 118 
4 128 137 148 138 
4 148 157 168 158 
4 168 177 188 178 
4 188 197 208 198 
4 8 18 29 19 
4 29 38 49 39 
4 49 58 69 59 
4 69 78 89 79 
4 89 98 109 99 
4 109 118 129 119 
4 129 138 149 139 
4 149 158 169 159 
4 169 178 189 179 
4 189 198 209 199 
4 9 19 30 20 
4 30 39 50 40 
4 50 59 70 60 
4 70 79 90 80 
4 90 99 110 100 
4 110 119 130 120 
4 130 139 150 140 
4 150 159 170 160 
4 170 179 190 180 
4 190 199 210 200 
4 10 20 31 21 
4 31 40 51 41 
4 51 60 71 61 
4 71 80 91 81 
4 91 100 111 101 
4 111 120 131 121 
4 131 140 151 141 
4 151 160 171 161 
4 171 180 191 181 
4 191 200 211 201 
4 12 22 32 23 
4 32 42 52 43 
4 52 62 72 63 
4 72 82 92 83 
4 92 102 112 103 
4 112 122 132 123 
4 132 142 152 143 
4 152 162 172 163 
4 172 182 192 183 
4 13 23 33 24 
4 33 43 53 44 
4 53 63 73 64 
4 73 83 93 84 
4 93 103 113 104 
4 113 123 133 124 
4 133 143 153 144 
4 153 163 173 164 
4 173 183 193 184 
4 14 24 34 25 
4 34 44 54 45 
4 54 64 74 65 
4 74 84 94 85 
4 94 104 114 105 
4 114 124 134 125 
4 134 144 154 145 
4 154 164 174 165 
4 174 184 194 185 
4 15 25 35 26 
4 35 45 55 46 
4 55 65 75 66 
4 75 85 95 86 
4 95 105 115 106 
4 115 125 135 126 
4 135 145 155 146 
4 155 165 175 166 
4 175 185 195 186 
4 16 26 36 27 
4 36 46 56 47 
4 56 66 76 67 
4 76 86 96 87 
4 96 106 116 107 
4 116 126 136 127 
4 136 146 156 147 
4 156 166 176 167 
4 176 186 196 187 
4 17 27 37 28 
4 37 47 57 48 
4 57 67 77 68 
4 77 87 97 88 
4 97 107 117 108 
4 117 127 137 128 
4 137 147 157 148 
4 157 167 177 168 
4 177 187 197 188 
4 18 28 38 29 
4 38 48 58 49 
4 58 68 78 69 
4 78 88 98 89 
4 98 108 118 109 
4 118 128 138 129 
4 138 148 158 149 
4 158 168 178 169 
4 178 188 198 189 
4 19 29 39 30 
4 39 49 59 50 
4 59 69 79 70 
4 79 89 99 90 
4 99 109 119 110 
4 119 129 139 130 
4 139 149 159 150 
4 159 169 179 170 
4 179 189 199 190 
4 20 30 40 31 
4 40 50 60 51 
4 60 70 80 71 
4 80 90 100 91 
4 100 110 120 111 
4 120 130 140 131 
4 140 150 160 151 
4 160 170 180 171 
4 180 190 200 191 
3 21 31 41 
3 41 51 61 
3 61 71 81 
3 81 91 101 
3 101 111 121 
3 121 131 141 
3 141 151 161 
3 161 171 181 
3 181 191 201 
3 211 212 201 
3 210 211 200 
3 209 210 199 
3 208 209 198 
3 207 208 197 
3 206 207 196 
3 205 206 195 
3 204 205 194 
3 203 204 193 
3 202 203 192 
# indices of nodes located on the boundary
1 2 3 4 5 6 7 8 9 10 11 21 22 41 42 61 62 81 82 101 102 121 122 141 142 161 162 181 182 201 202 203 204 205 206 207 208 209 210 211 212 
