# domain type
Polygonal
# nodal coordinates: number of nodes followed by the coordinates
57
0.0000000000000000 0.0000000000000000
0.0000000000000000 0.2000000000000000
0.0000000000000000 0.4000000000000000
0.0000000000000000 0.6000000000000000
0.0000000000000000 0.8000000000000000
0.0000000000000000 1.0000000000000000
0.1000000000000000 0.2000000000000000
0.1000000000000000 0.4000000000000000
0.1000000000000000 0.6000000000000000
0.1000000000000000 0.8000000000000000
0.1000000000000000 1.0000000000000000
0.2000000000000000 0.0000000000000000
0.2000000000000000 0.2000000000000000
0.2000000000000000 0.4000000000000000
0.2000000000000000 0.6000000000000000
0.2000000000000000 0.8000000000000000
0.3000000000000000 0.2000000000000000
0.3000000000000000 0.4000000000000000
0.3000000000000000 0.6000000000000000
0.3000000000000000 0.8000000000000000
0.3000000000000000 1.0000000000000000
0.4000000000000000 0.0000000000000000
0.4000000000000000 0.2000000000000000
0.4000000000000000 0.4000000000000000
0.4000000000000000 0.6000000000000000
0.4000000000000000 0.8000000000000000
0.5000000000000000 0.2000000000000000
0.5000000000000000 0.4000000000000000
0.5000000000000000 0.6000000000000000
0.5000000000000000 0.8000000000000000
0.5000000000000000 1.0000000000000000
0.6000000000000000 0.0000000000000000
0.6000000000000000 0.2000000000000000
0.6000000000000000 0.4000000000000000
0.6000000000000000 0.6000000000000000
0.6000000000000000 0.8000000000000000
0.7000000000000000 0.2000000000000000
0.7000000000000000 0.4000000000000000
0.7000000000000000 0.6000000000000000
0.7000000000000000 0.8000000000000000
0.7000000000000000 1.0000000000000000
0.8000000000000000 0.0000000000000000
0.8000000000000000 0.2000000000000000
0.8000000000000000 0.4000000000000000
0.8000000000000000 0.6000000000000000
0.8000000000000000 0.8000000000000000
0.9000000000000000 0.2000000000000000
0.9000000000000000 0.4000000000000000
0.9000000000000000 0.6000000000000000
0.9000000000000000 0.8000000000000000
0.9000000000000000 1.0000000000000000
1.0000000000000000 0.0000000000000000
1.0000000000000000 0.2000000000000000
1.0000000000000000 0.4000000000000000
1.0000000000000000 0.6000000000000000
1.0000000000000000 0.8000000000000000
1.0000000000000000 1.0000000000000000
# element connectivity: number of elements followed by the connectivity
55
3 1 7 2 
3 2 8 3 
3 3 9 4 
3 4 10 5 
3 5 11 6 
3 1 12 7 
3 12 22 17 
3 22 32 27 
3 32 42 37 
3 42 52 47 
4 2 7 13 8 
4 13 17 23 18 
4 23 27 33 28 
4 33 37 43 38 
4 43 47 53 48 
4 3 8 14 9 
4 14 18 24 19 
4 24 28 34 29 
4 34 38 44 39 
4 44 48 54 49 
4 4 9 15 10 
4 15 19 25 20 
4 25 29 35 30 
4 35 39 45 40 
4 45 49 55 50 
4 5 10 16 11 
4 16 20 26 21 
4 26 30 36 31 
4 36 40 46 41 
4 46 50 56 51 
4 7 12 17 13 
4 17 22 27 23 
4 27 32 37 33 
4 37 42 47 43 
4 8 13 18 14 
4 18 23 28 24 
4 28 33 38 34 
4 38 43 48 44 
4 9 14 19 15 
4 19 24 29 25 
4 29 34 39 35 
4 39 44 49 45 
4 10 15 20 16 
4 20 25 30 26 
4 30 35 40 36 
4 40 45 50 46 
3 11 16 21 
3 21 26 31 
3 31 36 41 
3 41 46 51 
3 56 57 51 
3 55 56 50 
3 54 55 49 
3 53 54 48 
3 52 53 47 
# indices of nodes located on the boundary
1 2 3 4 5 6 11 12 21 22 31 32 41 42 51 52 53 54 55 56 57 
